date,open,close,high,low,volume,code,ret_0_1_d,ret_0_5_d,ret_0_21_d,ret_0_62_d,ret_0_123_d,ret_0_246_d,ma5,ma21,ma62,ma123,ma246
2006-11-24,4.2360000000000015,4.048,4.327,4.02,364593.37,002083,,,,,,,,,,,
2006-11-27,3.938,3.915,3.979,3.856,100673.41,002083,-0.03286,,,,,,,,,,
2006-11-28,3.892,3.961,3.975,3.86,81128.44,002083,0.01175,,,,,,3.9746699999999997,,,,
2006-11-29,3.938,4.03,4.075,3.892,104992.01,002083,0.017419999999999998,,,,,,3.9885,,,,
2006-11-30,4.03,4.016,4.057,3.984,70372.56,002083,-0.0034700000000000004,,,,,,3.9939999999999998,,,,
2006-12-01,4.011,3.979,4.016,3.938,57193.77,002083,-0.00921,-0.01705,,,,,3.9802,,,,
2006-12-04,3.975,3.993,4.048,3.938,45724.35,002083,0.00352,0.01992,,,,,3.9958,,,,
2006-12-05,3.984,4.034,4.039,3.952,68858.5,002083,0.01027,0.018430000000000002,,,,,4.0104,,,,
2006-12-06,4.034,4.135,4.194,3.965,111427.79,002083,0.02504,0.02605,,,,,4.0314,,,,
2006-12-07,4.121,4.172,4.254,4.08,103812.99,002083,0.00895,0.03884,,,,,4.0626,,,,
2006-12-08,4.167,3.993,4.2360000000000015,3.988,65222.39,002083,-0.042910000000000004,0.00352,,,,,4.0654,4.0250900000000005,,,
2006-12-11,3.993,4.08,4.162,3.993,34821.64,002083,0.02179,0.02179,,,,,4.0828,4.029669999999999,,,
2006-12-12,4.08,4.011,4.089,3.984,28070.34,002083,-0.016909999999999998,-0.0057,,,,,4.0782,4.028230000000001,,,
2006-12-13,4.011,4.057,4.062,3.993,25166.21,002083,0.011470000000000001,-0.01886,,,,,4.0626,4.03029,,,
2006-12-14,4.08,4.08,4.158,4.057,35123.4,002083,0.0056700000000000006,-0.02205,,,,,4.0442,4.0336,,,
2006-12-15,4.135,4.057,4.144,4.043,40691.68,002083,-0.00564,0.016030000000000003,,,,,4.0569999999999995,4.03506,,,
2006-12-18,4.144,4.126,4.185,4.08,61596.02,002083,0.01701,0.01127,,,,,4.0662,4.04041,,,
2006-12-19,4.135,4.208,4.208,4.075,67199.97,002083,0.01987,0.04911,,,,,4.1056,4.04972,,,
2006-12-20,4.185,4.19,4.222,4.149,45712.97,002083,-0.00428,0.032780000000000004,,,,,4.1322,4.05711,,,
2006-12-21,4.213,4.117,4.249,4.107,40418.65,002083,-0.017419999999999998,0.00907,,,,,4.1396,4.0601,,,
2006-12-22,4.075,4.025,4.103,4.007,42082.13,002083,-0.02235,-0.007890000000000001,,,,,4.1332,4.05843,,,
2006-12-25,3.97,4.007,4.066,3.97,25058.61,002083,-0.00447,-0.028839999999999998,-0.01013,,,,4.1094,4.0564800000000005,,,
2006-12-26,4.007,3.933,4.057,3.915,27742.21,002083,-0.01847,-0.06535,0.0046,,,,4.0544,4.05733,,,
2006-12-27,3.933,3.943,3.979,3.92,20272.9,002083,0.0025399999999999997,-0.05895,-0.00454,,,,4.005,4.0564800000000005,,,
2006-12-28,3.947,3.892,3.97,3.86,26099.13,002083,-0.01293,-0.05465,-0.03424,,,,3.96,4.0499,,,
2006-12-29,3.92,3.965,3.984,3.892,26540.81,002083,0.01876,-0.01491,-0.0127,,,,3.948,4.04748,,,
2007-01-04,3.998,3.965,4.117,3.929,50286.85,002083,0.0,-0.01048,-0.00352,,,,3.9396,4.04681,,,
2007-01-05,3.956,4.016,4.02,3.901,27582.23,002083,0.01286,0.0211,0.00576,,,,3.9562,4.0479,,,
2007-01-08,4.02,4.098,4.103,3.988,39182.32,002083,0.020419999999999997,0.039310000000000005,0.01587,,,,3.9872,4.05095,,,
2007-01-09,4.135,4.135,4.162,4.098,66880.39,002083,0.00903,0.062439999999999996,0.0,,,,4.0358,4.05095,,,
2007-01-10,4.121,4.149,4.176,4.085,50280.02,002083,0.00339,0.04641,-0.00551,,,,4.0726,4.04986,4.0429,,
2007-01-11,4.167,4.217,4.35,4.158,86590.86,002083,0.016390000000000002,0.06356,0.0561,,,,4.123,4.0605199999999995,4.0483400000000005,,
2007-01-12,4.19,4.039,4.245,3.993,49350.14,002083,-0.042210000000000004,0.00573,-0.01005,,,,4.1276,4.05857,4.0480599999999995,,
2007-01-15,4.0939999999999985,4.176,4.194,4.052,44852.6,002083,0.03392,0.019030000000000002,0.041139999999999996,,,,4.1432,4.06643,4.051819999999999,,
2007-01-16,4.208,4.327,4.382,4.098,77851.4,002083,0.036160000000000005,0.04643,0.06655,,,,4.1816,4.07929,4.05969,,
2007-01-17,4.378,4.249,4.474,4.19,88531.2,002083,-0.01803,0.0241,0.04142,,,,4.2016,4.087330000000001,4.06494,,
2007-01-18,4.263,4.442,4.465,4.263,85358.92,002083,0.04542,0.053360000000000005,0.0949,,,,4.2466,4.10567,4.07514,,
2007-01-19,4.4510000000000005,4.46,4.561,4.4,68515.02,002083,0.00405,0.10422999999999999,0.08095,,,,4.3308,4.121569999999999,4.08526,,
2007-01-22,4.726,4.748,4.904,4.675,98963.61,002083,0.06457,0.13697,0.12833,,,,4.4452,4.14729,4.10226,,
2007-01-24,4.799,4.735,4.84,4.634,57859.91,002083,-0.00274,0.09429,0.13007,,,,4.5268,4.17324,4.11808,,
2007-01-25,4.753,4.51,4.753,4.487,53277.28,002083,-0.04752,0.06143,0.09546,,,,4.579,4.19195,4.12763,,
2007-01-26,4.442,4.524,4.57,4.327,44448.98,002083,0.0031,0.01846,0.12397999999999999,,,,4.5954,4.21571,4.13707,,
2007-01-29,4.556,4.694,4.739,4.501,49063.34,002083,0.03758,0.05247,0.17145,,,,4.6422,4.24843,4.15002,,
2007-01-30,4.79,4.785,4.877,4.666,77790.56,002083,0.01939,0.007790000000000001,0.21663000000000002,,,,4.6496,4.289,4.16445,,
2007-01-31,4.767,4.487,4.785,4.442,48998.81,002083,-0.062279999999999995,-0.052379999999999996,0.13797,,,,4.6,4.3149,4.17162,,
2007-02-01,4.671,4.492,4.671,4.35,46167.36,002083,0.0011099999999999999,-0.00399,0.15416,,,,4.5964,4.3434800000000005,4.17859,,
2007-02-02,4.478,4.405,4.574,4.396,22772.15,002083,-0.01937,-0.0263,0.11097,,,,4.5726,4.3644300000000005,4.1834,,
2007-02-05,4.396,4.414,4.4689999999999985,4.373,23556.6,002083,0.0020399999999999997,-0.05965,0.11324000000000001,,,,4.5166,4.38581,4.18821,,
2007-02-06,4.442,4.51,4.52,4.4,20500.81,002083,0.02175,-0.05747000000000001,0.12301,,,,4.4616,4.409330000000001,4.194780000000001,,
2007-02-07,4.529,4.4830000000000005,4.556,4.4510000000000005,24971.39,002083,-0.00599,-0.0008900000000000001,0.09395,,,,4.4608,4.42767,4.20054,,
2007-02-08,4.465,4.478,4.501,4.41,26058.77,002083,-0.00112,-0.00312,0.08295,,,,4.458,4.444,4.20598,,
2007-02-09,4.497,4.442,4.529,4.428,19611.48,002083,-0.00804,0.0084,0.07062,,,,4.4654,4.45795,4.21052,,
2007-02-12,4.442,4.886,4.886,4.442,61276.23,002083,0.09995,0.10693,0.15864,,,,4.5598,4.489809999999999,4.22326,,
2007-02-13,4.973,5.376,5.376,4.913,145599.83,002083,0.10029,0.19202,0.33102,,,,4.7330000000000005,4.55348,4.24461,,
2007-02-14,5.449,5.499,5.692,5.312,102141.29,002083,0.02288,0.22663000000000003,0.31681,,,,4.9362,4.61648,4.2674199999999995,,
2007-02-15,5.518,5.559,5.6320000000000014,5.412000000000001,68361.0,002083,0.01091,0.2414,0.28472,,,,5.1524,4.67514,4.2904800000000005,,
2007-02-16,5.541,5.586,5.669,5.4670000000000005,54588.72,002083,0.00486,0.25754,0.31466,,,,5.3812,4.73881,4.31321,,
2007-02-26,5.6370000000000005,5.71,5.837999999999999,5.541,94946.73,002083,0.0222,0.16865,0.28546,,,,5.546,4.79919,4.33729,,
2007-02-27,5.7189999999999985,5.27,5.724,5.197,103530.62,002083,-0.07706,-0.019719999999999998,0.18161,,,,5.5248,4.83776,4.3531,,
2007-02-28,5.38,5.7970000000000015,5.7970000000000015,5.28,132111.48,002083,0.1,0.054189999999999995,0.22094,,,,5.5844,4.88771,4.37717,,
2007-03-01,5.884,6.09,6.3420000000000005,5.7970000000000015,105910.56,002083,0.050539999999999995,0.09552000000000001,0.28617,,,,5.6906,4.95224,4.40525,,
2007-03-02,6.035,5.944,6.0760000000000005,5.82,60655.46,002083,-0.023969999999999998,0.06409,0.31795999999999996,,,,5.7622,5.020519999999999,4.43006,4.43006,
2007-03-05,5.9529999999999985,5.815,5.989,5.44,62931.85,002083,-0.0217,0.01839,0.28536999999999996,0.43651,,,5.7832,5.082,4.458559999999999,4.45205,
2007-03-06,5.724,5.999,6.182,5.614,60589.51,002083,0.031639999999999995,0.13833,0.27801,0.5323100000000001,,,5.928999999999999,5.14414,4.49218,4.47622,
2007-03-07,5.9670000000000005,6.0120000000000005,6.081,5.907,32568.49,002083,0.00217,0.03709,0.25643,0.5178,,,5.972,5.20257,4.52526,4.49985,
2007-03-08,6.044,6.035,6.086,5.875,25979.52,002083,0.0038299999999999996,-0.00903,0.345,0.49751999999999996,,,5.961,5.27629,4.5576,4.52311,
2007-03-09,6.026,6.063,6.127000000000002,5.884,34094.01,002083,0.00464,0.02002,0.34973000000000004,0.50971,,,5.9848,5.3511,4.59061,4.54609,
2007-03-12,5.957000000000002,6.086,6.108,5.944,32543.74,002083,0.00379,0.0466,0.38161,0.5295300000000001,,,6.039,5.43114,4.6246,4.56874,
2007-03-13,6.099,5.944,6.122000000000001,5.852,42757.5,002083,-0.02333,-0.009170000000000001,0.34662,0.48861000000000004,,,6.028,5.504,4.65606,4.58867,
2007-03-14,5.8889999999999985,5.815,5.898,5.724,35898.21,002083,-0.0217,-0.03277,0.28936,0.4415,,,5.9886,5.56614,4.6847900000000005,4.60619,
2007-03-15,5.77,5.884,5.939,5.747000000000001,23003.46,002083,0.01187,-0.02502,0.31251,0.42296999999999996,,,5.9584,5.63286,4.713,4.62418,
2007-03-16,5.8889999999999985,5.829,6.058,5.733,25445.42,002083,-0.00935,-0.03859,0.3017,0.39716999999999997,,,5.9116,5.69719,4.739730000000001,4.6409199999999995,
2007-03-19,5.586,5.976,5.999,5.582000000000002,28416.86,002083,0.02522,-0.01807,0.34534000000000004,0.49662,,,5.8896,5.77024,4.77171,4.65921,
2007-03-20,5.989,6.182,6.3279999999999985,5.907,41384.9,002083,0.03447,0.04004,0.26525,0.5152,,,5.9372,5.83195,4.80561,4.67978,
2007-03-21,6.182,6.159,6.2,6.044,17995.7,002083,-0.00372,0.059160000000000004,0.14565,0.5355300000000001,,,6.006,5.8692400000000005,4.84026,4.69951,
2007-03-22,6.182,6.356,6.685,6.182,52732.76,002083,0.03199,0.08022,0.15585,0.56667,,,6.1004,5.91005,4.87734,4.7213,
2007-03-23,6.3370000000000015,6.3420000000000005,6.479,6.191,31646.65,002083,-0.0022,0.08801,0.14085,0.5544100000000001,,,6.202999999999999,5.94733,4.913819999999999,4.74235,
2007-03-26,6.456,6.5760000000000005,6.8,6.365,44977.28,002083,0.0369,0.1004,0.17723,0.6209,,,6.3229999999999995,5.99448,4.95445,4.76586,
2007-03-27,6.64,6.598,6.731,6.484,29918.85,002083,0.00335,0.06729,0.15552,0.59913,,,6.4062,6.03676,4.99432,4.78905,
2007-03-28,6.5939999999999985,6.553,6.6629999999999985,6.205,46987.04,002083,-0.0068200000000000005,0.06397,0.24345,0.5572699999999999,,,6.485,6.09786,5.03215,4.8111,
2007-03-29,6.456,6.365,6.542999999999998,6.228,32977.03,002083,-0.028689999999999997,0.0014199999999999998,0.09798,0.5190899999999999,,,6.4868,6.1249,5.06723,4.83028,
2007-03-30,6.232,6.365,6.479,6.232,13410.2,002083,0.0,0.0036299999999999995,0.045160000000000006,0.54603,,,6.4914,6.138,5.10348,4.849,
2007-04-02,6.319,6.438,6.456,6.296,18528.61,002083,0.011470000000000001,-0.02099,0.08311,0.5995,,,6.4638,6.161519999999999,5.1424,4.86814,
2007-04-03,6.434,6.447,6.539,6.392,18301.73,002083,0.0014,-0.02289,0.10868,0.60893,,,6.4336,6.1916199999999995,5.18176,4.88694,
2007-04-04,6.479,6.8,7.093,6.479,48541.28,002083,0.05475,0.037689999999999994,0.13352,0.72896,,,6.483,6.22976,5.228,4.90945,
2007-04-05,6.759,6.777,6.85,6.64,18671.1,002083,-0.0033799999999999998,0.06473,0.12725,0.7187399999999999,,,6.5654,6.26619,5.2737099999999995,4.93116,
2007-04-06,6.707999999999998,6.8,6.896,6.64,25314.94,002083,0.00339,0.06834,0.12675999999999998,0.74717,,,6.6524,6.30262,5.32061,4.95264,
2007-04-09,6.8039999999999985,6.855,7.02,6.8,33319.16,002083,0.00809,0.06477000000000001,0.13063,0.72888,,,6.7358,6.340330000000001,5.36723,4.97426,
2007-04-10,6.823,6.901,6.914,6.649,29490.81,002083,0.00671,0.07042000000000001,0.13391,0.74048,,,6.8266,6.3791400000000005,5.41458,4.99591,
2007-04-11,6.937,7.033,7.12,6.8370000000000015,38030.05,002083,0.01913,0.034260000000000006,0.18320999999999998,0.75125,,,6.8732,6.431,5.46324,5.01854,
2007-04-12,7.006,7.1110000000000015,7.235,6.914,30980.78,002083,0.011090000000000001,0.049280000000000004,0.22286999999999998,0.73524,,,6.94,6.49271,5.51184,5.04154,
2007-04-13,7.125,7.61,7.816,7.125,52369.11,002083,0.07017000000000001,0.11912,0.29334,0.84039,,,7.102,6.5749,5.56789,5.069459999999999,
2007-04-16,7.555,7.729,7.858,7.542000000000002,22901.58,002083,0.01564,0.1275,0.32595999999999997,0.8628600000000001,,,7.2768,6.66538,5.62563,5.09805,
2007-04-18,8.017999999999999,8.503,8.503,7.926,26558.54,002083,0.10013999999999999,0.23214,0.42286,1.01636,,,7.5972,6.785710000000001,5.69476,5.13428,
2007-04-19,8.888,8.334,8.943,7.926,86612.72,002083,-0.019880000000000002,0.18499000000000002,0.34811,1.06338,,,7.8574,6.88819,5.76403,5.16796,
2007-04-20,8.54,9.14,9.158,8.38,58087.93,002083,0.09671,0.28533000000000003,0.48401000000000005,1.1887,,,8.2632,7.030139999999999,5.8441,5.2093300000000005,
2007-04-23,9.158,9.378,9.708,8.929,61871.47,002083,0.026039999999999997,0.23233,0.47546000000000005,1.1673200000000001,,,8.6168,7.17405,5.92556,5.25231,
2007-04-24,9.868,9.616,9.918,9.433,49069.93,002083,0.02538,0.24415,0.5162399999999999,1.26312,,,8.9942,7.32995,6.01213,5.29684,
2007-04-25,9.479,9.515,9.524,9.163,36793.2,002083,-0.0105,0.11902,0.44693,1.14205,,,9.1966,7.4699,6.09395,5.33944,
2007-04-26,9.616,9.575,9.708,9.405,28405.68,002083,0.0063100000000000005,0.14891,0.4512,1.14686,,,9.4448,7.611669999999999,6.17645,5.3818,
2007-04-27,9.616,9.236,9.671,8.975,42759.9,002083,-0.0354,0.0105,0.40943,0.94524,,,9.464,7.7394300000000005,6.24884,5.41996,
2007-04-30,8.854,9.165,9.572,8.842,44637.1,002083,-0.007690000000000001,-0.02271,0.43991,0.9355899999999999,,,9.4214,7.87276,6.32029,5.45668,
2007-05-08,9.225,9.213,9.452,8.98,56464.13,002083,0.00524,-0.04191,0.44745,1.0427899999999999,,,9.3408,8.00838,6.39615,5.49315,
2007-05-09,9.219,8.806000000000003,9.219,8.525,55762.59,002083,-0.044180000000000004,-0.07451,0.36782,0.9465100000000001,,,9.199,8.121139999999999,6.46521,5.525,
2007-05-10,8.735,8.902000000000003,8.956,8.543,47930.6,002083,0.0109,-0.07028999999999999,0.3808,0.89646,,,9.0644,8.23805,6.53308,5.55716,
2007-05-11,8.83,8.741,8.866,8.609,34021.21,002083,-0.018090000000000002,-0.05359,0.28544,0.82675,,,8.9654,8.33048,6.596889999999999,5.5872,
2007-05-14,8.705,8.764,8.914,8.549,37212.54,002083,0.00263,-0.04375,0.2932,0.9532,,,8.8852,8.4251,6.66587,5.61689,
2007-05-15,8.764,9.064,9.141,8.669,65464.14,002083,0.034230000000000003,-0.01617,0.33294,1.01781,,,8.8554,8.5329,6.739610000000001,5.64881,
2007-05-17,9.333,9.333,9.632,9.273,63955.63,002083,0.02968,0.05985,0.36149000000000003,1.11873,,,8.9608,8.6509,6.8191,5.6826099999999995,
2007-05-18,9.381,9.506,9.572,9.201,56847.83,002083,0.01854,0.06785,0.37748000000000004,1.1536,,,9.0816,8.77495,6.90123,5.71736,
2007-05-21,9.267,10.039,10.17,9.189,65144.76,002083,0.05607,0.1485,0.42741,1.22594,,,9.3412,8.9181,6.9904,5.7563,
2007-05-22,10.116,9.943,10.116,9.919,59205.21,002083,-0.009559999999999999,0.13452999999999998,0.39826,1.21793,,,9.577,9.05295,7.078469999999999,5.79368,
2007-05-23,9.937,9.985,9.997,9.752,42833.66,002083,0.004220000000000001,0.10161,0.31209000000000003,1.22979,,,9.7612,9.16605,7.1672899999999995,5.830769999999999,
2007-05-24,9.985,9.59,10.015,9.464,57710.24,002083,-0.039560000000000005,0.02754,0.24078000000000002,1.1589399999999999,,,9.8126,9.254669999999999,7.250319999999999,5.86375,
2007-05-25,9.482,9.393,9.572,9.303,57959.62,002083,-0.02054,-0.011890000000000001,0.10467,0.92243,,,9.79,9.29705,7.32302,5.894430000000001,
2007-05-28,9.405,9.47,9.692,9.405,52953.91,002083,0.0082,-0.056679999999999994,0.13631,0.76153,,,9.6762,9.35114,7.38905,5.92526,
2007-05-29,9.536,9.985,10.081,9.351,84942.57,002083,0.05438,0.004220000000000001,0.09245,0.8157800000000001,,,9.6846,9.39138,7.4614,5.95996,
2007-05-30,9.363,8.986,9.793,8.986,79031.58,002083,-0.10005,-0.10005,-0.0418,0.61648,,,9.4848,9.372710000000001,7.51668,5.9856,
2007-05-31,8.866,9.632,9.883,8.154,105472.41,002083,0.07189,0.004379999999999999,0.0016600000000000002,0.72431,,,9.4932,9.37348,7.5819399999999995,6.01624,
2007-06-01,9.644,9.698,10.302,9.417,106158.1,002083,0.00685,0.03247,0.01923,0.6984199999999999,,,9.5542,9.38219,7.646260000000001,6.046930000000001,
2007-06-04,9.644,8.729,10.093,8.729,55269.38,002083,-0.09992000000000001,-0.07825,-0.08836000000000001,0.65636,,,9.406,9.3419,7.70205,6.06909,
2007-06-05,8.076,8.591000000000001,8.705,7.855,55870.69,002083,-0.01581,-0.13960999999999998,-0.06984,0.48197,,,9.1272,9.31119,7.74711,6.08976,
2007-06-06,8.555,8.597000000000001,8.896,8.346,43188.62,002083,0.0007,-0.043289999999999995,-0.061970000000000004,0.41166,,,9.0494,9.284139999999999,7.78755,6.11015,6.11015
2007-06-07,8.675,8.956,9.153,8.507,38769.39,002083,0.041760000000000005,-0.07017999999999999,-0.0279,0.50673,1.21245,,8.9142,9.2719,7.836130000000001,6.15005,6.1331
2007-06-08,8.98,8.842,9.022,8.675,38584.61,002083,-0.01273,-0.08827,0.00409,0.52055,1.2584899999999999,,8.743,9.27362,7.88495,6.19011,6.15477
2007-06-11,8.89,8.974,9.165,8.794,36558.71,002083,0.01493,0.028069999999999998,0.00809,0.49591999999999997,1.26559,,8.792,9.27705,7.932939999999999,6.23086,6.1771400000000005
2007-06-12,9.064,9.871,9.871,9.064,78044.72,002083,0.09996000000000001,0.14899,0.12928,0.64188,1.44938,,9.048,9.330860000000001,7.99518,6.27835,6.206230000000001
2007-06-13,9.943,10.039,10.35,9.943,72757.64,002083,0.01702,0.16773,0.14548,0.66346,1.49975,,9.3364,9.39157,8.05976,6.327319999999999,6.2361699999999995
2007-06-14,10.051,10.816,10.948,9.632,107755.65,002083,0.0774,0.20768000000000003,0.19329000000000002,0.78394,1.71827,,9.7084,9.475,8.13642,6.3829,6.271669999999999
2007-06-15,10.583,10.619000000000002,11.098,10.523,73507.44,002083,-0.01821,0.20097,0.13779,0.7448199999999999,1.6594,,10.0638,9.53624,8.20953,6.43677,6.30512
2007-06-18,10.679,10.673,11.068,10.619000000000002,53595.65,002083,0.00509,0.18932000000000002,0.12276,0.7955899999999999,1.64576,,10.4036,9.59181,8.285810000000001,6.49075,6.3384599999999995
2007-06-19,10.679,10.733,10.918,10.559,43593.21,002083,0.00562,0.08732999999999999,0.06913,0.8457399999999999,1.59565,,10.575999999999999,9.62486,8.36513,6.54439,6.37175
2007-06-20,10.727,9.931,10.727,9.692,82087.61,002083,-0.07472000000000001,-0.010759999999999999,-0.00121,0.6878,1.38039,,10.5544,9.62429,8.4304,6.59121,6.39851
2007-06-21,9.919,9.686,10.057,9.452,67308.67,002083,-0.024669999999999997,-0.10447000000000001,-0.029939999999999998,0.66169,1.42575,,10.3284,9.61005,8.49261,6.6375,6.42304
2007-06-22,9.686,9.512,10.11,9.153,45488.22,002083,-0.01796,-0.10425,-0.00813,0.5917,1.3313700000000002,,10.107000000000001,9.60633,8.54965,6.681660000000001,6.445930000000001
2007-06-25,9.458,8.603,9.578,8.561,42378.2,002083,-0.09556,-0.19395,-0.08411,0.39161999999999997,1.14485,,9.693,9.568710000000001,8.58869,6.71899,6.461790000000001
2007-06-26,8.394,8.962,8.974,8.31,30600.2,002083,0.04173,-0.16501,-0.05364,0.45511,1.20902,,9.3388,9.54452,8.6339,6.75887,6.48004
2007-06-27,8.86,9.07,9.213,8.764,32019.08,002083,0.01205,-0.0867,-0.09164,0.42700000000000005,1.22304,,9.1666,9.50095,8.67768,6.79944,6.4988
2007-06-28,8.992,8.411,9.153,8.31,35156.76,002083,-0.07266,-0.13163,-0.06398999999999999,0.32624000000000003,1.07321,,8.9116,9.47357,8.71105,6.83484,6.51256
2007-06-29,7.939,8.304,8.357999999999999,7.891,36844.52,002083,-0.01272,-0.127,-0.13787,0.26277,1.0126,,8.67,9.41033,8.73892,6.8688,6.52536
2007-07-02,8.262,8.136000000000001,8.495,7.957000000000002,18419.5,002083,-0.02023,-0.054279999999999995,-0.16105999999999998,0.2331,0.9334600000000001,,8.5766,9.33595,8.76373,6.900739999999999,6.53678
2007-07-03,8.256,8.388,8.555,8.256,21861.74,002083,0.030969999999999998,-0.06405,-0.03907,0.28002,1.00191,,8.4618,9.31971,8.79332,6.93487,6.5498199999999995
2007-07-04,8.423,8.286,8.669,8.177999999999999,16701.35,002083,-0.012159999999999999,-0.08644,-0.0355,0.30180999999999997,1.01263,,8.305,9.30519,8.82431,6.9687600000000005,6.561960000000001
2007-07-05,8.316,7.706,8.316,7.706,16417.6,002083,-0.07,-0.08382,-0.10364000000000001,0.21068,0.91453,,8.164,9.26276,8.845939999999999,6.99869,6.5699
2007-07-06,7.706,8.256,8.256,7.478,22427.28,002083,0.07137,-0.0057799999999999995,-0.07816000000000001,0.28239000000000003,1.06039,,8.1544,9.22943,8.87526,7.033239999999999,6.58153
2007-07-09,8.267999999999999,8.382,8.465,8.076,21638.53,002083,0.01526,0.030239999999999996,-0.052020000000000004,0.30014,1.1312,,8.2036,9.20752,8.90647,7.06941,6.59386
2007-07-10,8.482999999999999,8.208,8.482999999999999,7.987,16433.92,002083,-0.02076,-0.02146,-0.08536,0.20706,1.08166,,8.1676,9.17105,8.92918,7.104080000000001,6.604839999999999
2007-07-11,8.208,8.543,8.782,8.142000000000001,29132.42,002083,0.04081,0.03102,-0.13454000000000002,0.26059,1.19502,,8.219,9.10781,8.95766,7.141889999999999,6.617939999999999
2007-07-12,8.573,8.591000000000001,8.824,8.495,20206.04,002083,0.00562,0.11485,-0.14424,0.26338,1.1667100000000001,,8.396,9.038860000000001,8.98655,7.1795,6.6311800000000005
2007-07-13,8.705,8.836,8.974,8.382,38196.34,002083,0.02852,0.07025,-0.18306,0.28899,1.2285,,8.512,8.94457,9.0185,7.219110000000001,6.64588
2007-07-16,8.962,8.758,9.064,8.669,17617.41,002083,-0.00883,0.044860000000000004,-0.17525,0.26909,1.18078,,8.5872,8.85595,9.04845,7.2576600000000004,6.65987
2007-07-17,8.729,8.603,8.746,8.447000000000001,38457.31,002083,-0.0177,0.048119999999999996,-0.19395,0.22323,1.09932,,8.6662,8.75738,9.07377,7.2942800000000005,6.67265
2007-07-18,8.471,8.488999999999999,8.669,8.256,19621.8,002083,-0.01325,-0.00632,-0.20906999999999998,0.19378,1.0529600000000001,,8.6554,8.65052,9.096,7.329680000000001,6.68452
2007-07-19,8.376,8.37,8.465,8.023,25254.4,002083,-0.01402,-0.02572,-0.15718,0.09987,1.01735,,8.6112,8.576189999999999,9.108260000000001,7.364,6.695469999999999
2007-07-20,8.304,8.866,8.974,8.256,35083.97,002083,0.05926,0.0034,-0.08466,0.14711,1.1024399999999999,,8.6172,8.537139999999999,9.1266,7.4018,6.70947
2007-07-23,8.794,9.171,9.303,8.776,40939.76,002083,0.0344,0.04716,-0.03585,0.07856,1.27061,,8.6998,8.5209,9.137369999999999,7.4435199999999995,6.72525
2007-07-24,9.076,9.255,9.572,8.98,46397.44,002083,0.00916,0.07579,0.07579,0.11051,1.21624,,8.8302,8.55195,9.15223,7.48481,6.74136
2007-07-25,9.201,9.542,9.572,9.201,39834.69,002083,0.031010000000000003,0.12404000000000001,0.06472,0.04398,1.2052200000000002,,9.0408,8.57957,9.158710000000001,7.52721,6.75909
2007-07-26,9.692,9.512,9.692,9.399,31689.0,002083,-0.00314,0.13644,0.04873,0.01429,1.23864,,9.2692,8.60062,9.16087,7.57,6.7764
2007-07-27,9.452,9.548,9.692,9.333,29298.49,002083,0.0037799999999999995,0.07692,0.13518,-0.00707,1.1494799999999998,,9.4056,8.654760000000001,9.15977,7.611510000000001,6.7937199999999995
2007-07-30,9.506,9.811,9.913,9.428,41601.25,002083,0.02755,0.06978999999999999,0.18148,0.031110000000000002,1.1997799999999998,,9.5336,8.726519999999999,9.16455,7.6550199999999995,6.812469999999999
2007-07-31,9.799,10.362,10.505,9.458,70120.34,002083,0.05616,0.11961,0.2736,0.08219,1.18239,,9.755,8.83252,9.17724,7.700660000000001,6.83438
2007-08-01,10.41,9.692,10.416,9.458,52872.86,002083,-0.06466000000000001,0.015719999999999998,0.15546,0.04937,1.04688,,9.785,8.89462,9.1846,7.74096,6.85191
2007-08-02,9.692,9.991,10.051,9.458,30902.59,002083,0.03085,0.05036,0.20576999999999998,0.09013,1.2153,,9.8808,8.975810000000001,9.19792,7.78552,6.87105
2007-08-03,9.967,10.051,10.14,9.805,31284.08,002083,0.00601,0.05268,0.30430999999999997,0.09096,1.22171,,9.9814,9.087480000000001,9.21144,7.83046,6.89032
2007-08-06,10.17,10.720999999999998,10.733,9.811,68496.55,002083,0.06666,0.09275,0.29857,0.21746999999999997,1.28398,,10.1634,9.20486,9.24232,7.879460000000001,6.9134
2007-08-07,10.35,10.649,10.93,10.35,51285.88,002083,-0.00672,0.0277,0.27046,0.19625,1.2255,,10.2208,9.31281,9.2705,7.92713,6.93577
2007-08-08,10.589,10.176,11.187,9.871,42364.76,002083,-0.04442,0.04994,0.23976999999999998,0.16417,1.26789,,10.3176,9.40652,9.29365,7.973380000000001,6.95505
2007-08-09,10.182,10.2,10.23,9.931,25333.11,002083,0.00236,0.020919999999999998,0.19396,0.16385,1.2707,,10.3594,9.485430000000001,9.31681,8.019789999999999,6.97425
2007-08-10,10.17,9.805,10.17,9.428,27911.68,002083,-0.03873,-0.024480000000000002,0.14131,0.08175,1.2258799999999999,,10.3102,9.543239999999999,9.32876,8.06369,6.99091
2007-08-13,9.572,9.446,9.799,9.381,16906.27,002083,-0.036610000000000004,-0.11893,0.06904,0.01211,1.14001,,10.0552,9.572289999999999,9.33058,8.1046,7.005260000000001
2007-08-14,9.44,9.566,9.656,9.333,17376.5,002083,0.0127,-0.1017,0.09226000000000001,0.0063100000000000005,1.12106,,9.8386,9.61076,9.33155,8.145710000000001,7.02015
2007-08-15,9.512,9.393,9.644,9.147,22730.07,002083,-0.018080000000000002,-0.07695,0.09183,-0.06435,1.09525,,9.682,9.64838,9.32113,8.18563,7.033869999999999
2007-08-16,9.273,9.536,9.602,9.147,26941.3,002083,0.01522,-0.0651,0.12334,-0.04093,1.12952,,9.5492,9.69824,9.31456,8.22675,7.04825
2007-08-17,9.692,9.752,9.925,9.566,25322.75,002083,0.02265,-0.00541,0.16510999999999998,-0.02334,1.19541,,9.5386,9.76405,9.31081,8.269919999999999,7.0637
2007-08-20,9.925,10.051,10.23,9.764,36635.01,002083,0.030660000000000003,0.06405,0.13366,0.04807,1.0571,,9.6596,9.82048,9.31824,8.311910000000001,7.08067
2007-08-21,10.051,9.752,10.051,9.512,50956.92,002083,-0.02975,0.01944,0.06335,0.03822,0.81399,,9.6968,9.848139999999999,9.32403,8.347489999999999,7.09576
2007-08-22,9.572,9.566,9.632,9.393,38825.88,002083,-0.01907,0.01842,0.0336,0.01014,0.73959,,9.7314,9.86295,9.32558,8.38055,7.10964
2007-08-23,9.608,9.692,9.805,9.572,26165.2,002083,0.01317,0.01636,0.015719999999999998,-0.029339999999999998,0.74348,,9.7626,9.8701,9.32085,8.41415,7.12407
2007-08-24,9.722,9.512,9.799,9.405,30712.63,002083,-0.01857,-0.02461,0.0,0.058539999999999995,0.7028300000000001,,9.7146,9.8701,9.32934,8.446069999999999,7.13733
2007-08-27,9.542,9.482,9.74,9.303,28610.87,002083,-0.00315,-0.05661,-0.0069099999999999995,-0.015569999999999999,0.6606,,9.6008,9.86695,9.32692,8.47674,7.150289999999999
2007-08-28,9.345,9.387,9.5,9.034,42375.69,002083,-0.010020000000000001,-0.03743,-0.04322,-0.03207,0.7812100000000001,,9.5278,9.84676,9.3219,8.51021,7.16258
2007-08-29,9.273,9.841,10.164,9.267,55072.26,002083,0.04836,0.02875,-0.05028,0.12739,0.6976,,9.5828,9.82195,9.339839999999999,8.54309,7.1772100000000005
2007-08-30,9.931,9.871,9.979,9.572,28270.62,002083,0.00305,0.01847,0.01847,0.14899,0.62085,,9.6186,9.83048,9.36048,8.573830000000001,7.19185
2007-08-31,9.901,9.722,9.931,9.674,20322.5,002083,-0.015090000000000001,0.022080000000000002,-0.02692,0.13086,0.6356,,9.6606,9.81767,9.378630000000001,8.60454,7.20553
2007-09-03,10.081,10.697,10.697,10.081,70285.66,002083,0.10029,0.12814,0.06427000000000001,0.19439,0.83955,,9.9036,9.84843,9.40671,8.64424,7.2243
2007-09-05,10.344,10.625,10.769,10.051,42710.13,002083,-0.00673,0.13188,-0.00895,0.20165,0.77113,,10.1512,9.843860000000001,9.43547,8.68185,7.242489999999999
2007-09-06,10.703,10.547,10.769,10.469,27118.67,002083,-0.00734,0.07174,-0.00958,0.17528,0.75432,,10.2924,9.839,9.46084,8.71872,7.26006
2007-09-07,10.487,10.404000000000002,10.769,10.176,41792.69,002083,-0.01356,0.054000000000000006,0.02241,0.054000000000000006,0.7239399999999999,,10.399000000000001,9.849860000000001,9.469439999999999,8.75424,7.2767
2007-09-10,10.212,10.17,10.38,10.057,40798.44,002083,-0.02249,0.04608,-0.00294,0.01305,0.6773899999999999,,10.4886,9.84843,9.47155,8.78763,7.291930000000001
2007-09-11,10.116,9.452,10.272,9.452,68886.6,002083,-0.0706,-0.11639000000000001,-0.036000000000000004,-0.12611,0.55307,,10.2396,9.83162,9.44955,8.81499,7.30324
2007-09-12,9.333,9.243,9.566,8.992,28322.41,002083,-0.022109999999999998,-0.13007,-0.021490000000000002,-0.12958,0.55501,,9.9632,9.82195,9.42735,8.84181,7.313339999999999
2007-09-13,9.261,9.482,9.56,9.243,20859.96,002083,0.02586,-0.10098,-0.00878,-0.11159000000000001,0.63061,,9.7502,9.81795,9.40815,8.87163,7.32458
2007-09-14,9.488,9.345,9.536,9.159,20494.83,002083,-0.01445,-0.10178999999999999,-0.00511,-0.12932000000000002,0.58821,,9.5384,9.815669999999999,9.385760000000001,8.89976,7.3349899999999995
2007-09-17,9.285,9.548,9.632,9.285,26035.87,002083,0.02172,-0.06116,0.00126,-0.03857,0.63802,,9.414,9.816239999999999,9.37958,8.93,7.34634
2007-09-18,9.578,9.423,9.686,9.309,21528.45,002083,-0.013090000000000001,-0.00307,-0.03374,-0.02715,0.57681,,9.4082,9.80057,9.37534,8.95802,7.35693
2007-09-19,9.452,9.189,9.518,9.171,16504.67,002083,-0.02483,-0.00584,-0.08576,-0.033960000000000004,0.48641,,9.3974,9.75952,9.37013,8.98247,7.366230000000001
2007-09-20,9.201,9.153,9.393,9.129,17164.22,002083,-0.00392,-0.0347,-0.06142,0.06393,0.48612,,9.3316,9.731,9.379,9.00681,7.375260000000001
2007-09-21,9.141,9.034,9.273,8.794,27378.0,002083,-0.013000000000000001,-0.033280000000000004,-0.05561,0.008029999999999999,0.42133000000000004,,9.2694,9.70567,9.38016,9.02859,7.383589999999999
2007-09-24,9.034,8.86,9.159,8.735,15214.25,002083,-0.01926,-0.07206,-0.08584,-0.02315,0.39704,,9.1318,9.66605,9.37677,9.04906,7.39098
2007-09-25,8.908,8.866,9.147,8.847999999999997,15991.2,002083,0.0006799999999999999,-0.05911,-0.06791,0.0541,0.34824,,9.0204,9.63529,9.38411,9.06767,7.39831
2007-09-26,9.028,9.153,9.333,9.022,22868.66,002083,0.032369999999999996,-0.00392,-0.0347,0.10224,0.38724000000000003,,9.0132,9.61962,9.39781,9.08845,7.407
2007-09-27,9.207,9.028,9.273,8.974,11667.76,002083,-0.01366,-0.01366,-0.038239999999999996,0.10964000000000002,0.37769,,8.9882,9.60252,9.412189999999999,9.10857,7.4149899999999995
2007-09-28,8.992,9.099,9.165,8.992,11109.91,002083,0.007859999999999999,0.0072,-0.0754,0.08476,0.42954,,9.0012,9.56719,9.42366,9.1308,7.42324
2007-10-08,9.333,9.225,9.387,9.171,15702.1,002083,0.01385,0.0412,-0.06544,0.11332,0.44933,,9.0742,9.536430000000001,9.43881,9.15405,7.43203
2007-10-09,9.309,9.614,9.668,9.231,28144.82,002083,0.04217,0.08437,-0.01111,0.2476,0.49332,,9.2238,9.53129,9.46958,9.17987,7.44262
2007-10-10,9.638,9.327,9.853,9.231,23199.11,002083,-0.02985,0.01901,-0.12807000000000002,0.12972,0.44672,,9.2586,9.46605,9.48685,9.20328,7.45172
2007-10-11,9.333,9.04,9.452,8.98,18654.14,002083,-0.03077,0.00133,-0.14918,0.0785,0.32941,,9.261000000000001,9.39057,9.49747,9.2215,7.45936
2007-10-12,9.213,8.722999999999999,9.243,8.363999999999999,27041.78,002083,-0.03507,-0.041319999999999996,-0.17294,0.06274,0.28715,,9.1858,9.30371,9.50577,9.23732,7.46541
2007-10-15,8.741,8.711,8.962,8.388,16617.71,002083,-0.0013800000000000002,-0.055720000000000006,-0.16272999999999999,0.01967,0.28103,,9.083,9.2231,9.50848,9.25285,7.47134
2007-10-16,8.735,8.711,8.735,8.465,12991.93,002083,0.0,-0.09393,-0.14346,0.013969999999999998,0.27075,,8.9024,9.15362,9.51042,9.26794,7.47721
2007-10-17,8.735,8.663,8.89,8.555,15637.24,002083,-0.00551,-0.07119,-0.08347,-0.01958,0.25533,,8.7696,9.11605,9.50763,9.28227,7.482810000000001
2007-10-18,8.645,8.752,8.847999999999997,8.561,16251.32,002083,0.01027,-0.03186,-0.05312000000000001,-0.0006900000000000001,0.24441999999999997,,8.712,9.09267,9.507530000000001,9.29624,7.48877
2007-10-19,8.788,8.974,9.099,8.722999999999999,17917.2,002083,0.02537,0.02877,-0.053579999999999996,0.04312,0.26199,,8.7622,9.068480000000001,9.51352,9.31139,7.495710000000001
2007-10-22,8.95,8.435,8.962,8.376,21036.2,002083,-0.06006,-0.03168,-0.09738,-0.00636,0.10840999999999999,,8.707,9.025139999999999,9.51265,9.3181,7.50007
2007-10-23,8.453,8.106,8.639,7.765,21094.39,002083,-0.039,-0.06945,-0.15103,-0.03154,0.048780000000000004,,8.586,8.95648,9.508389999999999,9.32116,7.50288
2007-10-24,8.136000000000001,7.849,8.256,7.765,24750.75,002083,-0.0317,-0.09396,-0.16704000000000002,-0.11470999999999999,-0.07691,,8.4232,8.88152,9.49198,9.31585,7.5044699999999995
2007-10-25,7.8370000000000015,7.298999999999999,7.8370000000000015,7.298999999999999,19879.9,002083,-0.07007000000000001,-0.16602,-0.20568000000000003,-0.20412,-0.12419000000000001,,8.1326,8.79152,9.461789999999999,9.30743,7.5035300000000005
2007-10-26,7.4060000000000015,7.353,7.472,7.209,12150.09,002083,0.0074,-0.18062999999999999,-0.19666,-0.20551,-0.19551,,7.8084,8.705810000000001,9.43111,9.2929,7.502839999999999
2007-10-29,7.4,7.215,7.478,7.191,14356.16,002083,-0.01877,-0.14464000000000002,-0.20135,-0.24386999999999998,-0.23065,,7.5644,8.61919,9.39358,9.275319999999999,7.501539999999999
2007-10-30,7.298999999999999,7.4060000000000015,7.4060000000000015,7.197,21140.87,002083,0.02647,-0.08636,-0.16410999999999998,-0.2214,-0.22983,,7.4244,8.54995,9.35961,9.25735,7.5011
2007-10-31,7.466,7.909,8.011000000000001,7.359,24709.83,002083,0.06792000000000001,0.007640000000000001,-0.10794000000000001,-0.17165999999999998,-0.16879,,7.4364,8.504380000000001,9.33318,9.24429,7.50294
2007-11-01,7.782999999999999,7.532,7.782999999999999,7.526,12382.03,002083,-0.04767,0.03192,-0.1771,-0.23229,-0.21336999999999998,,7.483,8.42719,9.29642,9.22768,7.50307
2007-11-02,7.46,7.627999999999999,7.688,7.371,10509.23,002083,0.01275,0.0374,-0.15507,-0.26385,-0.1741,,7.537999999999999,8.36052,9.25232,9.21461,7.50363
2007-11-05,7.568,7.676,7.765,7.478,8264.66,002083,0.00629,0.06389,-0.15639,-0.20801,-0.16247,,7.6302,8.292760000000001,9.21981,9.2025,7.5044
2007-11-06,7.717,7.657999999999999,7.747000000000001,7.64,7365.43,002083,-0.00234,0.03403,-0.16985999999999998,-0.23351,-0.16877999999999999,,7.6806,8.21814,9.18218,9.189860000000001,7.50508
2007-11-07,7.771,7.496,7.777,7.359,8766.42,002083,-0.02115,-0.05222,-0.2203,-0.2542,-0.14876,,7.598,8.117289999999999,9.14097,9.179210000000001,7.505039999999999
2007-11-08,7.496,7.215,7.568,7.215,9264.2,002083,-0.037489999999999996,-0.042089999999999995,-0.22644,-0.32702,-0.18950999999999998,,7.5346,8.01671,9.08442,9.1655,7.503760000000001
2007-11-09,7.227,7.006,7.353,6.94,11904.38,002083,-0.02897,-0.08154,-0.225,-0.3421,-0.19849,,7.4102,7.919860000000001,9.02566,9.15139,7.501589999999999
2007-11-12,6.9460000000000015,6.6770000000000005,7.0,6.521,10644.88,002083,-0.04696,-0.13015,-0.23455,-0.34385,-0.23813,,7.2104,7.822430000000001,8.96923,9.13442,7.497999999999999
2007-11-13,6.7120000000000015,7.006,7.167000000000002,6.7120000000000015,17425.6,002083,0.04927,-0.08514,-0.19573,-0.31314000000000003,-0.22705,,7.08,7.7412399999999995,8.917710000000001,9.11769,7.49587
2007-11-14,7.03,7.107,7.119,6.88,9572.8,002083,0.014419999999999999,-0.05189,-0.18414,-0.27516999999999997,-0.23851,,7.0022,7.664860000000001,8.874189999999999,9.09959,7.4942
2007-11-15,7.107,6.934,7.221,6.916,9315.99,002083,-0.02434,-0.03895,-0.19958,-0.26593,-0.27057,,6.946000000000001,7.58252,8.833680000000001,9.07868,7.491789999999999
2007-11-16,6.94,7.0,7.077000000000001,6.79,4904.62,002083,0.00952,-0.00086,-0.20018,-0.26824000000000003,-0.30272,,6.9448,7.4991,8.79229,9.053980000000001,7.4896899999999995
2007-11-19,6.904,7.2810000000000015,7.371,6.904,13120.41,002083,0.040139999999999995,0.09046,-0.18866,-0.22485,-0.26773,,7.0656,7.418480000000001,8.758230000000001,9.03233,7.4888
2007-11-20,7.2810000000000015,7.298999999999999,7.478,7.191,9683.39,002083,0.00247,0.041819999999999996,-0.13468,-0.23458,-0.26899999999999996,,7.1242,7.364380000000001,8.72215,9.0105,7.4879999999999995
2007-11-21,7.329,7.298999999999999,7.417999999999998,7.2810000000000015,7473.94,002083,0.0,0.02702,-0.09956,-0.25154,-0.23889000000000002,,7.1626,7.32595,8.68258,8.99187,7.4872
2007-11-22,7.239,6.994,7.239,6.94,8266.92,002083,-0.04179,0.00865,-0.10893,-0.30415,-0.2554,,7.1746,7.285239999999999,8.63327,8.97237,7.485130000000001
2007-11-23,7.143,7.131,7.149,6.952000000000001,4899.11,002083,0.01959,0.01871,-0.02302,-0.26877,-0.24699000000000002,,7.2008,7.277239999999999,8.591000000000001,8.95335,7.48365
2007-11-26,7.1789999999999985,7.0710000000000015,7.341,7.059,7037.45,002083,-0.008409999999999999,-0.028839999999999998,-0.03835,-0.26082,-0.29184,,7.1588,7.26381,8.55076,8.92966,7.48193
2007-11-27,7.059,7.006,7.1610000000000005,6.988,4443.26,002083,-0.00919,-0.040139999999999995,-0.02897,-0.27714,-0.22034,,7.1002,7.25386,8.507439999999999,8.91356,7.47995
2007-11-28,7.0,6.964,7.113,6.928,2961.1,002083,-0.00599,-0.0459,-0.05968,-0.26787,-0.27699,,7.0332,7.232810000000001,8.466339999999999,8.891869999999999,7.4778199999999995
2007-11-29,7.059,7.113,7.155,6.94,10915.54,002083,0.0214,0.01701,-0.10064,-0.24984,-0.26655,,7.057,7.1949,8.42813,8.87085,7.476319999999999
2007-11-30,7.125,6.952000000000001,7.125,6.9460000000000015,5706.5,002083,-0.02263,-0.0251,-0.077,-0.2594,-0.20357,,7.0212,7.1672899999999995,8.38885,8.85641,7.47417
2007-12-03,6.952000000000001,7.172999999999999,7.172999999999999,6.85,6057.97,002083,0.03179,0.014430000000000002,-0.05965,-0.27111,-0.16505999999999998,,7.0416,7.14562,8.34582,8.84488,7.4729399999999995
2007-12-04,7.131,7.556,7.694,7.131,28540.51,002083,0.05339,0.0785,-0.01563,-0.23453000000000002,-0.12109,,7.1516,7.1399,8.30848,8.83641,7.47328
2007-12-05,7.556,7.688,7.752999999999999,7.556,18980.3,002083,0.01747,0.10396,0.00392,-0.20922,-0.14157999999999998,0.8992100000000001,7.2964,7.14133,8.27568,8.82611,7.48808
2007-12-06,7.777,7.927,8.041,7.478,22646.01,002083,0.031089999999999996,0.11444000000000001,0.0575,-0.25895,-0.10347999999999999,1.02478,7.4592,7.161860000000001,8.231,8.81867,7.504389999999999
2007-12-07,7.927,8.017000000000001,8.029,7.782999999999999,19512.66,002083,0.01135,0.15319000000000002,0.11116,-0.24545999999999998,-0.10664000000000001,1.02398,7.6722,7.20005,8.188939999999999,8.810889999999999,7.5208699999999995
2007-12-10,7.885,8.591000000000001,8.645,7.843,38215.09,002083,0.0716,0.19769,0.22623000000000001,-0.18545999999999999,-0.12967,1.13176,7.9558,7.275519999999999,8.15739,8.80048,7.53941
2007-12-11,8.663,8.555,8.663,8.346,26846.99,002083,-0.00419,0.13221,0.28126,-0.17772000000000002,-0.14782,1.1302299999999998,8.1556,7.36495,8.12756,8.78841,7.557869999999999
2007-12-12,8.376,8.597000000000001,8.603,8.363999999999999,14959.88,002083,0.00491,0.11824000000000001,0.22709000000000001,-0.15467,-0.20515999999999998,1.16059,8.3374,7.44071,8.10219,8.77037,7.576639999999999
2007-12-13,8.555,8.328,8.555,8.22,20561.43,002083,-0.03129,0.050589999999999996,0.1718,-0.11892,-0.21575,1.08565,8.4176,7.4988600000000005,8.084060000000001,8.75175,7.59426
2007-12-14,8.256,8.615,8.645,8.035,26706.16,002083,0.034460000000000005,0.07459,0.24243,-0.06794,-0.19282,1.1356,8.5372,7.5789,8.073939999999999,8.73502,7.6128800000000005
2007-12-17,8.573,8.974,8.974,8.573,34419.48,002083,0.04167,0.04458,0.282,-0.053579999999999996,-0.16389,1.17025,8.6138,7.6729,8.06574,8.72072,7.63255
2007-12-18,8.854,8.376,8.854,8.34,35094.36,002083,-0.06663999999999999,-0.020919999999999998,0.15039,-0.10369,-0.15658,1.00767,8.578,7.72505,8.05011,8.70807,7.64964
2007-12-19,8.453,8.555,8.573,8.256,49219.31,002083,0.02137,-0.00489,0.17207999999999998,-0.10400000000000001,-0.11677,1.1425,8.5696,7.784860000000001,8.0341,8.69888,7.668189999999999
2007-12-25,8.663,8.962,9.369,8.543,64191.14,002083,0.04757,0.07612999999999999,0.22784000000000001,-0.04892,-0.05782,1.1965700000000001,8.6964,7.86405,8.026660000000001,8.694410000000001,7.68803
2007-12-26,9.034,9.099,9.183,8.926,44198.22,002083,0.01529,0.056179999999999994,0.30096999999999996,-0.00979,0.05765,1.26851,8.7932,7.964289999999999,8.025210000000001,8.69844,7.70872
2007-12-27,9.123,8.962,9.303,8.932,39206.82,002083,-0.015059999999999999,-0.00134,0.25677,-0.02087,0.0,1.20902,8.7908,8.05148,8.02213,8.69844,7.72865
2007-12-28,8.914,9.082,9.171,8.914,26954.47,002083,0.01339,0.08429,0.2844,0.0053100000000000005,0.00132,1.2259799999999998,8.932,8.14724,8.0229,8.69854,7.748989999999999
2008-01-02,9.213,9.811,9.991,9.195,81948.02,002083,0.08027000000000001,0.14681,0.40037,0.10734,0.16645,1.41829,9.1832,8.28081,8.03824,8.70992,7.77238
2008-01-03,9.853,9.793,10.051,9.638,63166.22,002083,-0.00183,0.09272000000000001,0.40623000000000004,0.10455999999999999,0.17931,1.3734899999999999,9.3494,8.415519999999999,8.053189999999999,8.72202,7.79541
2008-01-04,9.859,9.799,9.901,9.321,96544.38,002083,0.00061,0.07693,0.37761999999999996,0.07057999999999999,0.2044,1.32866,9.4894,8.54343,8.06361,8.73554,7.81814
2008-01-07,9.093,9.399,9.793,8.681000000000001,518629.47,002083,-0.04082,0.048760000000000005,0.35199,0.041089999999999995,0.12053,1.2432,9.5768,8.65995,8.0696,8.74376,7.83932
2008-01-08,9.279,8.974,9.452,8.878,193661.73,002083,-0.045219999999999996,-0.011890000000000001,0.25108,-0.01374,0.08302999999999999,1.17974,9.5552,8.74571,8.06758,8.749360000000001,7.85906
2008-01-09,8.884,9.183,9.261,8.854,87402.89,002083,0.02329,-0.06401,0.21533000000000002,-0.00455,0.19167,1.28149,9.4296,8.823189999999999,8.0669,8.76137,7.8800300000000005
2008-01-10,9.201,9.614,9.68,9.087,161736.02,002083,0.04693,-0.01828,0.25051999999999996,0.0,0.16449,1.3993,9.3938,8.9149,8.0669,8.77241,7.902819999999999
2008-01-11,9.632,9.315,9.632,9.183,95029.25,002083,-0.0311,-0.049389999999999996,0.1751,-0.0012900000000000001,0.11130999999999999,1.36842,9.297,8.981,8.06671,8.77999,7.9247
2008-01-14,9.381,9.446,9.572,9.309,74003.13,002083,0.01406,0.005,0.17825,0.044910000000000005,0.15083,1.39564,9.3064,9.04905,8.073260000000001,8.79006,7.94707
2008-01-15,9.44,9.237,9.44,9.183,75630.8,002083,-0.02213,0.029310000000000003,0.07518999999999999,0.05892000000000001,0.08123999999999999,1.37333,9.359,9.07981,8.08155,8.7957,7.9688
2008-01-16,9.213,9.446,9.548,9.123,101838.54,002083,0.02263,0.02864,0.10415,0.08438,0.09952000000000001,1.38235,9.4116,9.12224,8.0934,8.80265,7.99108
2008-01-17,9.321,9.165,9.548,8.842,101584.52,002083,-0.02975,-0.0467,0.06607,0.05212000000000001,0.03723,1.31148,9.3218,9.149289999999999,8.10073,8.80533,8.01222
2008-01-18,9.411,9.584,9.871,9.381,142027.12,002083,0.04572,0.02888,0.15082,0.10630999999999999,0.09431,1.38645,9.3756,9.2091,8.11558,8.81204,8.03485
2008-01-21,9.59,9.434,9.787,9.333,126080.76,002083,-0.01565,-0.0012699999999999999,0.09507,0.07793,0.09659,1.3021,9.3732,9.2481,8.12658,8.8188,8.05654
2008-01-22,9.093,8.488999999999999,9.219,8.488999999999999,165103.05,002083,-0.10017000000000001,-0.08098,-0.05405,-0.05405,0.0,1.0529600000000001,9.2236,9.225,8.11876,8.8188,8.07424
2008-01-23,8.555,8.687000000000001,8.884,8.256,75209.04,002083,0.02332,-0.08035,0.03713,0.02988,0.03787,1.09376,9.0718,9.23981,8.122819999999999,8.82137,8.09269
2008-01-25,8.83,8.836,9.135,8.735,72022.89,002083,0.01715,-0.0359,0.03285,0.09006,-0.0033799999999999998,1.09533,9.006,9.25319,8.1346,8.82113,8.111460000000001
2008-01-28,8.681000000000001,7.951,8.83,7.951,65545.96,002083,-0.10016,-0.17039,-0.11281,0.013000000000000001,-0.13302999999999998,0.9685600000000001,8.6794,9.20505,8.136239999999999,8.81121,8.127369999999999
2008-01-29,8.076,7.872999999999998,8.25,7.598,38309.16,002083,-0.00981,-0.16547,-0.13474,0.07864,-0.14932,0.8853,8.3672,9.14667,8.1455,8.79998,8.142389999999999
2008-01-30,7.957000000000002,7.867000000000001,8.136000000000001,7.688,27865.96,002083,-0.0007599999999999999,-0.07327,-0.12218,0.0699,-0.17554,0.81812,8.2428,9.09452,8.153789999999999,8.78636,8.15678
2008-01-31,7.921,7.8370000000000015,8.25,7.825,37497.74,002083,-0.00381,-0.09785,-0.13708,0.08621000000000001,-0.17609,0.8444299999999999,8.0728,9.03524,8.16382,8.772739999999999,8.17137
2008-02-01,7.657999999999999,7.239,7.843,7.053,44888.46,002083,-0.0763,-0.18074,-0.26215,-0.02255,-0.24183000000000002,0.62967,7.7534,8.91276,8.16113,8.753969999999999,8.182739999999999
2008-02-04,7.55,7.962999999999999,7.962999999999999,7.55,62751.7,002083,0.10001,0.00151,-0.18687,0.00683,-0.18836,0.7854300000000001,7.7558,8.825619999999999,8.162,8.73894,8.19698
2008-02-05,8.041,8.196,8.346,7.897,60900.08,002083,0.02926,0.041030000000000004,-0.16359,0.08816,-0.20903000000000002,0.7262,7.8204,8.74929,8.17271,8.72133,8.211
2008-02-13,8.136000000000001,8.088,8.316,7.962999999999999,23872.71,002083,-0.01318,0.028089999999999997,-0.13948,0.0603,-0.1655,0.70813,7.8646,8.686860000000001,8.18013,8.70829,8.22463
2008-02-14,8.172,8.172,8.376,8.094,20775.31,002083,0.01039,0.04275,-0.08937,0.06462000000000001,-0.18206,0.81197,7.9316,8.64867,8.188130000000001,8.6935,8.239510000000001
2008-02-15,8.172,8.011000000000001,8.172,7.849,23451.94,002083,-0.0197,0.10664000000000001,-0.12763,0.0461,-0.20296,0.77078,8.086,8.59286,8.19382,8.676919999999999,8.253689999999999
2008-02-18,8.25,8.423,8.495,8.136000000000001,52523.69,002083,0.05143,0.05777,-0.12387999999999999,0.12367,-0.21435,0.79442,8.177999999999999,8.53614,8.20877,8.65824,8.26885
2008-02-19,8.423,8.836,8.992,8.328,70517.17,002083,0.049030000000000004,0.07808999999999999,-0.05142000000000001,0.22466999999999998,-0.17025,0.8466,8.306000000000001,8.51333,8.234919999999999,8.6435,8.28531
2008-02-20,8.842,8.974,9.201,8.735,125115.25,002083,0.015619999999999998,0.10955,-0.04997,0.2809,-0.11812,1.0,8.4832,8.490860000000001,8.26666,8.63372,8.30355
2008-02-21,8.974,8.968,9.171,8.782,74484.07,002083,-0.00067,0.09741,-0.02912,0.34312,-0.12078,0.99644,8.6424,8.47805,8.30361,8.62371,8.32175
2008-02-22,9.034,9.064,9.243,8.567,101643.17,002083,0.0107,0.13144,-0.04044,0.29375,-0.07557,1.05766,8.853,8.45986,8.33681,8.61768,8.340689999999999
2008-02-25,9.333,8.866,9.333,8.764,106956.1,002083,-0.021840000000000002,0.05259,-0.032619999999999996,0.2475,-0.0614,1.00861,8.9416,8.44562,8.36518,8.612969999999999,8.35878
2008-02-26,9.034,8.675,9.153,8.286,75172.47,002083,-0.02154,-0.01822,-0.09485,0.25108,-0.09314,0.9235,8.9094,8.402330000000001,8.39326,8.60572,8.37572
2008-02-27,8.722999999999999,9.016,9.123,8.495,65709.87,002083,0.039310000000000005,0.00468,-0.04431,0.28800000000000003,-0.040139999999999995,1.01115,8.9178,8.382430000000001,8.42577,8.60266,8.39414
2008-02-28,8.884,8.705,9.004,8.621,46630.48,002083,-0.03449,-0.029330000000000002,0.02544,0.19558,-0.08714,0.94395,8.8652,8.392710000000001,8.448739999999999,8.5959,8.41133
2008-02-29,8.627,8.806000000000003,9.028,8.627,37474.44,002083,0.0116,-0.028460000000000003,0.0137,0.20647,-0.09701,0.98244,8.8136,8.39838,8.47305,8.58821,8.42907
2008-03-03,8.693,9.213,9.333,8.693,80437.81,002083,0.04622,0.03914,0.04267,0.26223,-0.08337,0.88559,8.883,8.41633,8.503919999999999,8.5814,8.44665
2008-03-04,9.321,9.47,9.686,9.087,130894.38,002083,0.0279,0.09164,0.19105,0.35402,-0.028919999999999998,0.76153,9.042,8.488669999999999,8.54385,8.57911,8.4633
2008-03-05,9.56,9.65,9.692,9.201,177190.12,002083,0.01901,0.07032000000000001,0.22571,0.35325,0.00878,0.7548600000000001,9.1688,8.57329,8.584480000000001,8.57979,8.48017
2008-03-06,9.764,9.68,10.308,9.614,227060.76,002083,0.0031100000000000004,0.11199999999999999,0.23046,0.36896999999999996,-0.00124,0.74132,9.3638,8.65962,8.626560000000001,8.57969,8.49692
2008-03-07,9.512,9.207,9.626,9.159,84985.0,002083,-0.04886,0.04554,0.17481,0.31416,-0.032060000000000005,0.64823,9.443999999999999,8.724860000000001,8.66206,8.577210000000001,8.51164
2008-03-10,9.034,9.058,9.428,8.914,54568.51,002083,-0.01618,-0.016819999999999998,0.25128,0.30069,-0.044719999999999996,0.58634,9.413,8.81148,8.695839999999999,8.57376,8.52525
2008-03-11,9.034,9.363,9.428,8.974,45077.95,002083,0.03367,-0.0113,0.17581,0.31632,-0.00256,0.77666,9.3916,8.87814,8.73213,8.57357,8.541889999999999
2008-03-12,9.518,9.333,9.626,9.153,52917.34,002083,-0.0032,-0.03285,0.13873,0.34249,-0.051620000000000006,0.60997,9.3282,8.93229,8.77053,8.56944,8.55626
2008-03-13,9.273,8.776,9.273,8.615,60018.57,002083,-0.05968,-0.09339,0.08506,0.22348,-0.11093,0.44105,9.1474,8.96505,8.796389999999999,8.56054,8.56718
2008-03-14,8.717,8.567,8.896,8.441,33751.98,002083,-0.023809999999999998,-0.06951,0.04834,0.1338,-0.1188,0.44128999999999996,9.0194,8.98386,8.81269,8.55115,8.57785
2008-03-17,8.465,7.7120000000000015,8.567,7.7120000000000015,54300.23,002083,-0.0998,-0.1486,-0.03732,0.00312,-0.27905,0.32623,8.7502,8.969619999999999,8.813080000000001,8.52688,8.585560000000001
2008-03-18,7.417999999999998,7.119,7.999,6.94,89566.22,002083,-0.07689,-0.23967,-0.15481,-0.10192999999999999,-0.32998,0.1867,8.3014,8.90752,8.80005,8.49837,8.590110000000001
2008-03-19,7.478,7.417999999999998,7.646,7.1789999999999985,73419.51,002083,0.042,-0.20519,-0.16047999999999998,-0.07472000000000001,-0.29667,0.23387,7.9184,8.84,8.790389999999999,8.47293,8.59583
2008-03-20,7.1789999999999985,8.017000000000001,8.118,6.952000000000001,97681.14,002083,0.08075,-0.08649,-0.10664000000000001,-0.06681000000000001,-0.22943000000000002,0.32842,7.7666,8.79443,8.781130000000001,8.45353,8.60388
2008-03-21,7.951,8.07,8.435,7.867000000000001,86294.81,002083,0.0066099999999999996,-0.05801,-0.10013,-0.05669,-0.20649,0.33102,7.6672,8.751669999999999,8.77331,8.43646,8.612039999999999
2008-03-24,8.286,8.011000000000001,8.382,7.957000000000002,51375.25,002083,-0.00731,0.03877,-0.11617000000000001,-0.06816,-0.15245,0.3163,7.727,8.70152,8.76385,8.42474,8.61987
2008-03-26,8.376,8.722999999999999,8.764,8.262,117110.26,002083,0.08888,0.22530999999999998,-0.016130000000000002,0.04743,-0.056260000000000004,0.46753,8.0478,8.69471,8.77023,8.42051,8.631160000000001
2008-03-27,8.537,8.25,8.675,8.244,67925.37,002083,-0.054220000000000004,0.11216,-0.04899,-0.04237,-0.12993,0.41873999999999995,8.2142,8.67448,8.764339999999999,8.4105,8.641060000000001
2008-03-28,7.945,8.8,8.8,7.777,118224.66,002083,0.06667000000000001,0.09767,-0.02396,-0.01939,-0.058320000000000004,0.49558,8.3708,8.66419,8.76153,8.40607,8.65291
2008-03-31,8.376,8.405,8.842,8.316,70235.81,002083,-0.04489,0.041510000000000005,-0.034460000000000005,0.00346,-0.11971,0.44193000000000005,8.4378,8.6499,8.762,8.39677,8.66339
2008-04-01,8.376,7.568,8.376,7.568,74510.13,002083,-0.09958,-0.0553,-0.14059000000000002,-0.11537,-0.19685999999999998,0.2664,8.3492,8.59095,8.746080000000001,8.381689999999999,8.66986
2008-04-02,7.717,7.119,7.771,6.898,61739.8,002083,-0.059329999999999994,-0.18388,-0.22729000000000002,-0.20565,-0.22526999999999997,0.15157,8.0284,8.49124,8.71635,8.36486,8.67367
2008-04-03,7.107,7.317,7.478,6.581,49214.46,002083,0.02781,-0.11309000000000001,-0.22735,-0.19585,-0.20059000000000002,0.18802,7.8418,8.388710000000001,8.687610000000001,8.34993,8.67837
2008-04-07,7.149,7.771,7.8610000000000015,7.035,47228.61,002083,0.06205,-0.11692999999999999,-0.19472,-0.13289,-0.13981,0.22261999999999998,7.636,8.29924,8.6684,8.33967,8.68413
2008-04-08,7.646,7.867000000000001,8.064,7.55,61487.29,002083,0.01235,-0.06401,-0.18729,-0.13377999999999998,-0.11208,0.24045999999999998,7.5284,8.2129,8.648810000000001,8.33159,8.69033
2008-04-09,7.813,7.082999999999998,7.8370000000000015,7.082999999999998,60289.96,002083,-0.09966,-0.06409,-0.23069,-0.27806,-0.20110999999999998,0.0771,7.4314,8.11176,8.60481,8.3171,8.69239
2008-04-10,6.94,7.298999999999999,7.341,6.88,38008.46,002083,0.0305,0.02528,-0.19419,-0.25467,-0.20256,0.10624000000000001,7.4674,8.027999999999999,8.56458,8.302019999999999,8.69524
2008-04-11,7.376,7.43,7.652,7.298999999999999,35064.79,002083,0.01795,0.01544,-0.20645,-0.24176,-0.177,0.13383,7.49,7.93595,8.52637,8.28903,8.6988
2008-04-14,7.059,7.107,7.275,6.9220000000000015,39369.36,002083,-0.04347,-0.08545,-0.23851,-0.24386,-0.21893,0.11657999999999999,7.3572,7.82995,8.4894,8.272839999999999,8.70182
2008-04-15,7.077000000000001,7.478,7.532,6.97,39501.74,002083,0.0522,-0.04945,-0.1479,-0.1667,-0.18938,0.17486,7.2794,7.76814,8.46527,8.25863,8.706339999999999
2008-04-16,7.472,7.359,7.688,7.298999999999999,44588.79,002083,-0.01591,0.03897,-0.14101,-0.19863,-0.23455,0.14306,7.3346,7.71062,8.43585,8.2403,8.71009
2008-04-17,7.365,7.107,7.598,6.976,40180.15,002083,-0.03424,-0.0263,-0.07845,-0.26077,-0.23801999999999998,0.10237,7.2962,7.6818100000000005,8.39542,8.22225,8.712769999999999
2008-04-18,6.994,6.7360000000000015,7.149,6.706,30915.1,002083,-0.0522,-0.09341,-0.0538,-0.27687,-0.25487,-0.00941,7.1574,7.66357,8.353819999999999,8.20352,8.71251
2008-04-21,7.317,6.06,7.329,6.06,92044.35,002083,-0.10036,-0.14732,-0.18307,-0.35846,-0.30528,-0.1058,6.9479999999999995,7.5989,8.29921,8.18187,8.709589999999999
2008-04-22,5.809,5.648,5.832999999999998,5.456,74694.48,002083,-0.06799,-0.24472,-0.2955,-0.38855,-0.35162,-0.16940999999999998,6.582000000000001,7.4861,8.24132,8.15697,8.70491
2008-04-23,5.5520000000000005,5.809,5.9110000000000005,5.474,70726.16,002083,0.02851,-0.21063,-0.28017,-0.38503000000000004,-0.33314,-0.15259,6.272,7.378430000000001,8.18266,8.13337,8.700660000000001
2008-04-24,6.3420000000000005,6.382999999999999,6.3889999999999985,6.066,126979.68,002083,0.09881000000000001,-0.10187,-0.20322,-0.30355,-0.26319000000000004,-0.07506,6.1272,7.3009,8.137789999999999,8.11484,8.69855
2008-04-25,6.395,6.653,6.88,6.2879999999999985,97648.25,002083,0.0423,-0.012320000000000001,-0.2373,-0.30582,-0.23983000000000002,-0.054029999999999995,6.1106,7.20233,8.09052,8.09777,8.69701
2008-04-28,6.461,6.7,6.892,6.461,71210.33,002083,0.0070599999999999994,0.10561,-0.18788,-0.2898,-0.2534,-0.0578,6.2386,7.12852,8.04642,8.07928,8.69534
2008-04-29,6.7,6.7,6.778,6.5870000000000015,45183.51,002083,0.0,0.18625999999999998,-0.23864000000000002,-0.21074,-0.20569,-0.11957999999999999,6.449,7.028519999999999,8.017560000000001,8.06518,8.69164
2008-04-30,6.76,6.976,6.976,6.718,68868.01,002083,0.04119,0.2009,-0.17002,-0.19696,-0.1394,-0.09742999999999999,6.6824,6.9604800000000004,7.98997,8.05599,8.68858
2008-05-05,7.131,7.2810000000000015,7.305,6.988,64737.25,002083,0.04372,0.14069,-0.03792,-0.17598,-0.07237,-0.14371,6.862,6.94681,7.96489,8.05137,8.68361
2008-05-06,7.1789999999999985,7.245,7.388,7.059,70014.2,002083,-0.00494,0.08897999999999999,0.0177,-0.08879,-0.0074,-0.13067,6.9804,6.95281,7.9535,8.050930000000001,8.67918
2008-05-07,7.46,7.149,7.664,7.119,114992.54,002083,-0.01325,0.06701,-0.022959999999999998,-0.09196,-0.027739999999999997,-0.21783000000000002,7.0702,6.94481,7.94182,8.04928,8.67109
2008-05-08,7.185,7.622000000000001,7.633999999999999,7.1789999999999985,74882.97,002083,0.06616,0.13760999999999998,-0.01917,-0.031139999999999998,0.05641,-0.18725,7.2546,6.937710000000001,7.937869999999999,8.052589999999999,8.66395
2008-05-09,7.664,7.622000000000001,7.825,7.4060000000000015,84909.8,002083,0.0,0.0926,-0.031139999999999998,-0.02743,0.029169999999999998,-0.20736,7.3838,6.92605,7.9344,8.05434,8.65585
2008-05-12,7.592,7.706,7.867000000000001,7.478,89184.75,002083,0.01102,0.058370000000000005,0.08796,0.06451,-0.02567,-0.19012,7.4688,6.955710000000001,7.94194,8.05269,8.648489999999999
2008-05-13,7.343,7.3610000000000015,7.6789999999999985,7.316,98807.58,002083,-0.04477,0.01601,0.008490000000000001,-0.0756,-0.0227,-0.23123000000000002,7.492000000000001,6.95867,7.932230000000001,8.0513,8.639489999999999
2008-05-14,7.379,7.497999999999998,7.633999999999999,7.3610000000000015,71892.14,002083,0.018609999999999998,0.04882,0.00915,-0.08516,-0.01704,-0.18818,7.5618,6.9619,7.92097,8.050239999999999,8.632430000000001
2008-05-15,7.516,7.461,7.707000000000002,7.325,73782.47,002083,-0.0049299999999999995,-0.02112,0.04981,-0.07752,-0.028010000000000004,-0.18592,7.5296,6.97876,7.91085,8.0485,8.6255
2008-05-16,7.443,7.152,7.534,6.989,83626.43,002083,-0.04142,-0.06166,-0.04359,-0.12482,-0.06607,-0.22371,7.4356,6.963239999999999,7.8944,8.04438,8.61712
2008-05-19,7.152,7.234,7.297999999999999,6.8889999999999985,52876.49,002083,0.011470000000000001,-0.06125,-0.01699,-0.09698999999999999,-0.03495,-0.17851,7.3412,6.9572899999999995,7.881869999999999,8.04225,8.61073
2008-05-20,7.2429999999999986,6.797999999999999,7.3610000000000015,6.725,56694.4,002083,-0.060270000000000004,-0.07647999999999999,-0.04348,-0.19292,-0.0578,-0.23635,7.2286,6.94257,7.85566,8.038860000000001,8.60218
2008-05-21,6.68,6.8889999999999985,7.0070000000000014,6.416,67367.56,002083,0.01339,-0.08122,0.02271,-0.22035,-0.0167,-0.21188,7.1068,6.94986,7.824260000000001,8.03791,8.59465
2008-05-22,6.797999999999999,6.952000000000001,7.225,6.707000000000002,74759.85,002083,0.00915,-0.06822,0.14719000000000002,-0.22532,0.04119,-0.20675,7.005,6.99233,7.79165,8.04015,8.58728
2008-05-23,6.979,6.734,7.061,6.607,42955.52,002083,-0.03136,-0.05845,0.19228,-0.24911,-0.03882,-0.25706,6.9214,7.04405,7.755610000000001,8.037930000000001,8.577810000000001
2008-05-26,6.734,6.461,6.8610000000000015,6.452000000000001,45530.4,002083,-0.04054,-0.10686,0.11224,-0.28718,-0.0909,-0.30773,6.7668,7.0751,7.71363,8.032680000000001,8.566139999999999
2008-05-27,6.3889999999999985,6.516,6.58,6.3889999999999985,31019.18,002083,0.00851,-0.04148,0.02084,-0.26506,-0.06027999999999999,-0.31454,6.7104,7.08143,7.675730000000001,8.02928,8.553980000000001
2008-05-28,6.516,6.698,6.752000000000002,6.452000000000001,36153.25,002083,0.02793,-0.02773,0.0067599999999999995,-0.2279,-0.04314,-0.3328,6.6722,7.08357,7.643839999999999,8.02683,8.5404
2008-05-29,6.671,6.5070000000000014,6.725,6.48,36561.56,002083,-0.02852,-0.06401,-0.028810000000000002,-0.27828,-0.1063,-0.34557,6.5832,7.074380000000001,7.60337,8.020539999999999,8.52643
2008-05-30,6.48,6.516,6.607,6.398,26583.24,002083,0.0013800000000000002,-0.032369999999999996,-0.027460000000000002,-0.25146,-0.10727,-0.34742,6.5396,7.06562,7.568060000000001,8.01417,8.51233
2008-06-02,6.534,6.5070000000000014,6.58,6.434,25707.08,002083,-0.0013800000000000002,0.0071200000000000005,-0.06723,-0.26106999999999997,-0.10851,-0.32148000000000004,6.5488,7.04329,7.5309800000000005,8.00773,8.4998
2008-06-03,6.48,6.689,6.707000000000002,6.297999999999999,62259.9,002083,0.02797,0.02655,-0.08131000000000001,-0.27396,-0.04361,-0.28786999999999996,6.5834,7.0151,7.49027,8.00525,8.48881
2008-06-04,6.58,6.461,6.68,6.371,35576.11,002083,-0.034089999999999995,-0.03538,-0.10820999999999999,-0.31774,-0.09396,-0.31774,6.5360000000000005,6.977760000000001,7.441739999999999,7.9998,8.47658
2008-06-05,6.461,6.362,6.471,6.325,30485.57,002083,-0.015319999999999999,-0.02228,-0.11009000000000001,-0.34073000000000003,-0.10027,-0.36284,6.507000000000001,6.940289999999999,7.3887100000000006,7.994039999999999,8.46185
2008-06-06,6.362,6.3889999999999985,6.471,6.343,22897.84,002083,0.00424,-0.01949,-0.16177,-0.33998,-0.08807000000000001,-0.28901,6.4816,6.88157,7.33563,7.98902,8.45129
2008-06-10,6.153,5.752999999999999,6.18,5.752999999999999,41105.34,002083,-0.09955,-0.11588,-0.24520999999999998,-0.37515,-0.17389000000000002,-0.40271999999999997,6.3308,6.7925699999999996,7.27992,7.97918,8.43552
2008-06-11,5.634,5.425,5.634,5.316,44699.25,002083,-0.057010000000000005,-0.18897,-0.29600000000000004,-0.40108,-0.23731,-0.44061000000000006,6.077999999999999,6.68395,7.2213199999999995,7.96546,8.41815
2008-06-12,5.425,5.162000000000001,5.48,5.062,48217.71,002083,-0.04848,-0.20105,-0.29874,-0.44868,-0.25748000000000004,-0.40864,5.8182,6.5792399999999995,7.153560000000001,7.9509,8.40365
2008-06-13,5.171,4.817,5.244,4.817,43451.59,002083,-0.06683,-0.24285,-0.35756,-0.48386999999999997,-0.32845,-0.4393,5.5092,6.451569999999999,7.08073,7.93175,8.38831
2008-06-16,4.8439999999999985,4.789,4.944,4.662,31788.86,002083,-0.00581,-0.25043000000000004,-0.35813,-0.45431000000000005,-0.3662,-0.44295,5.1892,6.324330000000001,7.01642,7.90925,8.37283
2008-06-17,4.798,4.508,4.935,4.471,39449.68,002083,-0.058679999999999996,-0.21641,-0.36969,-0.47379,-0.41363,-0.49665,4.9402,6.19843,6.95095,7.8834,8.35475
2008-06-18,4.499,4.835,4.88,4.299,66209.4,002083,0.07254,-0.10876,-0.33163000000000004,-0.37305,-0.39006,-0.45318,4.8222,6.08419,6.90455,7.8582600000000005,8.338460000000001
2008-06-20,4.435,4.853,5.107,4.353,121239.26,002083,0.00372,-0.059860000000000003,-0.28611,-0.3183,-0.39466,-0.45921999999999996,4.7604,5.991569999999999,6.867999999999999,7.83254,8.321710000000001
2008-06-23,4.762,4.771,5.035,4.598,69803.38,002083,-0.0169,-0.00955,-0.30745,-0.35683000000000004,-0.44465,-0.51666,4.7512,5.8907099999999994,6.825310000000001,7.801480000000001,8.300980000000001
2008-06-24,4.78,4.935,4.998,4.698,59548.51,002083,0.03437,0.030489999999999996,-0.29013,-0.38443,-0.42313999999999996,-0.50842,4.7804,5.79467,6.7756,7.77205,8.28023
2008-06-25,4.944,5.235,5.235,4.898,67034.15,002083,0.06079,0.16127,-0.2226,-0.3513,-0.39107,-0.51599,4.9258,5.72329,6.72987,7.74472,8.257539999999999
2008-06-26,5.189,5.162000000000001,5.316,5.026,68832.27,002083,-0.013940000000000001,0.06763,-0.20105,-0.35564,-0.38016,-0.51389,4.9912,5.66143,6.68392,7.71898,8.23536
2008-06-27,4.962,4.644,4.998,4.644,73878.25,002083,-0.10035,-0.04307,-0.28729,-0.46761,-0.46093999999999996,-0.56488,4.9494,5.57229,6.618130000000001,7.68669,8.21085
2008-06-30,4.562,4.671,4.726,4.499,45736.54,002083,0.00581,-0.02096,-0.30263,-0.43382,-0.4795,-0.5648,4.9294,5.47576,6.5604,7.6517100000000005,8.18621
2008-07-01,4.6530000000000005,4.58,4.735,4.499,33539.78,002083,-0.01948,-0.07194,-0.29614,-0.47955,-0.4532,-0.53882,4.8584,5.3839999999999995,6.49234,7.62085,8.16446
2008-07-02,4.617,4.617,4.726,4.562,25823.96,002083,0.00808,-0.11805,-0.29144000000000003,-0.45068,-0.46032,-0.5233300000000001,4.7348,5.29357,6.43124,7.588830000000001,8.14385
2008-07-03,4.589,4.8889999999999985,4.98,4.399,75046.15,002083,0.058910000000000004,-0.05289,-0.24866,-0.35399,-0.45447,-0.48602,4.6802,5.21652,6.3880300000000005,7.55572,8.125060000000001
2008-07-04,4.8439999999999985,5.08,5.126,4.817,102025.99,002083,0.03907,0.09387999999999999,-0.24054,-0.28642,-0.4417,-0.40951,4.7674,5.1399,6.35515,7.523039999999999,8.11074
2008-07-07,5.198,5.589,5.589,5.135,187774.53,002083,0.1002,0.19652999999999998,-0.13496,-0.23615999999999998,-0.37637,-0.37637,4.9510000000000005,5.098380000000001,6.3272699999999995,7.49562,8.09703
2008-07-08,5.589,5.752999999999999,5.934,5.4620000000000015,209445.71,002083,0.029339999999999998,0.25611,-0.09572,-0.25968,-0.36655,-0.36571,5.1856,5.069380000000001,6.29473,7.46855,8.08354
2008-07-09,5.68,5.744,5.853,5.625,127555.84,002083,-0.00156,0.2441,-0.10095,-0.26986,-0.41453,-0.31708000000000003,5.4110000000000005,5.03867,6.26048,7.43549,8.0727
2008-07-10,5.725,5.589,5.907,5.58,114798.61,002083,-0.02698,0.14318,-0.02851,-0.21093,-0.42928999999999995,-0.32695,5.551,5.03086,6.23639,7.4013100000000005,8.06167
2008-07-11,5.497999999999998,5.997999999999998,6.107,5.435,197519.48,002083,0.07318,0.18070999999999998,0.10562,-0.17824,-0.3879,-0.26278,5.7346,5.05814,6.2154,7.370410000000001,8.05298
2008-07-14,5.997999999999998,6.371,6.525,5.907,195280.55,002083,0.062189999999999995,0.13992000000000002,0.23421,-0.14253,-0.32216,-0.24045999999999998,5.891,5.11571,6.19832,7.345789999999999,8.044780000000001
2008-07-15,6.407,6.225,6.561,5.78,205828.72,002083,-0.02292,0.08204,0.2923,-0.1241,-0.30633,-0.24873,5.9854,5.18276,6.1841,7.32344,8.0364
2008-07-16,6.0070000000000014,5.9529999999999985,6.452000000000001,5.789,153629.34,002083,-0.04369,0.03639,0.24306,-0.20393,-0.35174,-0.22749,6.0272,5.23819,6.1595,7.29718,8.02927
2008-07-17,6.153,5.997999999999998,6.416,5.834,143848.22,002083,0.007559999999999999,0.07318,0.33052,-0.18494000000000002,-0.37611999999999995,-0.2735,6.109,5.30914,6.13755,7.26778,8.02009
2008-07-18,6.042999999999998,6.134,6.252000000000002,5.4529999999999985,147796.61,002083,0.02267,0.02267,0.26866999999999996,-0.13691,-0.34149,-0.26819,6.1362,5.371,6.12185,7.2419199999999995,8.01096
2008-07-21,6.134,6.589,6.725,6.025,204063.23,002083,0.07418,0.03422,0.35772,-0.02182,-0.30246,-0.19725,6.1798,5.45367,6.11948,7.21869,8.00437
2008-07-22,6.497999999999998,6.489,6.707000000000002,6.371,158079.16,002083,-0.01518,0.04241,0.36009,0.07078999999999999,-0.2975,-0.24043,6.2326,5.535480000000001,6.1264,7.19635,7.99602
2008-07-23,6.48,6.2429999999999986,6.6160000000000005,6.2429999999999986,119751.45,002083,-0.03791,0.04871,0.26505,0.10535,-0.33909,-0.27331,6.2906,5.59776,6.136,7.170310000000001,7.98648
2008-07-25,6.343,6.362,6.607,6.297999999999999,120877.43,002083,0.01906,0.06069,0.21528000000000003,0.0952,-0.30584,-0.27999,6.3634,5.65143,6.14492,7.14752,7.97642
2008-07-28,6.434,6.352,6.516,6.297999999999999,77259.05,002083,-0.00157,0.035539999999999995,0.23053,-0.00486,-0.33723000000000003,-0.27471999999999996,6.407,5.7081,6.144419999999999,7.121239999999999,7.966639999999999
2008-07-29,6.252000000000002,6.062,6.252000000000002,5.907,84298.15,002083,-0.04565,-0.07998,0.30534,-0.08882999999999999,-0.35743,-0.29536,6.3016,5.77562,6.13489,7.0938300000000005,7.95631
2008-07-30,6.134,5.971,6.189,5.907,55115.89,002083,-0.015009999999999999,-0.07983,0.27831,-0.10880999999999999,-0.29662,-0.29662,6.1979999999999995,5.83752,6.123130000000001,7.073360000000001,7.94608
2008-07-31,6.034,5.734,6.042999999999998,5.689,57606.11,002083,-0.039689999999999996,-0.08152999999999999,0.25196999999999997,-0.14418,-0.33993,-0.31493000000000004,6.0962,5.89248,6.10755,7.04935,7.93536
2008-08-01,5.997999999999998,6.025,6.134,5.8889999999999985,155824.0,002083,0.05075,-0.05297,0.30496,-0.13632,-0.31813,-0.32044,6.0288,5.9595199999999995,6.09221,7.0265,7.9238100000000005
2008-08-04,5.907,5.644,5.907,5.634,84388.5,002083,-0.06324,-0.11145999999999999,0.15442999999999998,-0.22483000000000003,-0.29015,-0.38458000000000003,5.8872,5.995480000000001,6.06581,7.007739999999999,7.90948
2008-08-05,5.634,5.135,5.707000000000002,5.107,75553.1,002083,-0.09018,-0.15292,0.01083,-0.29124,-0.34776999999999997,-0.44516000000000006,5.7018,5.9981,6.03177,6.98548,7.89273
2008-08-06,5.216,5.226,5.271,4.998,56784.19,002083,0.01772,-0.12477,-0.06495,-0.26899,-0.33571,-0.45232,5.5528,5.98081,6.00076,6.964010000000001,7.87518
2008-08-07,5.207000000000002,5.425,5.425,4.935,61006.44,002083,0.03808,-0.05389,-0.057010000000000005,-0.28824,-0.30777,-0.42967,5.4910000000000005,5.96519,5.965319999999999,6.9444,7.858569999999999
2008-08-08,5.562,5.153,5.716,5.144,104088.95,002083,-0.05014,-0.14473,-0.10289000000000001,-0.32393,-0.28815999999999997,-0.46031000000000005,5.3166,5.93705,5.9255,6.92744,7.8407
2008-08-12,4.635,4.635,4.771,4.635,88913.8,002083,-0.10052,-0.17877,-0.17069,-0.39852,-0.41793,-0.52757,5.1148,5.89162,5.87597,6.90038,7.819660000000001
2008-08-13,4.517,4.462,4.598,4.18,66616.79,002083,-0.03732,-0.13105999999999998,-0.25609,-0.39383,-0.45558999999999994,-0.56939,4.9802,5.81848,5.82921,6.870019999999999,7.79568
2008-08-14,4.362,4.526,4.617,4.3260000000000005,41011.2,002083,0.01434,-0.13395,-0.28959,-0.39637,-0.44041,-0.5330199999999999,4.8402,5.73062,5.78127,6.841069999999999,7.77468
2008-08-15,4.544,4.508,4.58,4.362,32811.06,002083,-0.00398,-0.16902999999999999,-0.27581999999999995,-0.39579000000000003,-0.44836000000000004,-0.54879,4.6568,5.64886,5.73365,6.81128,7.752389999999999
2008-08-18,4.562,4.053,4.626,4.053,58355.07,002083,-0.10092999999999999,-0.21347,-0.31917,-0.43331000000000003,-0.49407,-0.5967600000000001,4.4368,5.5583800000000005,5.68366,6.7791,7.72801
2008-08-19,3.999,4.144,4.19,3.917,44742.45,002083,0.02245,-0.10593,-0.3091,-0.42715,-0.5080100000000001,-0.61347,4.3386,5.4701,5.63382,6.7443100000000005,7.70127
2008-08-20,4.099,4.562,4.562,3.981,87624.36,002083,0.10087,0.02241,-0.25628,-0.32892,-0.4837,-0.5716,4.3586,5.39524,5.59776,6.709560000000001,7.6765300000000005
2008-08-21,4.453,4.317,4.6080000000000005,4.308,62540.33,002083,-0.0537,-0.04618,-0.34481999999999996,-0.37335,-0.51894,-0.57577,4.3168,5.28705,5.55627,6.6717,7.652710000000001
2008-08-22,4.299,4.18,4.371,4.044,33986.68,002083,-0.03174,-0.07276,-0.35583000000000004,-0.39873000000000003,-0.5339,-0.5902,4.2512,5.1771,5.51156,6.63277,7.628239999999999
2008-08-25,4.19,4.18,4.308,4.099,24594.8,002083,0.0,0.031330000000000004,-0.33045,-0.37927,-0.53883,-0.5736899999999999,4.2766,5.07886,5.47037,6.59307,7.60537
2008-08-26,4.1530000000000005,3.844,4.1530000000000005,3.79,34177.91,002083,-0.08038,-0.07239,-0.39579000000000003,-0.40505,-0.56643,-0.59306,4.2166,4.95895,5.42816,6.55224,7.5826
2008-08-27,3.862,3.799,3.953,3.672,28566.38,002083,-0.01171,-0.16725,-0.40192,-0.41697,-0.56207,-0.6028600000000001,4.064,4.8373800000000005,5.38434,6.51259,7.55916
2008-08-28,3.808,3.826,3.871,3.735,17824.2,002083,0.007109999999999999,-0.11374000000000001,-0.36885999999999997,-0.42878,-0.5756399999999999,-0.59268,3.9658,4.7309,5.338019999999999,6.4704,7.53653
2008-08-29,3.853,3.962,4.053,3.835,37775.8,002083,0.03555,-0.05215,-0.33646,-0.39111999999999997,-0.54486,-0.5845199999999999,3.9222,4.6352400000000005,5.29697,6.43184,7.51387
2008-09-01,3.935,3.826,3.935,3.762,27136.13,002083,-0.03433,-0.08469,-0.33275,-0.41283000000000003,-0.56552,-0.6076699999999999,3.8514,4.54438,5.25358,6.39135,7.4897800000000005
2008-09-02,3.771,3.881,3.953,3.726,23519.37,002083,0.01438,0.00963,-0.35585,-0.40357,-0.57875,-0.61387,3.8588,4.44229,5.2112300000000005,6.348,7.4647
2008-09-03,3.844,3.935,3.981,3.799,31733.39,002083,0.013909999999999999,0.0358,-0.3028,-0.41172,-0.58448,-0.59649,3.886,4.3609,5.16681,6.303,7.44105
2008-09-04,3.908,4.0710000000000015,4.162,3.89,51766.44,002083,0.03456,0.06404,-0.20720999999999998,-0.36991,-0.57813,-0.57443,3.935,4.31024,5.12826,6.25764,7.4187199999999995
2008-09-05,3.917,3.826,3.981,3.817,38996.19,002083,-0.06018,-0.03433,-0.26789,-0.39862,-0.60475,-0.60524,3.9078,4.24357,5.08735,6.21005,7.39487
2008-09-08,3.808,3.608,3.871,3.5810000000000004,31967.32,002083,-0.056979999999999996,-0.056979999999999996,-0.33493,-0.43528,-0.60812,-0.62069,3.8642,4.15705,5.0425,6.16453,7.37087
2008-09-09,3.662,3.681,3.717,3.59,18455.11,002083,0.02023,-0.05152999999999999,-0.28565999999999997,-0.36016,-0.59362,-0.61179,3.8242,4.08695,5.00908,6.12081,7.347289999999999
2008-09-10,3.635,3.653,3.781,3.599,25570.57,002083,-0.00761,-0.07166,-0.21186999999999998,-0.32664,-0.60985,-0.6108399999999999,3.7678,4.04019,4.9805,6.07439,7.323980000000001
2008-09-11,3.672,3.635,3.708,3.562,22807.05,002083,-0.0049299999999999995,-0.1071,-0.18534,-0.29581999999999997,-0.61052,-0.63063,3.6806,4.0008099999999995,4.95587,6.02807,7.29875
2008-09-12,3.59,3.635,3.681,3.59,14643.41,002083,0.0,-0.04992,-0.19685999999999998,-0.24538000000000001,-0.5858,-0.63175,3.6424,3.9583800000000005,4.9368099999999995,5.986269999999999,7.2734
2008-09-16,3.644,3.553,3.644,3.553,26418.45,002083,-0.02256,-0.01524,-0.21185,-0.25809,-0.58527,-0.63454,3.6314,3.9129,4.916869999999999,5.9455,7.24833
2008-09-17,3.572,3.363,3.617,3.344,27832.52,002083,-0.05347999999999999,-0.08639,-0.17024,-0.25399,-0.56393,-0.68561,3.5678,3.88005,4.8984,5.91015,7.21851
2008-09-18,3.281,3.199,3.317,3.026,52978.51,002083,-0.04877,-0.12428,-0.22804000000000002,-0.33837,-0.55064,-0.69892,3.477,3.83505,4.87202,5.87828,7.1883300000000006
2008-09-19,3.517,3.517,3.517,3.426,40388.61,002083,0.09941,-0.03246,-0.22906999999999997,-0.27529000000000003,-0.52588,-0.6665399999999999,3.4534,3.7852900000000003,4.85047,5.84656,7.15975
2008-09-22,3.771,3.726,3.871,3.535,86499.82,002083,0.05943,0.02503,-0.1369,-0.21903000000000003,-0.5352399999999999,-0.6418699999999999,3.4716,3.75714,4.83361,5.8116699999999994,7.1326
2008-09-23,3.617,3.408,3.617,3.399,56693.79,002083,-0.08535,-0.04081,-0.18469000000000002,-0.30942,-0.5777,-0.6649,3.4426,3.7203800000000005,4.80898,5.77377,7.105110000000001
2008-09-24,3.326,3.644,3.662,3.281,57675.57,002083,0.06925,0.08356,-0.12822999999999998,-0.30391999999999997,-0.54513,-0.61447,3.4988,3.69486,4.78332,5.73827,7.0815
2008-09-25,3.635,3.69,3.826,3.59,57754.76,002083,0.012620000000000001,0.15349000000000002,-0.040060000000000005,-0.28515999999999997,-0.57698,-0.60078,3.597,3.6875199999999997,4.759580000000001,5.69735,7.05893
2008-09-26,3.726,3.572,3.744,3.553,43703.39,002083,-0.03198,0.01564,-0.05975,-0.23084000000000002,-0.56703,-0.62329,3.608,3.67671,4.742290000000001,5.65932,7.034910000000001
2008-10-06,3.535,3.335,3.535,3.335,38430.94,002083,-0.06635,-0.10494,-0.12833,-0.28602,-0.62102,-0.64312,3.5298,3.6533300000000004,4.72074,5.61489,7.01048
2008-10-07,3.2260000000000004,3.317,3.381,3.099,29983.3,002083,-0.0054,-0.0267,-0.1628,-0.27576,-0.60535,-0.6526,3.5116,3.6226199999999995,4.7003699999999995,5.573519999999999,6.98515
2008-10-08,3.235,3.244,3.3080000000000003,3.181,20580.64,002083,-0.02201,-0.10977,-0.15212,-0.29738000000000003,-0.57135,-0.65574,3.4316,3.5949,4.67823,5.53837,6.960030000000001
2008-10-09,3.317,3.172,3.363,3.1630000000000003,20352.47,002083,-0.02219,-0.14038,-0.18268,-0.3512,-0.55443,-0.6548,3.3280000000000003,3.56114,4.650530000000001,5.50628,6.935569999999999
2008-10-10,3.099,2.908,3.099,2.899,40959.91,002083,-0.08323,-0.18589,-0.26099,-0.42756000000000005,-0.6025699999999999,-0.68229,3.1952,3.5122400000000003,4.6155,5.47043,6.91018
2008-10-13,2.89,3.09,3.09,2.89,38671.45,002083,0.06258999999999999,-0.07346,-0.24097,-0.44713,-0.60237,-0.65796,3.1462,3.4655199999999997,4.57519,5.43237,6.886019999999999
2008-10-14,3.217,3.026,3.317,2.999,59072.31,002083,-0.02071,-0.08772999999999999,-0.2091,-0.47401000000000004,-0.61536,-0.65847,3.088,3.42743,4.53121,5.39302,6.8623
2008-10-15,2.9810000000000003,3.063,3.09,2.9810000000000003,16198.1,002083,0.01223,-0.0558,-0.15105,-0.46675,-0.5675600000000001,-0.65452,3.0518,3.4014800000000003,4.48797,5.36033,6.8387199999999995
2008-10-16,2.926,2.8080000000000003,2.954,2.8080000000000003,40155.13,002083,-0.08325,-0.11475,-0.23715999999999998,-0.49758,-0.61529,-0.69322,2.9789999999999996,3.3599,4.44311,5.3238199999999996,6.81292
2008-10-17,2.863,2.863,2.89,2.79,18472.7,002083,0.01959,-0.01547,-0.21625999999999998,-0.52267,-0.6146699999999999,-0.68288,2.97,3.32229,4.39255,5.28669,6.78786
2008-10-20,2.881,2.954,2.9810000000000003,2.8080000000000003,20640.39,002083,0.03178,-0.04401,-0.18735,-0.5363399999999999,-0.58435,-0.67535,2.9428,3.28986,4.33744,5.25293,6.76288
2008-10-21,2.9810000000000003,2.972,3.099,2.917,39817.99,002083,0.00609,-0.01785,-0.18239,-0.52257,-0.6025699999999999,-0.67783,2.932,3.25829,4.2849699999999995,5.21629,6.7374600000000004
2008-10-22,3.054,2.999,3.199,2.999,80707.69,002083,0.00908,-0.02089,-0.15592,-0.49622,-0.5924699999999999,-0.68806,2.9192,3.2319,4.2373199999999995,5.18085,6.71057
2008-10-23,2.872,2.917,2.926,2.799,51498.42,002083,-0.027339999999999996,0.03882,-0.13262000000000002,-0.51367,-0.5895600000000001,-0.68725,2.9410000000000003,3.21067,4.18763,5.146780000000001,6.68452
2008-10-24,2.899,2.872,2.945,2.826,25135.89,002083,-0.015430000000000001,0.00314,-0.10222,-0.53179,-0.57363,-0.6823,2.9428,3.1951,4.13502,5.1153699999999995,6.659439999999999
2008-10-27,2.8080000000000003,2.645,2.8080000000000003,2.636,39816.73,002083,-0.07904,-0.1046,-0.24794000000000002,-0.5985699999999999,-0.56353,-0.6967800000000001,2.8810000000000002,3.15357,4.0714,5.0876,6.63474
2008-10-28,2.59,2.8080000000000003,2.817,2.526,33053.42,002083,0.06163,-0.05517999999999999,-0.24638000000000002,-0.5672699999999999,-0.50283,-0.67765,2.8482,3.10986,4.01203,5.06451,6.61074
2008-10-29,2.835,2.708,2.854,2.69,33570.5,002083,-0.03561,-0.09702999999999999,-0.2054,-0.56623,-0.53383,-0.68913,2.79,3.07652,3.9550199999999998,5.0393,6.58634
2008-10-30,2.745,2.69,2.781,2.681,25671.77,002083,-0.00665,-0.07782,-0.2618,-0.57718,-0.57857,-0.68948,2.7446,3.0311,3.8957900000000003,5.00928,6.562060000000001
2008-10-31,2.69,2.6630000000000003,2.735,2.636,17741.41,002083,-0.01004,-0.07277,-0.27831999999999996,-0.58076,-0.59973,-0.6957300000000001,2.7028,2.98219,3.83629,4.97684,6.5373
2008-11-03,2.6630000000000003,2.608,2.6630000000000003,2.545,16985.36,002083,-0.02065,-0.01399,-0.26988,-0.5697800000000001,-0.61075,-0.70938,2.6954,2.93629,3.7805800000000005,4.943569999999999,6.511430000000001
2008-11-04,2.572,2.5810000000000004,2.6260000000000003,2.454,31221.72,002083,-0.01035,-0.08084,-0.22609,-0.5677399999999999,-0.61478,-0.69401,2.65,2.9003799999999997,3.7259,4.910080000000001,6.48763
2008-11-05,2.5540000000000003,2.6260000000000003,2.681,2.5540000000000003,32913.75,002083,0.01744,-0.03028,-0.20831999999999998,-0.54203,-0.62357,-0.67604,2.6336,2.86748,3.6757699999999995,4.87472,6.46535
2008-11-06,2.563,2.5540000000000003,2.572,2.499,21069.05,002083,-0.02742,-0.05056,-0.2127,-0.5761,-0.64922,-0.67461,2.6064,2.83462,3.61979,4.83628,6.44383
2008-11-07,2.472,2.6630000000000003,2.6630000000000003,2.454,37811.14,002083,0.04268,0.0,-0.16047,-0.52817,-0.63244,-0.6351600000000001,2.6064,2.81038,3.57171,4.79903,6.424980000000001
2008-11-10,2.817,2.926,2.926,2.763,150214.34,002083,0.09876,0.12193,0.00619,-0.43018999999999996,-0.5907100000000001,-0.60207,2.67,2.81124,3.53608,4.7647,6.40699
2008-11-11,2.954,2.908,3.099,2.908,139074.9,002083,-0.00615,0.1267,-0.0589,-0.44355,-0.61847,-0.59695,2.7354,2.8025700000000002,3.4986900000000003,4.726369999999999,6.389480000000001
2008-11-12,2.863,2.972,2.999,2.835,80592.84,002083,0.02201,0.13176,-0.01785,-0.45216999999999996,-0.6100800000000001,-0.5987,2.8046,2.8,3.4591300000000005,4.6885699999999995,6.37146
2008-11-13,2.99,3.1260000000000003,3.199,2.963,156980.89,002083,0.051820000000000005,0.22396,0.020569999999999998,-0.39336,-0.59434,-0.60475,2.9189999999999996,2.803,3.42644,4.651330000000001,6.35201
2008-11-14,3.135,3.272,3.272,3.044,168657.09,002083,0.04671,0.22869,0.16524,-0.29407,-0.5555,-0.5655899999999999,3.0408,2.8251,3.40445,4.6180900000000005,6.3347
2008-11-17,3.263,3.426,3.4530000000000003,3.1630000000000003,160526.33,002083,0.04707,0.17088,0.19665,-0.23218000000000003,-0.54308,-0.55087,3.1408,2.8519,3.38774,4.584980000000001,6.31761
2008-11-18,3.363,3.0810000000000004,3.399,3.0810000000000004,154460.89,002083,-0.1007,0.059489999999999994,0.04299,-0.31927,-0.58705,-0.5986199999999999,3.1754,2.85795,3.36444,4.54937,6.29893
2008-11-19,3.044,3.281,3.317,3.026,115047.04,002083,0.06491,0.10397,0.10397,-0.27218000000000003,-0.54125,-0.5715600000000001,3.2372,2.8726700000000003,3.34465,4.5179,6.28114
2008-11-20,3.444,3.381,3.608,3.353,246385.0,002083,0.03048,0.08157,0.12738,-0.1658,-0.53262,-0.54896,3.2882,2.89086,3.3338099999999997,4.48658,6.26441
2008-11-21,3.253,3.19,3.344,3.063,134577.11,002083,-0.05649,-0.02506,0.09358999999999999,-0.23021,-0.53074,-0.55787,3.2718,2.90386,3.3184199999999997,4.4572400000000005,6.24805
2008-11-24,3.181,2.9810000000000003,3.217,2.972,71586.89,002083,-0.06552000000000001,-0.12989,0.03795,-0.34656,-0.56728,-0.5745100000000001,3.1828,2.90905,3.2929199999999996,4.42547,6.23169
2008-11-25,3.044,3.044,3.0810000000000004,2.917,57134.81,002083,0.02113,-0.01201,0.15085,-0.29488000000000003,-0.56214,-0.54411,3.1754,2.92805,3.27239,4.3937,6.21692
2008-11-26,3.026,3.017,3.072,2.972,42784.05,002083,-0.008870000000000001,-0.08046,0.07443,-0.27823000000000003,-0.55198,-0.5693699999999999,3.1226,2.938,3.25363,4.36348,6.20071
2008-11-27,3.235,3.017,3.253,3.017,97343.86,002083,0.0,-0.10765999999999999,0.11410999999999999,-0.27823000000000003,-0.53304,-0.57549,3.0498,2.9527099999999997,3.23487,4.3354800000000004,6.184080000000001
2008-11-28,3.017,2.89,3.026,2.881,55635.49,002083,-0.042089999999999995,-0.09404,0.07435,-0.24818,-0.55648,-0.58321,2.9898,2.96224,3.21948,4.306,6.1676400000000005
2008-12-01,2.872,3.072,3.0810000000000004,2.8080000000000003,78548.62,002083,0.06298,0.03053,0.15359,-0.19137,-0.5413600000000001,-0.56114,3.008,2.9817099999999996,3.20776,4.27652,6.151669999999999
2008-12-02,2.9810000000000003,3.344,3.381,2.963,256769.86,002083,0.08854,0.09855,0.28221,-0.12598,-0.48608999999999997,-0.54072,3.068,3.0167599999999997,3.19998,4.2508,6.135669999999999
2008-12-03,3.363,3.444,3.4810000000000003,3.272,297534.63,002083,0.0299,0.14153,0.33437,-0.13074000000000002,-0.47145,-0.52815,3.1534,3.05786,3.19163,4.22583,6.12
2008-12-04,3.463,3.381,3.59,3.372,298114.14,002083,-0.01829,0.12065,0.28751,-0.11631,-0.48041000000000006,-0.53679,3.2262,3.09381,3.18445,4.20041,6.10407
2008-12-05,3.39,3.708,3.717,3.363,352052.56,002083,0.09672,0.28304,0.45183999999999996,-0.04458,-0.44566000000000006,-0.46983,3.3898,3.14876,3.18166,4.1761800000000004,6.09072
2008-12-08,3.781,3.881,4.008,3.699,413939.45,002083,0.04666,0.26335,0.45738,-0.01372,-0.39932,-0.45576000000000005,3.5516,3.20676,3.18079,4.1552,6.0775
2008-12-09,3.89,3.917,4.0710000000000015,3.726,271065.54,002083,0.00928,0.17135,0.33869,-0.03783,-0.38431,-0.44605,3.6662,3.25395,3.1783099999999997,4.135330000000001,6.06468
2008-12-10,3.826,3.981,4.044,3.799,214185.67,002083,0.01634,0.15592,0.36898000000000003,0.040510000000000004,-0.3769,-0.43177,3.7736,3.30505,3.1808099999999997,4.11575,6.05239
2008-12-11,3.935,3.726,4.035,3.717,162614.77,002083,-0.06405,0.10203999999999999,0.2537,0.03271,-0.35234,-0.46496000000000004,3.8426,3.34095,3.1827099999999997,4.09927,6.039219999999999
2008-12-12,3.672,3.517,3.771,3.417,149716.02,002083,-0.05609,-0.05151,0.12508,-0.04455,-0.35170999999999997,-0.50555,3.8044,3.3595699999999997,3.1800599999999997,4.08376,6.02461
2008-12-15,3.562,3.562,3.644,3.435,97060.63,002083,0.012790000000000001,-0.0822,0.08863,-0.024909999999999998,-0.30996,-0.48763,3.7406,3.3733800000000005,3.1786,4.07075,6.01083
2008-12-16,3.517,3.599,3.626,3.426,79168.33,002083,0.01039,-0.08118,0.0505,-0.0099,-0.25285,-0.49826000000000004,3.677,3.38162,3.17802,4.06085,5.9963
2008-12-18,3.5810000000000004,3.672,3.681,3.517,86893.36,002083,0.02028,-0.07762000000000001,0.19182000000000002,0.01018,-0.23324,-0.51403,3.6152,3.40976,3.17861,4.05176,5.98051
2008-12-19,3.635,3.681,3.799,3.635,91371.11,002083,0.00245,-0.01208,0.12190999999999999,0.03603,-0.18345,-0.5212,3.6062,3.42881,3.1806799999999997,4.04504,5.96422
2008-12-22,3.672,3.799,3.862,3.617,121846.91,002083,0.032060000000000005,0.08018,0.12362999999999999,0.12965,-0.21427,-0.52075,3.6626,3.4487099999999997,3.18771,4.03662,5.94744
2008-12-23,3.799,3.472,3.817,3.463,107594.62,002083,-0.08607999999999999,-0.025269999999999997,0.0884,0.08534,-0.28457,-0.56692,3.6446,3.46214,3.19211,4.02539,5.92896
2008-12-24,3.426,3.29,3.472,3.235,90273.65,002083,-0.05242,-0.08586,0.10365999999999999,-0.06454,-0.31042,-0.6170399999999999,3.5828,3.47686,3.18845,4.01335,5.90741
2008-12-25,3.29,3.281,3.353,3.199,62381.21,002083,-0.00274,-0.10647999999999999,0.07786,-0.11943,-0.33516,-0.61648,3.5046,3.48814,3.18127,3.9999,5.88598
2008-12-26,3.281,3.244,3.335,3.217,45328.31,002083,-0.01128,-0.11872,0.07524,-0.048119999999999996,-0.38032,-0.62266,3.4172,3.49895,3.17863,3.98372,5.8642199999999995
2008-12-29,3.235,3.144,3.253,3.072,49827.48,002083,-0.03083,-0.17240999999999998,0.042089999999999995,-0.13721,-0.39093,-0.62248,3.2862,3.505,3.17056,3.96731,5.84314
2008-12-30,3.144,3.253,3.299,3.144,100750.89,002083,0.03467,-0.06308,0.12561,-0.11843,-0.29953,-0.6224,3.2424,3.5222900000000004,3.16352,3.9560000000000004,5.82135
2008-12-31,3.253,3.217,3.29,3.19,48307.33,002083,-0.01107,-0.02219,0.0472,-0.09938,-0.31128,-0.64152,3.2278,3.5291900000000003,3.1577900000000003,3.9441800000000002,5.7979400000000005
2009-01-05,3.272,3.408,3.417,3.1630000000000003,95282.91,002083,0.059370000000000006,0.03871,0.01914,0.02189,-0.2559,-0.59312,3.2532,3.5322400000000003,3.15897,3.93465,5.77775
2009-01-06,3.363,3.535,3.59,3.326,145368.31,002083,0.03727,0.0897,0.02642,0.06572,-0.23435,-0.5867899999999999,3.3114,3.5365699999999998,3.16248,3.92585,5.75734
2009-01-07,3.526,3.535,3.617,3.499,124213.35,002083,0.0,0.12435999999999998,0.04555,0.0897,-0.27695,-0.60556,3.3896,3.5439,3.16718,3.91485,5.73528
2009-01-08,3.4530000000000003,3.335,3.4810000000000003,3.317,76830.17,002083,-0.05658,0.02521,-0.10059,0.05139,-0.3435,-0.63348,3.406,3.5261400000000003,3.16981,3.90066,5.71185
2009-01-09,3.335,3.526,3.535,3.335,91441.36,002083,0.05727,0.09605,-0.09147000000000001,0.21252,-0.36912,-0.60656,3.4678,3.50924,3.17977,3.88389,5.68975
2009-01-12,3.508,3.599,3.699,3.4810000000000003,126110.34,002083,0.0207,0.05604,-0.08118,0.16472,-0.37440999999999997,-0.60372,3.5060000000000002,3.4941,3.18798,3.86637,5.66746
2009-01-13,3.544,3.426,3.599,3.417,97404.66,002083,-0.04807,-0.03083,-0.13940999999999998,0.13219,-0.40355,-0.6508,3.4842,3.4676699999999996,3.19444,3.8475300000000003,5.64151
2009-01-14,3.444,3.599,3.635,3.444,89214.04,002083,0.0505,0.0181,-0.03408,0.17499,-0.35606,-0.63249,3.497,3.46162,3.20308,3.83135,5.6163300000000005
2009-01-15,3.544,3.726,3.817,3.526,190197.73,002083,0.035289999999999995,0.11724000000000001,0.05943,0.32692,-0.37879,-0.6197600000000001,3.5752,3.47157,3.21789,3.8128800000000003,5.59164
2009-01-19,3.781,3.69,3.79,3.599,133638.88,002083,-0.00966,0.04651,0.035930000000000004,0.28886,-0.42081,-0.60741,3.608,3.47767,3.23123,3.7910800000000004,5.56843
2009-01-20,3.635,3.899,3.908,3.608,180010.2,002083,0.056639999999999996,0.08336,0.08336,0.31990999999999997,-0.37365,-0.56552,3.668,3.49195,3.24647,3.7721699999999996,5.5478
2009-01-21,3.844,4.208,4.29,3.781,509793.25,002083,0.07925,0.22825,0.14597000000000002,0.41588,-0.29313,-0.54176,3.8244,3.5174800000000004,3.2664,3.7579800000000003,5.52758
2009-01-22,4.217,4.471,4.517,4.1080000000000005,354545.15,002083,0.0625,0.24229,0.21461999999999998,0.49083000000000004,-0.25458000000000003,-0.53495,3.9988,3.5551,3.29015,3.74557,5.50667
2009-01-23,4.408,4.3889999999999985,4.598,4.3439999999999985,291142.06,002083,-0.018340000000000002,0.17794000000000001,0.1553,0.50463,-0.28448,-0.52882,4.1314,3.58319,3.3138900000000002,3.73138,5.48665
2009-02-02,4.371,4.5710000000000015,4.68,4.371,183890.84,002083,0.04147,0.23875,0.31653000000000003,0.5915699999999999,-0.30627,-0.5160899999999999,4.3076,3.6355199999999996,3.3412900000000003,3.71498,5.46683
2009-02-03,4.58,4.5710000000000015,4.798,4.544,223735.25,002083,0.0,0.17235,0.38936,0.72817,-0.29558,-0.5051399999999999,4.442,3.6965199999999996,3.37235,3.69938,5.44787
2009-02-04,4.6080000000000005,4.589,4.662,4.435,218745.78,002083,0.00394,0.09054,0.39866,0.63426,-0.26494,-0.5141899999999999,4.5182,3.75881,3.4010800000000003,3.6859300000000004,5.42812
2009-02-05,4.562,4.444,4.626,4.3439999999999985,206710.44,002083,-0.0316,-0.00604,0.36991,0.6410600000000001,-0.30148,-0.5151100000000001,4.5128,3.81595,3.4290800000000004,3.67034,5.408930000000001
2009-02-06,4.471,4.589,4.662,4.471,204043.32,002083,0.03263,0.04557,0.45961,0.70595,-0.27755,-0.52118,4.5528,3.88476,3.45971,3.6560099999999998,5.38863
2009-02-09,4.735,4.744,4.808,4.517,270411.62,002083,0.033780000000000004,0.03785,0.45835,0.78145,-0.21741999999999997,-0.49713999999999997,4.5874,3.9557599999999997,3.49327,3.64529,5.36956
2009-02-10,4.717,5.216,5.216,4.626,347366.59,002083,0.09949,0.14110999999999999,0.62139,1.0,-0.12644,-0.38556,4.7164,4.05095,3.53534,3.63915,5.35626
2009-02-11,5.18,5.216,5.4529999999999985,5.044,358979.0,002083,0.0,0.13663,0.53052,1.02092,-0.09034,-0.39955999999999997,4.8418,4.13705,3.57784,3.6349400000000003,5.34215
2009-02-12,5.171,5.734,5.734,5.171,454241.06,002083,0.09931,0.29028000000000004,0.62207,1.18355,-0.0483,-0.35106,5.0998,4.24176,3.62797,3.6325800000000004,5.32954
2009-02-13,5.825,6.034,6.089,5.734,410563.34,002083,0.052320000000000005,0.31488,0.7069300000000001,1.36257,0.0691,-0.2411,5.3888,4.36076,3.6841,3.63575,5.32174
2009-02-16,6.034,5.989,6.0710000000000015,5.7620000000000005,254849.98,002083,-0.00746,0.26244,0.7958,1.2489700000000001,0.16630999999999999,-0.2393,5.6378,4.48714,3.73774,3.64269,5.31409
2009-02-17,5.816,6.042999999999998,6.425,5.544,371523.18,002083,0.00902,0.15855,0.7138399999999999,1.06528,0.15633,-0.23185,5.8032,4.607,3.7880199999999995,3.6493300000000004,5.3066699999999996
2009-02-18,5.907,5.544,6.0710000000000015,5.4529999999999985,193569.33,002083,-0.08257,0.06287999999999999,0.54043,0.90646,0.02194,-0.29259,5.8688,4.6996199999999995,3.8305300000000004,3.6503,5.29735
2009-02-19,5.589,5.653,5.797999999999999,5.497999999999998,169779.19,002083,0.01966,-0.014130000000000002,0.65003,0.90209,0.09702999999999999,-0.21909,5.8526,4.80567,3.8737699999999995,3.6543699999999997,5.2909
2009-02-20,5.653,5.853,5.898,5.525,154194.31,002083,0.03538,-0.03,0.62629,0.87236,0.26278,-0.26498,5.8164,4.913,3.91776,3.6642699999999997,5.28233
2009-02-23,5.797999999999999,6.143,6.352,5.725,263122.06,002083,0.04955,0.025710000000000004,0.64868,0.87744,0.37674,-0.25049,5.8472,5.0281,3.96406,3.6779300000000004,5.27398
2009-02-24,6.107,5.816,6.252000000000002,5.752999999999999,249867.64,002083,-0.05322999999999999,-0.03756,0.57615,0.6976100000000001,0.28502,-0.28091,5.8018,5.12933,4.00261,3.68842,5.26474
2009-02-25,5.8889999999999985,5.689,5.971,5.4529999999999985,183123.72,002083,-0.021840000000000002,0.02615,0.45908999999999994,0.8464799999999999,0.26198,-0.30384,5.8308,5.21457,4.0446800000000005,3.6980199999999996,5.25465
2009-02-26,5.6160000000000005,5.1160000000000005,5.7620000000000005,5.1160000000000005,143504.15,002083,-0.10072,-0.09498999999999999,0.21578000000000003,0.55928,0.26227,-0.36138000000000003,5.7234,5.25781,4.074269999999999,3.70667,5.24288
2009-02-27,5.007,4.789,5.035,4.617,229792.81,002083,-0.06392,-0.18179,0.07113,0.41644,0.15565,-0.43144,5.5106,5.27295,4.09698,3.71191,5.22811
2009-03-02,4.689,4.907,4.989,4.689,108477.91,002083,0.024640000000000002,-0.2012,0.11802,0.5382399999999999,0.07562,-0.44466000000000006,5.2634,5.297619999999999,4.124680000000001,3.71472,5.21214
2009-03-03,4.78,4.944,5.089,4.626,151999.41,002083,0.007540000000000001,-0.14993,0.0816,0.6585,0.14524,-0.44908000000000003,5.0889999999999995,5.31538,4.15634,3.71981,5.19576
2009-03-04,4.898,5.38,5.398,4.898,197451.6,002083,0.08819,-0.05432000000000001,0.17699,0.76741,0.28708,-0.40009,5.0272,5.3539,4.19402,3.72957,5.18117
2009-03-05,5.4620000000000015,5.435,5.689,5.2620000000000005,242463.91,002083,0.01022,0.06235,0.18435,0.8014600000000001,0.30024,-0.40038,5.091,5.39419,4.23302,3.7397699999999996,5.16642
2009-03-06,5.297999999999999,5.516,5.5710000000000015,5.198,165173.8,002083,0.0149,0.15181,0.24122,0.82831,0.43496,-0.37785,5.2364,5.44524,4.27332,3.75337,5.1528
2009-03-09,5.516,5.252999999999999,5.589,5.053,126661.81,002083,-0.04768,0.07051,0.14469,0.81765,0.38273,-0.39447,5.3056,5.47686,4.31144,3.76519,5.13889
2009-03-10,5.18,5.3260000000000005,5.3439999999999985,5.098,55663.69,002083,0.0139,0.07727,0.12268,0.7337199999999999,0.39205,-0.40926999999999997,5.382000000000001,5.504569999999999,4.34779,3.7773800000000004,5.12389
2009-03-11,5.4620000000000015,5.271,5.489,5.216,73980.77,002083,-0.010329999999999999,-0.02026,0.01054,0.57626,0.33039,-0.39449,5.3602,5.5071900000000005,4.37887,3.7880199999999995,5.10993
2009-03-12,5.244,5.062,5.252999999999999,4.853,97774.81,002083,-0.03965,-0.06863,-0.029519999999999998,0.4698,0.32305,-0.42516000000000004,5.2856,5.49986,4.40497,3.7980699999999996,5.09471
2009-03-13,5.153,5.098,5.371,5.053,88707.49,002083,0.007109999999999999,-0.07578,-0.11092,0.50784,0.31358,-0.44665,5.202000000000001,5.46957,4.43266,3.8079699999999996,5.07798
2009-03-16,5.007,5.098,5.098,4.8889999999999985,61325.95,002083,0.0,-0.02951,-0.15512,0.37487,0.29555,-0.46166999999999997,5.171,5.425,4.455080000000001,3.81742,5.06021
2009-03-17,5.198,5.407,5.48,5.171,140241.6,002083,0.060610000000000004,0.01521,-0.09717999999999999,0.3932,0.32816999999999996,-0.43968999999999997,5.1872,5.39729,4.47969,3.8282800000000003,5.04296
2009-03-18,5.38,5.598,5.834,5.38,281660.29,002083,0.03532,0.06204,-0.07364,0.42915,0.46315,-0.42168999999999995,5.2526,5.3761,4.50681,3.84269,5.02637
2009-03-19,5.671,5.707000000000002,5.7620000000000005,5.6160000000000005,138418.67,002083,0.019469999999999998,0.12742,0.0294,0.43356000000000006,0.58176,-0.38015,5.3816,5.383859999999999,4.53465,3.8597599999999996,5.0121400000000005
2009-03-20,5.707000000000002,5.8439999999999985,5.916,5.562,206448.63,002083,0.02401,0.14633,0.03379,0.56844,0.5876100000000001,-0.35481999999999997,5.5308,5.39295,4.56881,3.8773400000000002,4.99908
2009-03-23,5.9620000000000015,5.88,6.153,5.825,231185.67,002083,0.0061600000000000005,0.15339,0.00461,0.67188,0.60964,-0.37200000000000005,5.6872,5.39424,4.60692,3.89545,4.98492
2009-03-24,5.98,6.125,6.271,5.807,229358.63,002083,0.04167,0.13279000000000002,-0.00293,0.71954,0.68501,-0.34373000000000004,5.8308,5.3933800000000005,4.64826,3.91569,4.9718800000000005
2009-03-25,6.0710000000000015,6.134,6.416,5.997999999999998,228181.12,002083,0.00147,0.09575,0.05467999999999999,0.70436,0.68748,-0.30105,5.938,5.408519999999999,4.68915,3.93601,4.96114
2009-03-26,6.18,6.752000000000002,6.752000000000002,6.062,378032.2,002083,0.10075,0.18311,0.18685,0.83878,0.9003700000000001,-0.21186,6.147,5.4591400000000005,4.73882,3.96202,4.95376
2009-03-27,7.425,7.425,7.425,7.198,222707.66,002083,0.09967000000000001,0.27053,0.45133,1.01711,1.20785,-0.03721,6.4632,5.5691,4.7992099999999995,3.99504,4.95259
2009-03-30,7.707000000000002,7.279,8.033999999999999,7.189,693256.76,002083,-0.01966,0.23793000000000003,0.51994,0.9160299999999999,1.2754,0.02248,6.742999999999999,5.68767,4.85534,4.02821,4.95324
2009-03-31,7.07,8.006,8.006,7.07,632122.43,002083,0.09988,0.3071,0.63155,1.30588,1.27637,0.07927000000000001,7.1192,5.83524,4.92847,4.06471,4.95563
2009-04-01,7.997000000000001,7.97,8.352,7.643,639049.03,002083,-0.0045,0.29932,0.61206,1.42249,1.1390200000000001,-0.00586,7.4864,5.97933,5.00395,4.09921,4.95544
2009-04-02,7.897,8.252,8.679,7.843,502050.27,002083,0.03538,0.22216,0.53383,1.51509,1.42136,0.02255,7.7864,6.1161,5.08413,4.13859,4.956180000000001
2009-04-03,8.252,8.097000000000001,8.452,7.9060000000000015,381868.45,002083,-0.01878,0.09051000000000001,0.48978999999999995,1.49599,1.22201,0.010740000000000001,7.9208,6.24286,5.1624,4.1748,4.95653
2009-04-07,7.997000000000001,8.179,8.27,7.652,360540.42,002083,0.01013,0.12364000000000001,0.48278000000000004,1.60146,1.21653,-0.062360000000000006,8.1008,6.369669999999999,5.243609999999999,4.21129,4.95432
2009-04-08,8.106,7.943,8.47,7.7970000000000015,442297.99,002083,-0.02885,-0.00787,0.5120899999999999,1.44175,1.2236799999999999,-0.03721,8.0882,6.4977599999999995,5.31926,4.24683,4.953069999999999
2009-04-09,7.8610000000000015,8.115,8.225,7.816,262540.28,002083,0.02165,0.01819,0.52366,1.52254,1.4332799999999999,-0.07783999999999999,8.1172,6.63057,5.39826,4.28569,4.95029
2009-04-10,8.279,8.652000000000001,8.924,8.152000000000001,492185.26,002083,0.06617,0.04847,0.6414300000000001,1.53873,1.60838,0.02939,8.1972,6.79157,5.48284,4.32907,4.95129
2009-04-13,8.815,9.061,9.179,8.543,514231.38,002083,0.04727,0.11905999999999999,0.79,1.56322,1.7931599999999999,0.19727999999999998,8.39,6.982,5.571969999999999,4.37636,4.9573599999999995
2009-04-14,8.961,8.952,9.133,8.697000000000001,357865.86,002083,-0.012029999999999999,0.09451,0.75598,1.53239,1.8221900000000002,0.25748000000000004,8.5446,7.16552,5.65934,4.42335,4.96481
2009-04-15,8.788,8.797,9.161,8.706,317109.36,002083,-0.01731,0.10752,0.72558,1.63778,2.0251,0.20227,8.7154,7.34167,5.74744,4.47123,4.97083
2009-04-16,8.833,8.424,8.924,8.361,278090.38,002083,-0.0424,0.03808,0.55798,1.38911,1.7262099999999998,0.08403,8.7772,7.48533,5.82644,4.51459,4.97348
2009-04-17,8.324,8.17,8.633,7.888,336652.99,002083,-0.03015,-0.05571,0.45945,1.2700799999999999,1.69993,0.03852,8.6808,7.607810000000001,5.90016,4.55641,4.97472
2009-04-20,7.987999999999999,8.27,8.343,7.952000000000001,177520.4,002083,0.012240000000000001,-0.0873,0.4491,1.4138899999999999,1.69997,0.16758,8.5226,7.72986,5.97829,4.59875,4.97954
2009-04-21,8.279,8.543,8.588,8.225,283250.24,002083,0.033010000000000005,-0.045689999999999995,0.46184,1.37371,2.04238,0.17043,8.4408,7.85838,6.0580300000000005,4.64537,4.9846
2009-04-22,8.524,7.752000000000002,8.543,7.688,295343.49,002083,-0.09258999999999999,-0.11879,0.31837,1.0805200000000001,1.70765,0.04334,8.2318,7.94752,6.12297,4.6851199999999995,4.98591
2009-04-23,7.725,7.9060000000000015,8.043,7.661,180777.43,002083,0.01987,-0.061489999999999996,0.29078000000000004,1.14255,1.6763700000000001,0.11242,8.1282,8.03233,6.19097,4.72538,4.98915
2009-04-24,7.925,7.77,8.043,7.7429999999999986,123847.77,002083,-0.0172,-0.048960000000000004,0.26671,0.99282,1.6144,0.03905,8.0482,8.11024,6.2534,4.764390000000001,4.99034
2009-04-27,7.725,7.452000000000001,7.87,7.3610000000000015,125084.28,002083,-0.04093,-0.09891,0.10367,0.77091,1.4848299999999999,0.01264,7.8846,8.14357,6.3057300000000005,4.800590000000001,4.99072
2009-04-28,7.407,7.587999999999999,7.6789999999999985,7.3610000000000015,116482.64,002083,0.01825,-0.11179000000000001,0.02195,0.69716,1.6013,0.06767999999999999,7.6936,8.15133,6.356,4.83857,4.9926699999999995
2009-04-29,7.661,8.052,8.225,7.607,230337.51,002083,0.06115,0.0387,0.1062,0.8345899999999999,1.80362,0.19537000000000002,7.7536,8.188139999999999,6.415080000000001,4.88068,4.9980199999999995
2009-04-30,8.07,8.161,8.334,8.025,174469.29,002083,0.01354,0.03225,0.01936,0.7853899999999999,2.08544,0.3467,7.8046,8.19552,6.472980000000001,4.92553,5.00657
2009-05-04,8.17,8.561,8.633,8.17,223598.33,002083,0.049010000000000005,0.1018,0.07415,0.8728899999999999,2.0487900000000003,0.51576,7.9628,8.22367,6.53734,4.9723,5.01841
2009-05-05,8.597000000000001,8.706,9.052,8.452,334497.35,002083,0.01694,0.16827999999999999,0.055020000000000006,0.89715,2.21492,0.49871000000000004,8.2136,8.245289999999999,6.603739999999999,5.02107,5.0301800000000005
2009-05-06,8.724,8.942,9.079,8.588,299349.06,002083,0.027110000000000002,0.17844000000000002,0.10436,1.01215,2.32416,0.40091,8.4844,8.28552,6.67629,5.07189,5.04059
2009-05-07,9.024,8.67,9.07,8.424,228589.12,002083,-0.03042,0.07675,0.06002999999999999,0.8893,2.25573,0.30317,8.607999999999999,8.3089,6.74211,5.12073,5.048780000000001
2009-05-08,8.543,8.443,8.579,8.361,165157.43,002083,-0.026180000000000002,0.03455,0.06295,0.77972,2.23735,0.26015,8.6644,8.33271,6.801769999999999,5.16817,5.05587
2009-05-11,8.397,7.979,8.424,7.979,189713.73,002083,-0.05496,-0.06798,-0.01676,0.52972,2.09144,0.1909,8.548,8.326239999999999,6.84634,5.21206,5.06107
2009-05-12,7.9060000000000015,8.225,8.225,7.8610000000000015,104697.25,002083,0.03083,-0.05525,-0.04935,0.5768800000000001,2.13214,0.17904,8.4518,8.3059,6.89487,5.25758,5.06615
2009-05-13,8.225,8.406,8.606,8.161,181257.83,002083,0.02201,-0.05994,-0.07229,0.46598999999999996,2.2913099999999997,0.15450999999999998,8.3446,8.27471,6.93797,5.30515,5.07072
2009-05-14,8.343,8.252,8.506,8.243,125266.0,002083,-0.01832,-0.04821,-0.07819,0.36758,2.09876,0.13899,8.261000000000001,8.24138,6.973739999999999,5.35059,5.07481
2009-05-15,8.234,8.27,8.379,8.079,116032.5,002083,0.00218,-0.02049,-0.059910000000000005,0.38086,1.82638,0.15680999999999998,8.2264,8.216289999999999,7.01053,5.39404,5.07937
2009-05-18,8.197000000000001,8.187999999999999,8.225,8.016,74858.82,002083,-0.00992,0.026189999999999998,-0.02802,0.35496,1.81568,0.07426,8.2682,8.20505,7.04513,5.43697,5.08167
2009-05-20,8.27,8.515,8.687999999999999,8.27,244579.49,002083,0.039939999999999996,0.03526,0.042230000000000004,0.53589,1.86507,0.11715999999999999,8.3262,8.22148,7.09305,5.48203,5.0853
2009-05-21,8.452,8.324,8.661,8.27,157120.63,002083,-0.022430000000000002,-0.00975,0.006529999999999999,0.47248999999999997,1.66283,0.0802,8.3098,8.22405,7.1361300000000005,5.524290000000001,5.08781
2009-05-22,8.47,8.661,8.942,8.47,312714.07,002083,0.04049,0.04956,0.01381,0.47975,1.6469999999999998,0.17661,8.3916,8.22967,7.18142,5.56811,5.0931
2009-05-25,8.452,9.524,9.524,8.406,590558.06,002083,0.09963999999999999,0.15163,0.22859000000000002,0.55038,1.7799200000000002,0.27021,8.6424,8.31405,7.23595,5.61768,5.10133
2009-05-26,9.542,9.361,10.142,9.297,633474.37,002083,-0.01711,0.14326,0.18404,0.60953,2.0383,0.25466,8.877,8.38333,7.293130000000001,5.668740000000001,5.1090599999999995
2009-05-27,9.433,9.624,9.797,9.197,310918.0,002083,0.0281,0.13024000000000002,0.23861,0.6916899999999999,1.93325,0.34564,9.0988,8.47162,7.3566,5.72031,5.11911
2009-06-02,9.997,9.96,10.533,9.842,395314.77,002083,0.034910000000000004,0.19654000000000002,0.33655,0.94683,1.94587,0.37683,9.426,8.59105,7.43473,5.7738,5.13019
2009-06-03,9.86,10.142,10.315,9.697,305739.3,002083,0.018269999999999998,0.171,0.33658000000000005,1.1177700000000002,2.1793099999999996,0.49191,9.7222,8.71267,7.52106,5.8303199999999995,5.1437800000000005
2009-06-04,9.997,9.779,9.997,9.706,197036.81,002083,-0.035789999999999995,0.02677,0.21448000000000003,0.99287,2.28044,0.41951000000000005,9.7732,8.7949,7.59965,5.8855900000000005,5.155530000000001
2009-06-05,9.806,9.524,9.988,9.515,183010.36,002083,-0.026080000000000002,0.01741,0.16701,0.92638,2.12878,0.36996999999999997,9.8058,8.859810000000001,7.67352,5.938269999999999,5.16598
2009-06-08,9.579,9.188,9.579,9.106,205558.65,002083,-0.03528,-0.0453,0.07324,0.70781,2.04541,0.36441999999999997,9.7186,8.889669999999999,7.734939999999999,5.98844,5.17596
2009-06-09,9.179,9.588,9.66,9.106,266367.0,002083,0.043539999999999995,-0.03735,0.10131,0.76412,2.1779900000000003,0.48398,9.6442,8.93167,7.80192,6.04186,5.18867
2009-06-10,9.479,9.288,9.479,9.215,167255.72,002083,-0.03129,-0.0842,0.038689999999999995,0.68383,2.2138400000000003,0.42541,9.4734,8.948139999999999,7.862760000000001,6.09388,5.19994
2009-06-11,9.279,9.233,9.479,9.179,111518.93,002083,-0.00592,-0.05583,0.06494,0.75766,2.00553,0.37847,9.3642,8.97495,7.92695,6.1439699999999995,5.21024
2009-06-15,8.979,9.097,9.133,8.833,146903.49,002083,-0.014730000000000002,-0.04483,0.07746,0.70804,1.72039,0.39803,9.2788,9.0061,7.987769999999999,6.19074,5.22077
2009-06-16,8.961,9.033,9.206,8.933,95647.92,002083,-0.00704,-0.01687,0.1321,0.71372,1.6228200000000002,0.38628,9.2478,9.056289999999999,8.04845,6.23618,5.231
2009-06-17,9.015,9.206,9.297,9.015,107844.0,002083,0.01915,-0.03984,0.11927,0.81865,1.7228599999999998,0.41478000000000004,9.1714,9.103,8.11529,6.28354,5.24198
2009-06-18,9.27,9.279,9.433,9.161,138831.98,002083,0.00793,-0.0009699999999999999,0.10385,0.8201299999999999,1.50243,0.3872,9.1696,9.14457,8.182730000000001,6.32883,5.2525
2009-06-19,9.297,9.197,9.342,9.052,175122.6,002083,-0.00884,-0.0039,0.11452000000000001,0.80404,1.36975,0.42346000000000006,9.1624,9.18957,8.24884,6.37205,5.26363
2009-06-22,9.279,8.97,9.279,8.933,126839.92,002083,-0.02468,-0.01396,0.08463999999999999,0.65896,1.2900200000000002,0.40993,9.137,9.2229,8.30631,6.413130000000001,5.27423
2009-06-23,8.724,9.07,9.224,8.724,156209.45,002083,0.01115,0.0041,0.10772000000000001,0.62022,1.2783200000000001,0.41963,9.1444,9.2649,8.36231,6.4545,5.2851300000000005
2009-06-24,8.997,9.27,9.315,8.997,181951.87,002083,0.02205,0.00695,0.08867,0.62432,1.4879200000000001,0.61133,9.1572,9.30086,8.41977,6.49958,5.29942
2009-06-25,9.27,9.052,9.315,9.042,129158.5,002083,-0.02352,-0.02446,0.08746,0.54894,1.57378,0.66857,9.1118,9.335519999999999,8.47152,6.544580000000001,5.31417
2009-06-26,9.106,8.997,9.151,8.897,101784.55,002083,-0.0060799999999999995,-0.02175,0.03879,0.5301,1.52583,0.74293,9.0718,9.351519999999999,8.52179,6.588760000000001,5.32976
2009-06-29,8.997,9.07,9.179,8.924,152405.94,002083,0.00811,0.01115,-0.04767,0.48081999999999997,1.52014,0.8829100000000001,9.0918,9.3299,8.569289999999999,6.63324,5.34704
2009-06-30,9.106,8.815,9.106,8.661,184432.27,002083,-0.028110000000000003,-0.028110000000000003,-0.05832999999999999,0.43706999999999996,1.4006,0.8406799999999999,9.0408,9.3039,8.61253,6.67506,5.36341
2009-07-01,8.815,8.933,8.997,8.697000000000001,158291.13,002083,0.01339,-0.03635,-0.0718,0.32302,1.42679,0.98159,8.9734,9.271,8.64771,6.71776,5.3814
2009-07-02,8.87,9.024,9.088,8.797,167135.92,002083,0.010190000000000001,-0.00309,-0.09398,0.21535,1.3753600000000001,0.86639,8.9678,9.22643,8.6735,6.76024,5.39843
2009-07-03,8.942,8.888,9.079,8.852,124221.31,002083,-0.015069999999999998,-0.01212,-0.12364000000000001,0.22105,1.5599100000000001,0.83144,8.946,9.16671,8.69945,6.80427,5.41483
2009-07-06,8.897,8.679,8.897,8.552,180359.15,002083,-0.02351,-0.04311,-0.11249,0.08406,1.63799,0.81912,8.8678,9.11433,8.71031,6.84808,5.43072
2009-07-07,8.615,8.615,8.715,8.588,123439.11,002083,-0.007370000000000001,-0.022690000000000002,-0.09544,0.08093,1.62572,0.74569,8.8278,9.07105,8.72071,6.89145,5.44567
2009-07-08,8.615,8.732999999999999,8.797,8.579,104295.11,002083,0.0137,-0.02239,-0.04952,0.058289999999999995,1.69205,0.66819,8.7878,9.049380000000001,8.72847,6.93607,5.459890000000001
2009-07-09,8.77,9.333,9.524,8.652000000000001,340844.54,002083,0.0687,0.03424,-0.0266,0.15265,1.9685099999999998,0.80802,8.8496,9.037239999999999,8.7484,6.986389999999999,5.47685
2009-07-10,9.288,9.115,9.379,9.088,212533.87,002083,-0.02336,0.02554,-0.01863,0.11444000000000001,1.80203,0.96275,8.895,9.029,8.7635,7.03405,5.495019999999999
2009-07-13,9.106,9.37,9.515,8.997,312963.48,002083,0.02798,0.07962000000000001,0.01484,0.17966,1.91265,1.00599,9.0332,9.03552,8.78652,7.08407,5.514130000000001
2009-07-14,9.37,9.397,9.497,9.27,196364.02,002083,0.00288,0.09077,0.03298,0.15798,1.7573400000000001,1.05175,9.1896,9.04981,8.80719,7.13276,5.53371
2009-07-15,9.406,9.588,9.606,9.251,284067.79,002083,0.02033,0.0979,0.061439999999999995,0.10818,1.7123099999999998,1.07667,9.3606,9.076239999999999,8.822289999999999,7.18198,5.55391
2009-07-16,9.551,9.342,9.669,9.306,205162.18,002083,-0.025660000000000002,0.0009599999999999999,0.014769999999999998,0.031010000000000003,1.6427200000000002,0.9108200000000001,9.3624,9.08271,8.82682,7.229189999999999,5.572019999999999
2009-07-17,9.324,9.533,9.624,9.233,220265.73,002083,0.02045,0.045860000000000005,0.02737,0.0649,1.85847,0.8765700000000001,9.446,9.09481,8.83619,7.27958,5.59012
2009-07-20,9.607,10.15,10.435,9.433,487623.03,002083,0.06472,0.08324,0.10362,0.1538,1.8786200000000002,0.81607,9.602,9.140189999999999,8.85802,7.33343,5.6086599999999995
2009-07-21,10.159,9.58,10.177,9.515,303612.17,002083,-0.05616,0.019469999999999998,0.068,0.13723,1.66185,0.66522,9.6386,9.16924,8.876660000000001,7.382060000000001,5.624219999999999
2009-07-22,10.003,9.837,10.288,9.589,378829.18,002083,0.02683,0.02597,0.08456,0.20404,1.8712799999999998,0.71257,9.6884,9.20576,8.90355,7.4341800000000005,5.64085
2009-07-23,9.782,9.846,10.159,9.543,306027.89,002083,0.00091,0.05395,0.06214,0.19057000000000002,1.7357599999999997,0.76167,9.7892,9.233189999999999,8.92897,7.48497,5.65816
2009-07-24,9.819,9.543,9.883,9.387,212549.94,002083,-0.03077,0.00105,0.05424,0.11705,1.5611899999999999,0.59103,9.7912,9.25657,8.9451,7.532260000000001,5.6725699999999994
2009-07-27,9.543,9.552,9.635,9.396,237113.93,002083,0.0009400000000000001,-0.05892000000000001,0.061689999999999995,0.2322,1.5886200000000001,0.49928999999999996,9.6716,9.283,8.97413,7.5799199999999995,5.6855
2009-07-28,9.552,9.828,10.104,9.46,433004.48,002083,0.02889,0.025889999999999996,0.08357,0.24311,1.52065,0.5788,9.7212,9.3191,9.00513,7.62812,5.70015
2009-07-29,9.681,8.918,9.745,8.844,317947.86,002083,-0.09258999999999999,-0.09342,0.01168,0.14775,1.1193,0.49806999999999996,9.5374,9.324,9.02365,7.666410000000001,5.7122
2009-07-30,9.056,8.817,9.166,8.605,179197.12,002083,-0.01133,-0.10450999999999999,-0.01299,0.18317,0.97204,0.46998999999999996,9.3316,9.318480000000001,9.04566,7.70175,5.72366
2009-07-31,8.872,9.047,9.083,8.817,144908.83,002083,0.02609,-0.05198,0.00255,0.19228,1.06129,0.47489,9.2324,9.31957,9.069189999999999,7.7396199999999995,5.7355
2009-08-03,9.047,9.194,9.276,9.037,146094.31,002083,0.01625,-0.03748,0.03443,0.14182999999999998,1.01138,0.39536,9.1608,9.33414,9.08761,7.7772,5.746090000000001
2009-08-04,9.194,9.414,9.69,9.065,271251.29,002083,0.02393,-0.04212,0.08469,0.15354,1.05951,0.45076000000000005,9.078,9.36914,9.10782,7.81658,5.75798
2009-08-05,9.681,9.58,9.837,9.387,312095.2,002083,0.01763,0.07422999999999999,0.11200999999999998,0.11903,1.0876,0.53452,9.2104,9.4151,9.124260000000001,7.85715,5.77154
2009-08-06,9.423,10.288,10.536,9.332,917045.48,002083,0.0739,0.16684000000000002,0.17806,0.18170999999999998,1.31503,0.6171,9.5046,9.489139999999999,9.14977,7.904669999999999,5.7875
2009-08-07,10.205,9.571,10.242,9.414,525872.41,002083,-0.06969,0.057920000000000006,0.0255,0.07034,1.08564,0.5067699999999999,9.6094,9.50048,9.15992,7.94517,5.800590000000001
2009-08-10,9.837,9.451,9.883,9.212,295833.67,002083,-0.01254,0.02795,0.036860000000000004,0.09008,0.9922,0.55906,9.6608,9.51648,9.17252,7.983439999999999,5.814369999999999
2009-08-11,9.469,9.607,9.745,9.267,205966.69,002083,0.01651,0.0205,0.02529,0.13787,0.84183,0.6089399999999999,9.6994,9.52776,9.191289999999999,8.01914,5.82915
2009-08-12,9.534,9.056,9.589,9.01,208828.67,002083,-0.05735,-0.0547,-0.036289999999999996,0.13498,0.7362,0.57935,9.5946,9.511519999999999,9.20866,8.050360000000001,5.84265
2009-08-13,9.092,8.991,9.175,8.881,111659.95,002083,-0.00718,-0.12607000000000002,-0.062270000000000006,0.09312999999999999,0.56802,0.49228,9.3352,9.4831,9.22102,8.076839999999999,5.85471
2009-08-14,8.872,8.283,8.964,8.274,188247.89,002083,-0.07875,-0.13457,-0.11335999999999999,-0.01463,0.37272,0.46758,9.0776,9.43267,9.21903,8.09512,5.86543
2009-08-17,8.219,7.456,8.219,7.456,169942.1,002083,-0.09984,-0.21109,-0.21786999999999998,-0.09646,0.24495,0.452,8.6786,9.33376,9.20619,8.10705,5.87487
2009-08-18,7.346,7.576,7.631,7.3,102928.81,002083,0.01609,-0.21141,-0.2536,-0.08392000000000001,0.25368,0.44966999999999996,8.2724,9.21119,9.195,8.11951,5.8844199999999995
2009-08-19,7.576,7.0520000000000005,7.723,6.987,142748.48,002083,-0.06917000000000001,-0.22129000000000001,-0.26388,-0.13874,0.27201,0.29991,7.8716,9.090810000000001,9.176680000000001,8.13177,5.89104
2009-08-20,7.042000000000002,7.392,7.419,7.033,110992.29,002083,0.04821,-0.17784,-0.24855,-0.13188,0.30762,0.4345,7.5518,8.97438,9.158560000000001,8.14591,5.90014
2009-08-21,7.309,7.5939999999999985,7.704,7.3,122821.88,002083,0.02733,-0.08317999999999999,-0.22871999999999998,-0.0877,0.29745,0.6384,7.414,8.86714,9.14679,8.16007,5.91217
2009-08-24,7.5939999999999985,7.723,7.815,7.456,134428.33,002083,0.01699,0.03581,-0.19072,-0.1083,0.2572,0.7308399999999999,7.4674,8.78048,9.13166,8.17291,5.92542
2009-08-25,7.649,7.272,7.649,7.107,137272.79,002083,-0.0584,-0.04013,-0.23869,-0.23646,0.25034,0.60672,7.4066,8.6719,9.09534,8.18475,5.93659
2009-08-27,7.631,7.75,7.98,7.585,255815.73,002083,0.06573,0.09898,-0.21144000000000002,-0.1721,0.36228,0.71917,7.5462,8.57295,9.06935,8.2015,5.9497599999999995
2009-08-28,7.576,7.447,7.677,7.41,128131.66,002083,-0.0391,0.00744,-0.16495,-0.22621,0.45563000000000003,0.8374,7.5572,8.5029,9.034239999999999,8.220460000000001,5.96356
2009-08-31,7.372999999999998,6.803,7.372999999999998,6.721,120782.75,002083,-0.08648,-0.10415999999999999,-0.22841999999999998,-0.31697,0.42055,0.64165,7.399,8.407,8.983319999999999,8.23683,5.9743699999999995
2009-09-01,6.711,6.684,6.895,6.619,72157.55,002083,-0.017490000000000002,-0.13452999999999998,-0.26119000000000003,-0.34096,0.36214,0.46515,7.1912,8.29448,8.92755,8.25128,5.983
2009-09-02,6.693,6.794,6.886,6.684,52287.24,002083,0.01646,-0.06573,-0.26104,-0.30525,0.37419,0.5737800000000001,7.0956,8.18019,8.8794,8.26632,5.9930699999999995
2009-09-03,6.785,7.107,7.171,6.7570000000000014,113165.35,002083,0.04607,-0.08297,-0.24506,-0.25378,0.321,0.70024,6.9670000000000005,8.07033,8.84042,8.28036,6.00496
2009-09-04,7.061,7.3820000000000014,7.566,7.006,198435.67,002083,0.038689999999999995,-0.00873,-0.22944,-0.19655999999999998,0.35823,0.76603,6.954,7.965669999999999,8.81129,8.29619,6.0179800000000006
2009-09-07,7.3370000000000015,7.355,7.447,7.254,163984.5,002083,-0.00366,0.08114,-0.28509,-0.2329,0.33339,0.9133700000000001,7.0644,7.8260000000000005,8.775269999999999,8.31114,6.03225
2009-09-08,7.309,7.438,7.484,7.171,115567.04,002083,0.01128,0.11281,-0.22286,-0.19918,0.41595,0.95788,7.2152,7.72443,8.745439999999999,8.3289,6.04704
2009-09-09,7.4929999999999986,7.53,7.603,7.355,149675.01,002083,0.01237,0.10833,-0.20326,-0.18445,0.41381999999999997,0.96811,7.3624,7.63295,8.71797,8.34682,6.0621
2009-09-10,7.438,7.3,7.52,7.3,91990.97,002083,-0.030539999999999998,0.027160000000000004,-0.24014000000000002,-0.19754000000000002,0.38494,0.8425,7.401,7.5231,8.68898,8.36332,6.07567
2009-09-11,7.346,7.372999999999998,7.465,7.272,85699.66,002083,0.01,-0.00122,-0.18584,-0.18377000000000002,0.45653999999999995,0.9270799999999999,7.3992,7.44295,8.66221,8.38211,6.09009
2009-09-14,7.372999999999998,7.64,7.723,7.364,154483.46,002083,0.03621,0.03875,-0.15026,-0.17010999999999998,0.49863,0.9685600000000001,7.4562,7.37862,8.63695,8.40277,6.10537
2009-09-15,7.649,7.677,7.8610000000000015,7.622000000000001,177121.63,002083,0.00484,0.03213,-0.07316,-0.17265,0.50588,0.95095,7.504,7.349760000000001,8.61111,8.423739999999999,6.12058
2009-09-16,7.712999999999999,7.695,7.815,7.539,130028.74,002083,0.00234,0.02191,0.03205,-0.16330999999999998,0.42316000000000004,0.8902,7.537000000000001,7.36114,8.586889999999999,8.44234,6.13531
2009-09-17,7.667000000000002,8.219,8.458,7.667000000000002,378205.21,002083,0.0681,0.12589,0.08487,-0.08372,0.4682,1.1482,7.7208,7.3917600000000006,8.57477,8.46365,6.153169999999999
2009-09-18,8.283,7.741,8.311,7.612,256479.36,002083,-0.05816,0.04991,0.0977,-0.14653,0.3564,1.14551,7.7944,7.42457,8.553339999999999,8.480189999999999,6.169969999999999
2009-09-21,7.603,8.017000000000001,8.062999999999999,7.438,179000.46,002083,0.03565,0.04935,0.08455,-0.13517,0.37183,1.17794,7.8698,7.454330000000001,8.53313,8.49785,6.1876
2009-09-22,7.907,7.787000000000001,8.1,7.723,134495.97,002083,-0.028689999999999997,0.01433,0.02541,-0.13975,0.32432,1.1316700000000002,7.8918,7.46352,8.51273,8.51336,6.2044
2009-09-23,7.778,7.4929999999999986,7.934,7.438,98501.5,002083,-0.03776,-0.02625,-0.02978,-0.16717,0.22335,1.06135,7.8514,7.45257,8.48847,8.52448,6.22009
2009-09-24,7.438,7.291,7.53,7.0520000000000005,94194.52,002083,-0.02696,-0.11291,0.0026100000000000003,-0.19614,0.18862,1.00578,7.6658,7.45348,8.459769999999999,8.53389,6.23495
2009-09-25,7.309,7.033,7.355,6.987,83949.5,002083,-0.03539,-0.09146,-0.09252,-0.20215999999999998,0.04162,0.97945,7.5242,7.41933,8.43103,8.53617,6.24909
2009-09-28,7.061,6.803,7.207999999999998,6.7570000000000014,63297.76,002083,-0.0327,-0.15143,-0.08648,-0.23844,-0.08377000000000001,1.0229,7.2814,7.388669999999999,8.39668,8.53111,6.26308
2009-09-29,6.858,6.702000000000001,6.895,6.537000000000001,54925.42,002083,-0.01485,-0.13932999999999998,-0.01485,-0.25731,-0.07927000000000001,1.09503,7.0644,7.38386,8.35923,8.52642,6.27732
2009-09-30,6.767,6.739,6.858,6.693,49697.14,002083,0.005520000000000001,-0.10063,0.00823,-0.24179,-0.15825999999999998,0.91612,6.9136,7.386480000000001,8.32456,8.516119999999999,6.29041
2009-10-09,6.895,7.097,7.153,6.822,66114.15,002083,0.05312000000000001,-0.02661,0.0446,-0.18228,-0.10954000000000001,0.9047200000000001,6.8748,7.4009,8.29905,8.50902,6.304119999999999
2009-10-12,7.087999999999999,7.107,7.189,7.006,54121.99,002083,0.00141,0.01052,0.0,-0.17504,-0.13875,1.0853899999999999,6.8896,7.4009,8.27473,8.49972,6.31915
2009-10-13,7.087999999999999,7.254,7.263,7.079,65316.42,002083,0.02068,0.06629,-0.01734,-0.16935999999999998,-0.10411,0.99067,6.9798,7.3948100000000005,8.250869999999999,8.49286,6.33383
2009-10-14,7.254,7.263,7.3820000000000014,7.217,85003.66,002083,0.00124,0.08371,-0.01251,-0.22179000000000001,-0.11199,0.96829,7.0920000000000005,7.39043,8.21748,8.48541,6.34835
2009-10-15,7.309,7.428,7.474,7.254,83483.19,002083,0.022719999999999997,0.10224,-0.00134,-0.18508,-0.06484,1.07951,7.2298,7.38995,8.19027,8.48123,6.3640300000000005
2009-10-16,7.419,7.2810000000000015,7.456,7.153,72590.27,002083,-0.019790000000000002,0.02593,-0.03307,-0.22295,-0.10277,1.18321,7.2666,7.3781,8.15658,8.47445,6.38007
2009-10-19,7.2810000000000015,7.484,7.52,7.217,96741.79,002083,0.027880000000000002,0.05305,0.02521,-0.20357999999999998,-0.135,1.25626,7.3420000000000005,7.38686,8.12573,8.46495,6.39701
2009-10-20,7.566,7.631,7.888,7.566,182391.74,002083,0.01964,0.05197,0.03499,-0.20410999999999999,-0.15782000000000002,1.3523399999999999,7.4174,7.399139999999999,8.09416,8.453330000000001,6.41484
2009-10-21,7.612,7.53,7.657999999999999,7.465,106687.46,002083,-0.01324,0.03676,-0.0144,-0.19396,-0.15885,1.3739,7.4708,7.3939,8.06494,8.44176,6.43256
2009-10-22,7.557,7.631,7.769,7.447,114280.72,002083,0.01341,0.02733,-0.00599,-0.19952,-0.13255,1.62414,7.5114,7.391710000000001,8.03426,8.43228,6.45176
2009-10-23,7.657999999999999,7.649,7.778,7.52,113441.19,002083,0.00236,0.050539999999999995,-0.00598,-0.2464,-0.092,1.4754,7.585,7.38952,7.99392,8.425980000000001,6.47029
2009-10-26,7.723,7.8610000000000015,7.87,7.686,161627.22,002083,0.027719999999999998,0.05037,-0.04356,-0.17944000000000002,-0.03782,1.59782,7.6604,7.37248,7.966189999999999,8.42347,6.48994
2009-10-27,7.8610000000000015,7.474,7.8610000000000015,7.447,119936.88,002083,-0.04923,-0.020569999999999998,-0.03449,-0.24022,-0.09625,1.4400899999999999,7.629,7.3597600000000005,7.9280800000000005,8.417,6.50787
2009-10-28,7.447,7.603,7.657999999999999,7.401,98073.02,002083,0.01726,0.00969,-0.05164,-0.22780999999999998,-0.11002999999999999,1.7076200000000001,7.6436,7.34005,7.8919,8.409360000000001,6.5273699999999995
2009-10-29,7.428,7.272,7.4929999999999986,7.217,87062.15,002083,-0.043539999999999995,-0.04704,-0.06614,-0.23798000000000002,-0.06192,1.53999,7.5718,7.315519999999999,7.85527,8.40546,6.5452900000000005
2009-10-30,7.392,7.309,7.484,7.291,60427.87,002083,0.00509,-0.04445,-0.02456,-0.23481999999999997,-0.07551000000000001,1.47427,7.5038,7.306760000000001,7.8191,8.4006,6.562989999999999
2009-11-02,7.125,7.447,7.465,7.061,84873.92,002083,0.01888,-0.05267,0.0214,-0.24226999999999999,-0.041569999999999996,1.5057200000000002,7.421,7.314189999999999,7.780689999999999,8.39798,6.581180000000001
2009-11-03,7.447,8.192,8.192,7.447,363008.38,002083,0.10004,0.09607,0.16479000000000002,-0.08141,0.0993,1.73158,7.5646,7.3693800000000005,7.76898,8.40399,6.602289999999999
2009-11-04,8.219,8.421,8.67,8.182,590445.8,002083,0.02795,0.10759,0.23784,-0.044910000000000005,0.10977999999999999,1.88687,7.7282,7.44643,7.7626,8.41076,6.62467
2009-11-05,8.302,8.587,8.863,8.21,433475.35,002083,0.01971,0.18083,0.28126,-0.05085,0.06644,1.9899,7.9912,7.5361899999999995,7.75518,8.41511,6.6479
2009-11-06,8.624,8.504,8.807,8.421,301195.74,002083,-0.00967,0.1635,0.26191,-0.07505,0.04203,2.21512,8.2302,7.620239999999999,7.74405,8.4179,6.67172
2009-11-09,8.578,8.642000000000001,8.817,8.486,227027.0,002083,0.01623,0.16047,0.2177,-0.08201,0.00946,2.07764,8.4692,7.693810000000001,7.7316,8.418560000000001,6.69543
2009-11-10,8.734,8.559,8.734,8.513,174018.63,002083,-0.0096,0.0448,0.20431,-0.10658,-0.016880000000000003,2.1606400000000003,8.5426,7.76295,7.71513,8.41737,6.71922
2009-11-11,8.633,9.074,9.368,8.624,419847.7,002083,0.06017,0.07754,0.2509,-0.11800000000000001,0.014759999999999999,2.37323,8.6732,7.84962,7.69555,8.418439999999999,6.74517
2009-11-12,8.991,8.89,9.148,8.826,273228.85,002083,-0.02028,0.035289999999999995,0.22401,-0.07115,0.02537,2.33834,8.7338,7.9271,7.68456,8.42023,6.77048
2009-11-13,8.881,9.074,9.148,8.642000000000001,220835.18,002083,0.0207,0.06702999999999999,0.22159,-0.039889999999999995,0.07474,2.47929,8.8478,8.00548,7.67848,8.425360000000001,6.796760000000001
2009-11-16,9.304,9.23,9.534,9.157,346726.93,002083,0.01719,0.06804,0.26768000000000003,-0.03924,0.15679,2.57613,8.9654,8.098289999999999,7.6724,8.43553,6.82379
2009-11-17,9.276,9.23,9.332,9.083,221816.77,002083,0.0,0.0784,0.2333,0.019209999999999998,0.12219000000000001,2.51485,9.0996,8.18143,7.675210000000001,8.4437,6.850639999999999
2009-11-18,9.221,9.083,9.368,8.972999999999997,226953.49,002083,-0.01593,0.00099,0.19028,0.01023,0.08054,2.55638,9.1014,8.25057,7.67669,8.4492,6.87718
2009-11-19,9.056,9.332,9.451,9.028,290257.99,002083,0.027410000000000004,0.04972,0.23931,0.12664,0.13088,2.50432,9.1898,8.33638,7.6936100000000005,8.457980000000001,6.90429
2009-11-20,9.286,9.377,9.718,9.194,309555.19,002083,0.0048200000000000005,0.033389999999999996,0.2288,0.25764000000000004,0.13385999999999998,2.20472,9.2504,8.41952,7.7246,8.46698,6.930510000000001
2009-11-23,9.423,9.341,9.442,9.203,199041.39,002083,-0.0038399999999999997,0.012029999999999999,0.22121,0.23296999999999998,0.14082,2.21217,9.2726,8.5001,7.7530600000000005,8.476360000000001,6.95666
2009-11-24,9.377,8.679,9.423,8.613999999999999,334234.0,002083,-0.07087,-0.0597,0.10405999999999999,0.23071,0.01926,1.9202599999999999,9.1624,8.53905,7.779310000000001,8.477689999999999,6.97986
2009-11-25,8.642000000000001,8.853,8.89,8.513,176969.03,002083,0.02005,-0.02532,0.18450999999999998,0.19765,0.06355,1.83205,9.1164,8.60471,7.8028699999999995,8.48199,7.003139999999999
2009-11-26,8.835,8.568,9.037,8.504,190158.19,002083,-0.032189999999999996,-0.08187,0.12692,0.12825999999999999,-0.010740000000000001,1.61858,8.9636,8.65067,7.81858,8.48124,7.0246699999999995
2009-11-27,8.541,8.477,8.789,8.44,129574.87,002083,-0.010620000000000001,-0.09598,0.1657,0.09763,-0.10993,1.47431,8.7836,8.70805,7.83074,8.472719999999999,7.0452
2009-11-30,8.624,8.945,9.01,8.568,186951.48,002083,0.05521,-0.04239,0.22383000000000003,0.23006,-0.04444,1.9032799999999999,8.7044,8.78595,7.85773,8.469339999999999,7.069039999999999
2009-12-01,8.936,9.056,9.102,8.789,230192.84,002083,0.01241,0.04344,0.21606,0.16852,-0.05902,1.76013,8.7798,8.86257,7.8787899999999995,8.46472,7.0925199999999995
2009-12-02,9.157,9.23,9.341,9.001,245669.98,002083,0.019209999999999998,0.04258,0.12671,0.23943000000000003,-0.07329,1.72996,8.8552,8.912,7.90755,8.458789999999999,7.116289999999999
2009-12-03,9.129,9.23,9.295,9.056,193115.76,002083,0.0,0.07726,0.09607,0.35675,-0.08992,1.89342,8.9876,8.95052,7.946689999999999,8.451369999999999,7.14085
2009-12-04,9.249,8.881,9.396,8.725,266128.17,002083,-0.03781,0.04766,0.03424,0.3287,-0.09183,1.9792,9.0684,8.96452,7.982130000000001,8.44407,7.16483
2009-12-07,8.899,9.028,9.092,8.881,118647.8,002083,0.01655,0.00928,0.06162,0.32882,-0.052079999999999994,1.96583,9.085,8.98948,8.01816,8.44004,7.18915
2009-12-08,9.056,8.853,9.083,8.743,105665.93,002083,-0.01938,-0.02242,0.024419999999999997,0.24566999999999997,-0.03646,1.9343700000000001,9.0444,8.99952,8.04632,8.43732,7.21288
2009-12-09,8.734,8.587,8.835,8.532,112578.68,002083,-0.03005,-0.06966,0.0032700000000000003,0.16323,-0.1044,1.8462,8.9158,9.000860000000001,8.065760000000001,8.42918,7.235519999999999
2009-12-10,8.642000000000001,8.67,8.771,8.587,66932.38,002083,0.00967,-0.06067,-0.04452,0.17879,-0.06654,2.0,8.8038,8.98162,8.086969999999999,8.42415,7.25902
2009-12-11,8.789,8.605,8.789,8.55,88661.23,002083,-0.0075,-0.03108,-0.032060000000000005,0.1569,-0.06802000000000001,1.8011099999999998,8.7486,8.96805,8.105789999999999,8.41905,7.281510000000001
2009-12-14,8.613999999999999,8.55,8.633,8.394,72324.51,002083,-0.00639,-0.05295,-0.05775,0.13546,-0.060129999999999996,1.55682,8.652999999999999,8.9431,8.12224,8.4146,7.30267
2009-12-15,8.55,8.633,8.78,8.513,92655.21,002083,0.00971,-0.02485,-0.06468,0.1826,-0.04428,1.50668,8.609,8.91467,8.14374,8.41135,7.323760000000001
2009-12-16,8.642000000000001,8.762,8.955,8.642000000000001,186417.59,002083,0.01494,0.020380000000000002,-0.0507,0.18839,-0.04823,1.59154,8.644,8.892380000000001,8.16615,8.407739999999999,7.3456399999999995
2009-12-17,8.807,8.402999999999999,8.872,8.394,98499.37,002083,-0.04097,-0.0308,-0.07487,0.09987,-0.09441000000000001,1.2661799999999999,8.5906,8.86,8.17845,8.40062,7.364719999999999
2009-12-18,8.283,7.952000000000001,8.347999999999999,7.916,91637.24,002083,-0.05367,-0.07589,-0.14787999999999998,0.03582,-0.13537000000000002,1.0489600000000001,8.46,8.79429,8.182889999999999,8.3905,7.38127
2009-12-21,7.952000000000001,8.136000000000001,8.164,7.934,73180.2,002083,0.02314,-0.04842,-0.13235,0.05731,-0.09298,1.0771,8.3772,8.73519,8.19,8.38372,7.39842
2009-12-22,8.136000000000001,7.842,8.164,7.824,60186.94,002083,-0.03614,-0.09162999999999999,-0.16047999999999998,-0.04587,-0.13539,0.96986,8.219,8.66381,8.18392,8.37373,7.41412
2009-12-23,7.842,8.026,8.072000000000001,7.815,59429.97,002083,0.023459999999999998,-0.084,-0.07524,0.03682,-0.1342,1.15405,8.0718,8.632710000000001,8.18852,8.36362,7.4316
2009-12-24,8.118,8.237,8.274,8.035,97503.71,002083,0.026289999999999997,-0.01975,-0.06957999999999999,0.02744,-0.09004,1.34205,8.0386,8.60338,8.192060000000001,8.35699,7.45078
2009-12-25,8.237,8.274,8.347999999999999,8.118,76921.71,002083,0.00449,0.04049,-0.03431,0.06254,-0.08036,1.32285,8.103,8.58938,8.19992,8.35111,7.469939999999999
2009-12-28,8.293,8.311,8.366,8.237,110279.99,002083,0.00447,0.021509999999999998,-0.01958,0.10917,-0.08367999999999999,1.30925,8.138,8.58148,8.21311,8.34494,7.489089999999999
2009-12-29,8.347999999999999,8.237,8.357000000000001,8.118,84883.52,002083,-0.0089,0.05037,-0.07915,0.12975,-0.06557,1.24319,8.217,8.54776,8.22837,8.34024,7.50765
2009-12-30,8.237,8.146,8.293,8.072000000000001,83249.87,002083,-0.01105,0.01495,-0.10049,0.15825,-0.0881,1.21299,8.241,8.504430000000001,8.246319999999999,8.33385,7.5258
2009-12-31,8.155,8.339,8.357000000000001,8.155,126410.64,002083,0.02369,0.01238,-0.09652999999999999,0.22578,-0.07591,1.19505,8.2614,8.462,8.2711,8.32828,7.54426
2010-01-04,8.385,8.513,8.596,8.302,200306.84,002083,0.02087,0.02889,-0.07768,0.27021999999999996,-0.04219,1.4519,8.3092,8.42786,8.300310000000001,8.32523,7.56475
2010-01-05,8.532,8.541,8.55,8.402999999999999,125832.48,002083,0.00329,0.02767,-0.03828,0.2674,-0.0159,1.59605,8.3552,8.411669999999999,8.329369999999999,8.324110000000001,7.5860899999999996
2010-01-06,8.513,8.477,8.67,8.467,110160.49,002083,-0.007490000000000001,0.02914,-0.061029999999999994,0.19445,-0.01602,1.58366,8.4032,8.38543,8.35163,8.322980000000001,7.60722
2010-01-07,8.458,8.1,8.504,8.09,130521.96,002083,-0.044469999999999996,-0.00565,-0.08506,0.13972,-0.07247999999999999,1.49692,8.394,8.34957,8.36765,8.317839999999999,7.62696
2010-01-08,8.09,8.127,8.155,7.888,91338.6,002083,0.0033299999999999996,-0.025419999999999998,-0.053570000000000007,0.12035,-0.12922,1.58492,8.3516,8.32767,8.381730000000001,8.30803,7.64721
2010-01-11,8.164,8.136000000000001,8.265,7.997999999999998,87666.21,002083,0.0011099999999999999,-0.044289999999999996,-0.06159,0.1202,-0.10740999999999999,1.50108,8.2762,8.30224,8.39581,8.30007,7.66706
2010-01-12,8.164,8.366,8.366,8.09,86324.74,002083,0.02827,-0.02049,-0.02777,0.12628,-0.10715,1.60056,8.2412,8.29086,8.41094,8.291910000000001,7.687989999999999
2010-01-13,8.219,8.559,8.651,8.118,236666.1,002083,0.02307,0.00967,0.00105,0.17553,-0.08918,1.51144,8.2576,8.29129,8.43155,8.2851,7.7089300000000005
2010-01-14,8.55,8.66,8.706,8.486,222152.95,002083,0.0118,0.06914,0.00313,0.15714,-0.09679,1.44979,8.3696,8.29257,8.45052,8.27755,7.729760000000001
2010-01-15,8.66,8.67,8.881,8.605,202527.55,002083,0.00115,0.06681000000000001,-0.0105,0.13616,-0.07193,1.45262,8.4782,8.28819,8.46727,8.272089999999999,7.75064
2010-01-18,8.633,8.918,8.972999999999997,8.613999999999999,207300.08,002083,0.0286,0.09612000000000001,0.06129,0.18433,-0.06451,1.6740599999999999,8.6346,8.312710000000001,8.48966,8.26709,7.7733300000000005
2010-01-19,8.908999999999997,8.743,8.908999999999997,8.679,168378.29,002083,-0.01962,0.04506,0.09947,0.14572000000000002,-0.13862,1.47958,8.71,8.35038,8.5076,8.25565,7.79454
2010-01-20,8.743,8.613999999999999,9.056,8.412,298582.27,002083,-0.01475,0.00643,0.05875,0.12616,-0.10084,1.39344,8.721,8.37314,8.52316,8.2478,7.81493
2010-01-21,8.559,8.679,8.872,8.467,168584.79,002083,0.00755,0.0021899999999999997,0.10672999999999999,0.10405999999999999,-0.11772,1.5332700000000001,8.7248,8.413,8.53635,8.238380000000001,7.83628
2010-01-22,8.55,8.228,8.624,7.98,148193.6,002083,-0.05196,-0.050980000000000004,0.025169999999999998,0.10088,-0.16433,1.28619,8.6364,8.42262,8.54852,8.22523,7.8551
2010-01-25,8.182,7.952000000000001,8.302,7.907,87715.83,002083,-0.03354,-0.10832,-0.0346,0.0459,-0.16672,1.13419,8.4432,8.40905,8.55415,8.21229,7.87228
2010-01-26,7.943,7.64,8.09,7.631,87429.98,002083,-0.03924,-0.12616,-0.07662999999999999,0.05061,-0.20017000000000001,1.07046,8.2226,8.378860000000001,8.560080000000001,8.19675,7.888330000000001
2010-01-27,7.657999999999999,7.603,7.796,7.566,57153.5,002083,-0.00484,-0.11737,-0.08519,0.04022,-0.22639,0.94999,8.0204,8.345139999999999,8.56482,8.17866,7.903389999999999
2010-01-28,7.677,7.75,7.851,7.622000000000001,54265.4,002083,0.01933,-0.10704000000000001,-0.059120000000000006,0.04069,-0.13097,0.84173,7.8346,8.32195,8.56971,8.16916,7.917789999999999
2010-01-29,7.723,7.769,7.897,7.677,57129.02,002083,0.00245,-0.05579,-0.04628,-0.05164,-0.11886,0.73764,7.7428,8.304,8.56289,8.160639999999999,7.9312
2010-02-01,7.695,7.3,7.704,7.235,97615.69,002083,-0.06037000000000001,-0.08199,-0.1246,-0.13312000000000002,-0.1931,0.66325,7.6124,8.25452,8.54481,8.14644,7.94303
2010-02-02,7.364,7.134,7.438,7.125,62100.48,002083,-0.02274,-0.06623,-0.16199000000000002,-0.16921,-0.22405999999999998,0.56071,7.5112,8.18886,8.52137,8.12969,7.95345
2010-02-03,7.171,7.346,7.346,7.015,63900.62,002083,0.02972,-0.0338,-0.13990999999999998,-0.13617,-0.21966999999999998,0.60709,7.4598,8.13195,8.50269,8.11288,7.96473
2010-02-04,7.2810000000000015,7.309,7.419,7.235,72428.85,002083,-0.00504,-0.0569,-0.13777999999999999,-0.15425,-0.23706,0.59272,7.3716,8.07633,8.48119,8.09441,7.97578
2010-02-05,7.162000000000001,7.134,7.245,7.079,71772.75,002083,-0.02394,-0.08174,-0.11925999999999999,-0.16649,-0.30657,0.60531,7.2446,8.030330000000001,8.458210000000001,8.068769999999999,7.98672
2010-02-08,7.143,7.143,7.217,7.107,43372.3,002083,0.00126,-0.021509999999999998,-0.12108,-0.21281,-0.25368,0.55655,7.2132,7.98348,8.42706,8.04903,7.9971
2010-02-09,7.199,7.346,7.355,7.125,59212.1,002083,0.028419999999999997,0.02972,-0.0971,-0.17368,-0.22273,0.54848,7.2556,7.945860000000001,8.40216,8.03192,8.00768
2010-02-10,7.364,7.3370000000000015,7.41,7.245,41229.19,002083,-0.00123,-0.00123,-0.12300000000000001,-0.19143,-0.23629,0.40663,7.2538,7.89686,8.37415,8.01346,8.0163
2010-02-11,7.309,7.3,7.419,7.2810000000000015,42860.49,002083,-0.00504,-0.00123,-0.1471,-0.2091,-0.1939,0.39954,7.252000000000001,7.8369,8.34302,7.99919,8.02477
2010-02-12,7.346,7.401,7.447,7.3370000000000015,43082.55,002083,0.01384,0.03743,-0.14538,-0.19816,-0.17684,0.29072,7.3054,7.77695,8.31352,7.986260000000001,8.03155
2010-02-22,7.372999999999998,7.419,7.4929999999999986,7.364,44612.23,002083,0.00243,0.03864,-0.14429,-0.1832,-0.10430999999999999,0.22953,7.3606,7.71738,8.28668,7.979239999999999,8.037180000000001
2010-02-23,7.419,7.355,7.447,7.199,59007.87,002083,-0.00863,0.00123,-0.17526,-0.21185,-0.01355,0.22808,7.3624,7.64295,8.25479,7.97841,8.04273
2010-02-24,7.355,7.943,8.081,7.2810000000000015,166858.69,002083,0.07995,0.0826,-0.0915,-0.15292999999999998,0.04844,0.31440999999999997,7.4836,7.60486,8.23166,7.9814,8.050460000000001
2010-02-25,7.8610000000000015,7.952000000000001,8.017000000000001,7.815,119298.2,002083,0.0011300000000000001,0.08932000000000001,-0.07685,-0.1487,0.12762,0.43433999999999995,7.614,7.57333,8.20926,7.98872,8.06024
2010-02-26,7.925,8.118,8.311,7.888,164241.45,002083,0.020880000000000003,0.09688,-0.06464,-0.06464,0.09821,0.43605,7.7574,7.54662,8.20021,7.994619999999999,8.070260000000001
2010-03-02,8.274,8.927,8.927,8.274,766729.06,002083,0.09966,0.20326,0.08495,0.00836,0.17553,0.5252,8.059,7.5799,8.2014,8.005460000000001,8.08276
2010-03-03,9.102,9.534,9.819,9.01,1332688.03,002083,0.068,0.29625999999999997,0.19894,0.11275,0.23449,0.55201,8.4948,7.655239999999999,8.21698,8.02018,8.09654
2010-03-04,9.286,9.102,9.368,8.936,730797.54,002083,-0.04531,0.14590999999999998,0.19136,0.07372999999999999,0.25165,0.56499,8.7266,7.7248600000000005,8.22706,8.035060000000001,8.1099
2010-03-05,9.074,9.092,9.249,8.927,397077.46,002083,-0.0011,0.14336,0.19584000000000001,0.01643,0.17315999999999998,0.59817,8.9546,7.7957600000000005,8.229439999999999,8.04597,8.12374
2010-03-08,9.286,9.23,9.377,9.083,410092.69,002083,0.01518,0.13698,0.19097,0.019209999999999998,0.23943000000000003,0.80414,9.177,7.8662399999999995,8.23224,8.06046,8.140460000000001
2010-03-09,9.157,8.982000000000003,9.157,8.872,277022.67,002083,-0.026869999999999998,0.0061600000000000005,0.15613,-0.026869999999999998,0.3203,0.87555,9.187999999999999,7.9239999999999995,8.22824,8.07818,8.1575
2010-03-10,8.936,9.267,9.534,8.863,494969.69,002083,0.03173,-0.028010000000000004,0.26945,0.0040100000000000005,0.38645,0.8885299999999999,9.1346,8.017669999999999,8.22884,8.09918,8.17523
2010-03-11,9.102,9.01,9.221,8.908999999999997,250625.61,002083,-0.02773,-0.01011,0.26297,0.014530000000000001,0.32616999999999996,0.8224100000000001,9.1162,8.107000000000001,8.23092,8.1172,8.19176
2010-03-12,8.908999999999997,8.908999999999997,9.065,8.798,216681.93,002083,-0.01121,-0.020130000000000002,0.21277,-0.01318,0.25355,0.65595,9.0796,8.18143,8.229,8.13185,8.2061
2010-03-15,8.908999999999997,8.991,9.001,8.605,222019.32,002083,0.0092,-0.025889999999999996,0.23013000000000003,0.015590000000000001,0.21796,0.65428,9.0318,8.261519999999999,8.23123,8.14493,8.22056
2010-03-16,8.918,9.019,9.175,8.899,348127.85,002083,0.0031100000000000004,0.00412,0.26423,0.05031,0.22624,0.6350600000000001,9.0392,8.351289999999999,8.23819,8.15846,8.2348
2010-03-17,8.972999999999997,9.194,9.332,8.844,324069.02,002083,0.0194,-0.00788,0.28713,0.06044,0.23608,0.75024,9.0246,8.44895,8.24665,8.17273,8.25082
2010-03-18,9.175,9.184,9.653,9.129,399351.08,002083,-0.00109,0.01931,0.2502,0.06729,0.21965,0.72437,9.0594,8.536480000000001,8.255980000000001,8.18618,8.2665
2010-03-19,9.148,9.194,9.23,8.964,253653.29,002083,0.00109,0.03199,0.2531,0.07532,0.25945,0.74426,9.1164,8.6249,8.26637,8.20158,8.28245
2010-03-22,9.175,9.304,9.359,9.102,246329.34,002083,0.01196,0.03481,0.27452,0.07773,0.2619,0.83801,9.179,8.72033,8.27719,8.21728,8.29969
2010-03-23,9.295,9.056,9.295,9.047,169055.53,002083,-0.026660000000000003,0.0041,0.22361999999999999,0.03355,0.18534,0.7763800000000001,9.1864,8.79914,8.281939999999999,8.22879,8.31578
2010-03-24,9.019,8.955,9.138,8.927,165385.05,002083,-0.01115,-0.026000000000000002,0.20704,0.06569,0.16647,0.75657,9.1386,8.87229,8.29084,8.239180000000001,8.33146
2010-03-25,8.955,8.78,9.01,8.762,174416.36,002083,-0.019540000000000002,-0.043989999999999994,0.19375,0.10412,0.141,0.6238199999999999,9.0578,8.94014,8.30419,8.248,8.34517
2010-03-26,8.67,8.807,8.899,8.651,124428.09,002083,0.0030800000000000003,-0.042089999999999995,0.10878,0.08247,0.07153999999999999,0.57324,8.9804,8.98129,8.31502,8.25278,8.35822
2010-03-29,8.844,8.872,8.899,8.67,140935.81,002083,0.007379999999999999,-0.04643,0.11569000000000002,0.13134,0.14611,0.5545800000000001,8.894,9.0251,8.33163,8.26198,8.371080000000001
2010-03-30,8.826,8.89,8.982000000000003,8.771,143473.46,002083,0.00203,-0.018330000000000003,0.0951,0.10765,0.10889000000000001,0.52122,8.8608,9.061860000000001,8.34556,8.26907,8.383460000000001
2010-03-31,8.881,8.798,8.964,8.78,116523.52,002083,-0.01035,-0.01753,-0.01445,0.06811,0.12983,0.49626000000000003,8.8294,9.055710000000001,8.354610000000001,8.277289999999999,8.39533
2010-04-01,8.881,8.945,8.991,8.826,140140.01,002083,0.01671,0.01879,-0.061779999999999995,0.0811,0.19378,0.46041000000000004,8.8624,9.02767,8.36544,8.2891,8.406789999999999
2010-04-02,8.982000000000003,9.092,9.166,8.927,191412.07,002083,0.01643,0.03236,-0.0011,0.09397,0.24702,0.48223,8.9194,9.02719,8.37803,8.30374,8.41881
2010-04-06,9.111,9.019,9.138,8.964,120263.39,002083,-0.008029999999999999,0.016569999999999998,-0.008029999999999999,0.09494,0.28238,0.33575,8.9488,9.023710000000001,8.39065,8.31989,8.42803
2010-04-07,9.037,8.918,9.056,8.881,109744.76,002083,-0.0112,0.00315,-0.0338,0.09477000000000001,0.31089,0.20108,8.9544,9.00886,8.4031,8.33708,8.4341
2010-04-08,8.899,8.899,9.001,8.78,138542.76,002083,-0.00213,0.011479999999999999,-0.00924,0.06715,0.32781,0.22255999999999998,8.9746,9.0049,8.41213,8.35494,8.44068
2010-04-09,8.853,8.918,8.972999999999997,8.807,106129.77,002083,0.00214,-0.00302,-0.03766,0.04757,0.32334,0.11391,8.9692,8.98829,8.418660000000001,8.37266,8.44439
2010-04-12,8.918,9.065,9.111,8.872,217670.05,002083,0.01648,-0.00297,0.0061,0.06135,0.2773,0.13739,8.9638,8.9909,8.42711,8.38866,8.448839999999999
2010-04-13,9.047,8.687999999999999,9.092,8.385,208776.53,002083,-0.041589999999999995,-0.0367,-0.02481,0.02489,0.22246,0.05284,8.8976,8.98038,8.43052,8.40151,8.450610000000001
2010-04-14,8.642000000000001,8.613999999999999,8.687999999999999,8.513,126824.57,002083,-0.00852,-0.034089999999999995,-0.04193,0.06346,0.18748,0.06385,8.8368,8.96243,8.43881,8.41257,8.45272
2010-04-15,8.596,8.541,8.716000000000001,8.513,98526.57,002083,-0.00847,-0.04023,-0.053,0.05094,0.17595999999999998,0.04426,8.7652,8.93967,8.44548,8.42296,8.454189999999999
2010-04-16,8.541,8.568,8.67,8.477,69989.52,002083,0.00316,-0.03925,-0.06809,0.0531,0.15347,0.07869,8.6952,8.90986,8.45245,8.43223,8.45673
2010-04-19,8.55,8.008,8.651,8.008,131302.66,002083,-0.06536,-0.1166,-0.12805,-0.042789999999999995,0.09985,-0.01319,8.4838,8.853860000000001,8.44668,8.438139999999999,8.45629
2010-04-20,7.997999999999998,8.182,8.431000000000001,7.824,132260.62,002083,0.021730000000000003,-0.05824,-0.11007,-0.04405,0.09327,-0.05432000000000001,8.3826,8.80567,8.4406,8.443810000000001,8.45438
2010-04-21,8.192,8.467,8.495,8.192,127451.47,002083,0.03483,-0.01707,-0.08996,-0.02229,0.10955,-0.06556000000000001,8.3532,8.76581,8.43748,8.450610000000001,8.45197
2010-04-22,8.486,8.541,8.706,8.283,148208.74,002083,0.008740000000000001,0.0,-0.056870000000000004,-0.01488,0.13426,-0.04591,8.3532,8.74129,8.4354,8.45883,8.4503
2010-04-23,8.633,8.613999999999999,8.899,8.596,171972.96,002083,0.00855,0.005370000000000001,-0.03808,-0.034089999999999995,0.12882000000000002,-0.0208,8.3624,8.72505,8.4305,8.46682,8.44955
2010-04-26,8.568,8.651,8.798,8.458,116185.45,002083,0.0043,0.08029,-0.01469,-0.01052,0.131,0.02695,8.491,8.7189,8.42902,8.474969999999999,8.45048
2010-04-27,8.596,8.311,8.613999999999999,8.054,109438.85,002083,-0.0393,0.01577,-0.05632,-0.03518,0.05724,0.01726,8.5168,8.69529,8.42413,8.47863,8.45105
2010-04-28,8.256,8.32,8.421,8.1,68386.72,002083,0.00108,-0.01736,-0.062220000000000004,-0.04136,0.11319000000000001,0.00605,8.4874,8.669,8.418339999999999,8.4855,8.45125
2010-04-29,8.347999999999999,8.725,9.092,8.347999999999999,388326.81,002083,0.04868,0.02154,-0.01856,0.0604,0.14757,0.0213,8.5242,8.66114,8.42635,8.49463,8.451989999999999
2010-04-30,8.633,8.467,8.807,8.09,260806.5,002083,-0.02957,-0.01707,-0.03762,0.06476,0.16433,0.09222999999999999,8.4948,8.645380000000001,8.434660000000001,8.50434,8.4549
2010-05-04,8.256,8.32,8.495,8.09,99630.08,002083,-0.01736,-0.03826,-0.06987,0.08901,0.13832,0.05237000000000001,8.4286,8.61562,8.44563,8.51256,8.45658
2010-05-05,8.164,8.863,8.89,8.109,221433.81,002083,0.06526,0.06642,-0.02519,0.16572,0.19014,0.14067000000000002,8.539,8.60471,8.46595,8.52407,8.46102
2010-05-06,8.872,9.194,9.718,8.78,746602.88,002083,0.03735,0.10505,0.0194,0.18632,0.12230999999999999,0.23376,8.7138,8.61305,8.489239999999999,8.53222,8.468110000000001
2010-05-07,8.964,9.644,10.012,8.918,949563.8,002083,0.04894,0.10533,0.08141,0.24134,0.14523,0.27095,8.8976,8.64762,8.51948,8.54216,8.476460000000001
2010-05-10,9.479,9.433,9.607,9.102,571526.73,002083,-0.02188,0.11409000000000001,0.06001,0.29219,0.09852000000000001,0.17151,9.0908,8.67305,8.553889999999999,8.54904,8.48208
2010-05-11,9.469,9.405,9.837,9.212,623233.71,002083,-0.00297,0.13041,0.05461,0.31833,0.10595,0.15242999999999998,9.3078,8.69624,8.59052,8.55637,8.48713
2010-05-12,9.102,8.467,9.24,8.467,472087.2,002083,-0.09973,-0.044680000000000004,-0.06597,0.1526,-0.02025,-0.01098,9.2286,8.667760000000001,8.6086,8.55494,8.48675
2010-05-13,8.247,8.458,8.559,7.723,418973.35,002083,-0.00106,-0.08005,-0.02647,0.1572,-0.0118,-0.028489999999999998,9.0814,8.65681,8.627130000000001,8.55412,8.48574
2010-05-14,8.182,8.394,8.789,8.136000000000001,349970.8,002083,-0.00757,-0.12961,-0.02554,0.17662,-0.07493999999999999,-0.061279999999999994,8.8314,8.64633,8.64745,8.548589999999999,8.48352
2010-05-18,7.796,7.879,8.109,7.557,379494.53,002083,-0.06135,-0.16474,-0.07751,0.10304,-0.11372,-0.09122999999999999,8.5206,8.61481,8.65932,8.54037,8.4803
2010-05-19,7.815,7.9620000000000015,8.219,7.704,265979.63,002083,0.01053,-0.15342999999999998,-0.07073,0.08386,-0.12255,-0.05697000000000001,8.232000000000001,8.58595,8.669260000000001,8.53133,8.47835
2010-05-20,7.815,8.274,8.431000000000001,7.787000000000001,380663.78,002083,0.039189999999999996,-0.02279,0.03322,0.12771,-0.10357999999999999,0.036969999999999996,8.1934,8.59862,8.68437,8.52356,8.47954
2010-05-21,8.044,8.522,8.596,7.989,375795.4,002083,0.02997,0.00757,0.04155,0.1674,-0.07671,0.03611,8.2062,8.61481,8.704080000000001,8.5178,8.48075
2010-05-24,8.522,8.863,9.065,8.486,407224.92,002083,0.040010000000000004,0.05587,0.04677,0.19754000000000002,-0.02422,0.05437,8.3,8.63367,8.72766,8.51602,8.482610000000001
2010-05-25,8.789,9.433,9.515,8.716000000000001,535379.06,002083,0.06431,0.19723,0.10444,0.27147,0.01082,0.14312,8.6108,8.67614,8.76015,8.51684,8.48741
2010-05-26,9.258,9.166,9.451,9.102,394447.36,002083,-0.0283,0.15122,0.06408,0.24623,-0.0225,0.10834,8.8516,8.70243,8.78935,8.51512,8.49105
2010-05-27,9.175,9.396,9.653,9.129,546492.87,002083,0.02509,0.13560999999999998,0.08612,0.18293,0.00589,0.14753,9.076,8.7379,8.81279,8.51557,8.49596
2010-05-28,9.423,9.295,9.506,9.12,396891.58,002083,-0.01075,0.09071,0.1184,0.16889,0.07098,0.0916,9.2306,8.78476,8.83445,8.52058,8.499130000000001
2010-05-31,9.267,9.442,10.095,9.175,688767.98,002083,0.01581,0.06533,0.13485999999999998,0.16309,0.06652999999999999,0.13430999999999998,9.3464,8.838189999999999,8.85581,8.52537,8.503680000000001
2010-06-01,9.525,9.718,9.828,9.019,566665.85,002083,0.029230000000000003,0.03021,0.11381,0.08861000000000001,0.13422,0.12204000000000001,9.4034,8.885480000000001,8.86856,8.53472,8.50798
2010-06-02,9.515,9.598,9.727,9.194,437962.49,002083,-0.01235,0.04713,0.13358,0.00671,0.13224,0.00777,9.4898,8.93933,8.8696,8.54383,8.508280000000001
2010-06-03,9.571,9.387,10.058,9.295,571880.15,002083,-0.02198,-0.0009599999999999999,0.12825,0.031310000000000004,0.04941,0.00278,9.488,8.99014,8.874189999999999,8.547419999999999,8.50838
2010-06-04,9.203,10.122,10.288,9.102,721480.55,002083,0.0783,0.08897000000000001,0.14205,0.11329000000000002,0.11771,0.05175,9.6534,9.0501,8.89081,8.55609,8.51041
2010-06-07,9.837,10.141,10.389,9.837,663630.48,002083,0.0018800000000000002,0.07403,0.10300000000000001,0.0987,0.0987,0.01817,9.7932,9.095189999999999,8.9055,8.5635,8.51114
2010-06-08,10.141,9.993,10.242,9.69,439627.37,002083,-0.01459,0.0283,0.03619,0.11256,0.08267000000000001,-0.01469,9.8482,9.11181,8.92181,8.5697,8.510539999999999
2010-06-09,10.03,10.003,10.278,9.865,474709.63,002083,0.001,0.0422,0.06043,0.07942,0.12634,0.02291,9.9292,9.13895,8.93368,8.57882,8.51145
2010-06-10,9.984,10.205,10.38,9.883,489714.53,002083,0.02019,0.08714,0.08506,0.13263,0.13037,0.0715,10.0928,9.17705,8.95295,8.588389999999999,8.51422
2010-06-11,10.187,9.653,10.242,9.561,449390.92,002083,-0.05409,-0.04633,0.14007,0.08351,0.09036,0.05061,9.999,9.23352,8.96495,8.59489,8.516110000000001
2010-06-17,9.727,9.377,9.782,9.359,272824.04,002083,-0.028589999999999997,-0.07534,0.10865,0.04293,0.092,-0.02201,9.8462,9.277289999999999,8.97118,8.60132,8.51525
2010-06-18,9.332,9.001,9.543,8.817,312751.98,002083,-0.0401,-0.09927000000000001,0.07231,-0.002,0.03818,-0.0309,9.6478,9.306189999999999,8.970889999999999,8.60401,8.51408
2010-06-21,8.982000000000003,9.359,9.377,8.826,263250.46,002083,0.03977,-0.06437999999999999,0.18784,0.01795,0.08762,0.01365,9.519,9.376669999999999,8.97355,8.61014,8.51459
2010-06-22,9.286,9.405,9.635,9.267,299944.26,002083,0.00492,-0.07839,0.18124,0.024059999999999998,0.1,0.03386,9.359,9.44538,8.97711,8.61709,8.51585
2010-06-23,9.295,9.295,9.46,9.102,193299.63,002083,-0.0117,-0.03709,0.1234,0.01099,0.07668,0.028999999999999998,9.2874,9.494,8.97874,8.62247,8.516910000000001
2010-06-24,9.276,9.194,9.423,9.12,165100.98,002083,-0.01087,-0.01952,0.07885,-0.01182,0.0493,-0.0013,9.2508,9.526,8.97697,8.62598,8.516860000000001
2010-06-25,9.175,8.844,9.194,8.734,205520.5,002083,-0.03807,-0.01744,-0.00214,-0.02341,0.05248,-0.04688,9.2194,9.5251,8.97355,8.62957,8.515089999999999
2010-06-28,8.853,8.844,8.918,8.568,157481.11,002083,0.0,-0.055029999999999996,-0.062439999999999996,-0.0124,0.11217,-0.038380000000000004,9.1164,9.49705,8.97176,8.63682,8.51366
2010-06-29,8.734,7.98,8.826,7.98,286891.32,002083,-0.09769,-0.15152000000000002,-0.12939,-0.09112,-0.01917,-0.11037000000000001,8.8314,9.44057,8.95885,8.63555,8.50963
2010-06-30,7.879,8.118,8.228,7.677,217668.0,002083,0.01729,-0.12663,-0.13602,-0.07823,0.0352,-0.10496,8.596,9.379710000000001,8.94774,8.6378,8.50576
2010-07-01,7.997999999999998,7.842,8.173,7.778,133561.28,002083,-0.034,-0.14705,-0.15632000000000001,-0.1161,-0.022930000000000002,-0.15405,8.3256,9.31052,8.93113,8.6363,8.49996
2010-07-02,7.842,8.044,8.062999999999999,7.557,199937.85,002083,0.02576,-0.09046,-0.14806,-0.09516000000000001,-0.02343,-0.11135999999999999,8.1656,9.24395,8.91748,8.634730000000001,8.49586
2010-07-05,7.907,8.155,8.256,7.824,224690.7,002083,0.0138,-0.07791000000000001,-0.16084,-0.07307999999999999,-0.01438,-0.09358999999999999,8.0278,9.16952,8.907110000000001,8.63376,8.49244
2010-07-06,8.136000000000001,8.32,8.394,8.09,263753.87,002083,0.02023,0.04261,-0.13315,-0.06987,0.00108,-0.08269,8.0958,9.10867,8.89703,8.63384,8.48939
2010-07-07,8.293,8.329,8.504,8.228,252167.22,002083,0.00108,0.02599,-0.11270999999999999,-0.08392000000000001,0.011170000000000001,-0.05513,8.138,9.05829,8.884730000000001,8.63459,8.48741
2010-07-08,8.357000000000001,8.1,8.385,8.017000000000001,199200.89,002083,-0.027489999999999997,0.0329,-0.19976,-0.1019,-0.00565,-0.09325,8.1896,8.962,8.8699,8.634210000000001,8.48403
2010-07-09,8.1,8.347999999999999,8.421,7.907,307086.22,002083,0.030619999999999998,0.03779,-0.17681,-0.06392,0.00108,-0.07491,8.2504,8.876619999999999,8.860710000000001,8.63428,8.48128
2010-07-12,8.311,8.431000000000001,8.55,8.274,321946.0,002083,0.009940000000000001,0.033839999999999995,-0.15631,-0.05259,-0.00963,-0.05142000000000001,8.3056,8.80224,8.85316,8.63362,8.47942
2010-07-13,8.375,8.522,8.697000000000001,8.32,363548.62,002083,0.010790000000000001,0.02428,-0.14806,-0.0444,-0.0022199999999999998,-0.018090000000000002,8.346,8.731710000000001,8.84677,8.633460000000001,8.47878
2010-07-14,8.522,8.504,8.605,8.402999999999999,223229.36,002083,-0.0021100000000000003,0.02101,-0.16668,-0.06189,0.0031899999999999997,-0.01288,8.381,8.65071,8.83773,8.63368,8.47833
2010-07-15,8.513,8.109,8.568,8.1,201479.98,002083,-0.04645,0.0011099999999999999,-0.15995,-0.06663999999999999,0.0011099999999999999,-0.07145,8.3828,8.57719,8.828389999999999,8.63376,8.4758
2010-07-16,8.044,8.146,8.228,7.971,152585.17,002083,0.00456,-0.0242,-0.13128,-0.054329999999999996,0.00234,-0.12718,8.3424,8.51857,8.820839999999999,8.63391,8.47097
2010-07-19,8.072000000000001,8.347999999999999,8.394,7.997999999999998,146225.82,002083,0.0248,-0.00984,-0.07255,-0.0226,0.026060000000000003,-0.08415,8.3258,8.48748,8.817730000000001,8.63563,8.46785
2010-07-20,8.44,8.624,8.752,8.375,305047.95,002083,0.03306,0.01197,-0.07852999999999999,0.006540000000000001,0.03084,-0.07962000000000001,8.3462,8.45248,8.81863,8.63773,8.46482
2010-07-21,8.752,8.651,9.056,8.613999999999999,389663.69,002083,0.00313,0.01729,-0.08017,0.08029,0.01075,-0.07939,8.3756,8.41657,8.829,8.63848,8.461789999999999
2010-07-22,8.633,8.716000000000001,8.743,8.532,219575.17,002083,0.007509999999999999,0.07486,-0.06229,0.06527000000000001,0.00647,-0.09095,8.497,8.389,8.83761,8.63893,8.45824
2010-07-23,8.734,8.642000000000001,8.771,8.522,185890.73,002083,-0.008490000000000001,0.06089,-0.060039999999999996,0.020669999999999997,-0.00323,-0.07493,8.5962,8.36271,8.84044,8.638710000000001,8.4554
2010-07-26,8.633,8.762,8.853,8.596,255071.35,002083,0.013890000000000001,0.049589999999999995,-0.00927,0.02588,-0.017490000000000002,-0.08088,8.679,8.35881,8.844,8.63744,8.45226
2010-07-27,8.771,8.679,8.771,8.568,210613.72,002083,-0.009470000000000001,0.006379999999999999,-0.01866,0.00755,-0.00732,-0.14493,8.69,8.35095,8.84505,8.63692,8.44628
2010-07-28,8.624,8.918,8.964,8.568,367469.13,002083,0.02754,0.030860000000000002,0.11754,0.030860000000000002,0.035289999999999995,-0.0691,8.7434,8.39562,8.84935,8.639389999999999,8.443589999999999
2010-07-29,8.955,8.908999999999997,8.955,8.752,277365.83,002083,-0.00101,0.02214,0.09744,0.07195,0.0265,-0.09434,8.782,8.43329,8.859,8.64126,8.43982
2010-07-30,8.89,8.789,8.908999999999997,8.697000000000001,182743.46,002083,-0.01347,0.01701,0.12075999999999999,0.05637,0.06817999999999999,-0.10735,8.8114,8.47838,8.86656,8.64582,8.43552
2010-08-02,8.881,9.047,9.083,8.826,419721.88,002083,0.02935,0.03253,0.12469000000000001,0.036910000000000005,0.1377,-0.05198,8.8684,8.52614,8.87176,8.65472,8.43351
2010-08-03,9.01,8.716000000000001,9.047,8.706,300835.03,002083,-0.03659,0.00426,0.06879,0.029410000000000002,0.14084000000000002,-0.08752,8.8758,8.55286,8.87577,8.66347,8.43011
2010-08-04,8.687999999999999,8.927,8.964,8.651,257724.93,002083,0.02421,0.00101,0.07296,0.07296,0.17414000000000002,-0.09168,8.8776,8.581760000000001,8.88556,8.67424,8.42645
2010-08-05,8.918,9.203,9.423,8.881,566282.0,002083,0.03092,0.033,0.10493,0.038360000000000005,0.18748,0.03196,8.9364,8.623380000000001,8.89105,8.68605,8.427610000000001
2010-08-06,9.148,9.332,9.423,9.047,429869.46,002083,0.01402,0.061779999999999995,0.1521,0.015009999999999999,0.20118,0.058410000000000004,9.045,8.68205,8.89327,8.69876,8.4297
2010-08-09,9.332,9.313,9.396,9.221,291313.0,002083,-0.0020399999999999997,0.0294,0.1156,-0.034319999999999996,0.27575,0.0294,9.0982,8.728,8.887939999999999,8.715119999999999,8.43078
2010-08-10,9.304,8.872,9.469,8.872,386189.65,002083,-0.04735,0.0179,0.05231,-0.05947,0.24361999999999998,-0.035019999999999996,9.1294,8.749,8.87889,8.72925,8.42947
2010-08-11,8.872,9.129,9.148,8.853,272343.91,002083,0.02897,0.02263,0.07123,-0.02935,0.24272,-0.03027,9.1698,8.7779,8.87444,8.74375,8.42831
2010-08-12,9.01,9.138,9.304,8.945,346295.54,002083,0.00099,-0.0070599999999999994,0.07455,0.07925,0.25024,-0.04614,9.1568,8.8081,8.88526,8.75862,8.42652
2010-08-13,9.166,9.24,9.286,8.945,253152.77,002083,0.01116,-0.009859999999999999,0.13947,0.09246,0.29521,-0.10187,9.1384,8.86195,8.89787,8.775739999999999,8.422260000000001
2010-08-16,9.194,9.488,9.589,9.148,499043.37,002083,0.02684,0.01879,0.16474,0.13033,0.32829,-0.00867,9.1734,8.92586,8.915519999999999,8.7948,8.42192
2010-08-17,9.46,9.571,9.745,9.405,482606.54,002083,0.00875,0.07879,0.1465,0.21475,0.30289,0.0127,9.3132,8.9841,8.94281,8.81289,8.422410000000001
2010-08-18,9.561,9.414,9.561,9.322,349066.25,002083,-0.0164,0.031219999999999998,0.0916,0.18237,0.28309,-0.02009,9.3702,9.02171,8.96623,8.82978,8.421619999999999
2010-08-19,9.423,9.469,9.745,9.286,408920.32,002083,0.00584,0.03622,0.09456,0.14443,0.29712,0.045610000000000005,9.4364,9.06067,8.9855,8.84741,8.4233
2010-08-20,9.387,9.561,9.791,9.313,533957.85,002083,0.00972,0.03474,0.09695,0.12192,0.29185,0.0634,9.5006,9.1009,9.00226,8.864980000000001,8.42562
2010-08-23,9.488,10.104,10.122,9.433,687262.52,002083,0.05679,0.06492,0.16917000000000001,0.14002,0.36191,0.21985,9.6238,9.17052,9.022269999999999,8.8868,8.433019999999999
2010-08-24,10.113,10.03,10.232,9.883,598064.46,002083,-0.00732,0.04796,0.14472000000000002,0.06329,0.3637,0.34523000000000004,9.7156,9.2309,9.0319,8.90855,8.443480000000001
2010-08-25,9.883,9.635,10.058,9.635,410222.23,002083,-0.03938,0.02348,0.11015,0.05117,0.21302,0.27178,9.7598,9.27643,9.03947,8.922310000000001,8.45185
2010-08-26,9.764,10.141,10.361,9.69,559888.0,002083,0.052520000000000004,0.07097,0.13714,0.07929,0.27528,0.43803000000000003,9.8942,9.33467,9.05148,8.94011,8.46441
2010-08-27,10.012,9.947,10.085,9.718,366582.0,002083,-0.01913,0.040369999999999996,0.11650999999999999,0.07015,0.2253,0.34564,9.9714,9.3841,9.062000000000001,8.95498,8.4748
2010-08-30,10.03,10.26,10.389,9.837,524952.0,002083,0.03147,0.01544,0.16737,0.08663,0.14932,0.35107,10.0026,9.454139999999999,9.07519,8.965810000000001,8.48563
2010-08-31,10.168,10.232,10.527,10.131,543788.0,002083,-0.0027300000000000002,0.02014,0.13097999999999999,0.05289,0.07321,0.32487,10.043,9.51057,9.08348,8.97149,8.49583
2010-09-01,10.251,10.049,10.646,9.782,594910.0,002083,-0.01789,0.04297,0.15294000000000002,0.04699,0.10404000000000001,0.38188,10.1258,9.57405,9.090760000000001,8.97919,8.50712
2010-09-02,10.021,10.067,10.288,9.837,396901.0,002083,0.00179,-0.0073,0.1277,0.07244,0.10724000000000002,0.29896999999999996,10.111,9.62833,9.10173,8.987110000000001,8.516539999999999
2010-09-03,10.113,10.288,10.481,10.039,469292.0,002083,0.02195,0.03428,0.1179,0.0164,0.11463,0.3815,10.1792,9.68,9.1044,8.99572,8.528089999999999
2010-09-06,10.398,9.938,10.462,9.911,462882.0,002083,-0.03402,-0.03138,0.06494,-0.02002,0.10644,0.46083,10.1148,9.708860000000001,9.10113,9.00349,8.54083
2010-09-07,9.92,10.039,10.168,9.819,250256.0,002083,0.010159999999999999,-0.01886,0.07796,0.0046,0.08331000000000001,0.5019399999999999,10.0762,9.74343,9.10187,9.00976,8.55447
2010-09-08,9.984,10.269,10.288,9.865,393919.0,002083,0.02291,0.02189,0.15746,0.02659,0.13973,0.51148,10.1202,9.80995,9.106160000000001,9.02,8.5686
2010-09-09,10.324000000000002,10.665,10.996,10.159,873114.0,002083,0.038560000000000004,0.0594,0.16826,0.04508,0.1971,0.50063,10.2398,9.8831,9.11358,9.03428,8.583060000000001
2010-09-10,10.665,10.646,10.876,10.435,529845.0,002083,-0.0017800000000000001,0.0348,0.16502999999999998,0.10287,0.18407,0.44216000000000005,10.3114,9.9549,9.1296,9.04773,8.59633
2010-09-13,10.573,10.757,10.904000000000002,10.499,356530.0,002083,0.01043,0.08241,0.16418,0.14717,0.1927,0.46253999999999995,10.4752,10.02714,9.15185,9.061860000000001,8.61016
2010-09-14,10.931,11.336,11.768,10.848,713763.0,002083,0.053829999999999996,0.1292,0.19477,0.25942,0.23298000000000002,0.52407,10.7346,10.11514,9.18952,9.07928,8.626
2010-09-15,11.216,10.692,11.29,10.6,495675.0,002083,-0.05681,0.04119,0.11712,0.14243,0.1642,0.41991999999999996,10.8192,10.16852,9.21102,9.09154,8.638860000000001
2010-09-16,10.692,10.38,10.83,10.131,368538.0,002083,-0.02918,-0.026719999999999997,0.10260999999999999,0.10367,0.129,0.42191999999999996,10.7622,10.21452,9.22674,9.101180000000001,8.65138
2010-09-17,10.508,10.104,10.508,10.03,267393.0,002083,-0.02659,-0.050910000000000004,0.06706000000000001,0.08703999999999999,0.08598,0.37041,10.6538,10.244760000000001,9.23979,9.10768,8.66248
2010-09-20,10.159,9.837,10.242,9.773,206902.0,002083,-0.026430000000000002,-0.08553,0.02887,0.06994,0.08624,0.28757,10.4698,10.2579,9.250160000000001,9.11403,8.67141
2010-09-21,9.892,9.938,10.021,9.791,122694.0,002083,0.01027,-0.12332,-0.01643,0.1237,0.10977,0.29452,10.1902,10.25,9.26781,9.12202,8.6806
2010-09-27,9.975,10.242,10.297,9.856,188845.0,002083,0.03059,-0.042089999999999995,0.02114,0.15807000000000002,0.16651,0.33099,10.1002,10.2601,9.29035,9.13391,8.69096
2010-09-28,10.159,9.892,10.223,9.828,200131.0,002083,-0.03417,-0.04701,0.02667,0.2396,0.1232,0.20355,10.0026,10.27233,9.32119,9.14273,8.69776
2010-09-29,9.856,9.708,10.049,9.607,198070.0,002083,-0.0186,-0.039189999999999996,-0.0427,0.19585999999999998,0.09423,0.2541,9.9234,10.251710000000001,9.34684,9.14953,8.70575
2010-09-30,9.653,9.856,9.883,9.561,108039.0,002083,0.01525,0.00193,-0.00915,0.25682,0.10865999999999999,0.22939,9.9272,10.24738,9.37932,9.15738,8.713230000000001
2010-10-08,9.993,10.095,10.187,9.837,193976.0,002083,0.02425,0.0158,-0.01608,0.25497,0.14742,0.29639,9.9586,10.239519999999999,9.4124,9.16793,8.722610000000001
2010-10-11,10.113,10.416,10.472,10.003,332595.0,002083,0.0318,0.01699,0.01798,0.27725,0.16445,0.3901,9.9934,10.248289999999999,9.44887,9.179889999999999,8.73449
2010-10-12,10.297,10.407,10.453,10.223,258002.0,002083,-0.00086,0.05206,0.03563,0.25084,0.14463,0.42738000000000004,10.0964,10.26533,9.48253,9.19058,8.747160000000001
2010-10-13,10.407,10.563,10.711,10.122,372949.0,002083,0.01499,0.08807000000000001,0.04927,0.26821999999999996,0.17119,0.50192,10.2674,10.28895,9.51856,9.20313,8.761510000000001
2010-10-14,10.545,10.959,11.216,10.407,730938.0,002083,0.037489999999999996,0.11191,0.06522,0.35296,0.22885999999999998,0.6109100000000001,10.488,10.3209,9.564680000000001,9.21972,8.7784
2010-10-15,10.757,11.050999999999998,11.63,10.646,737999.0,002083,0.00839,0.0947,0.11199,0.32379,0.24181999999999998,0.64891,10.6792,10.3739,9.60827,9.237219999999999,8.79608
2010-10-18,11.078,10.297,11.244000000000002,10.205,457959.0,002083,-0.06823,-0.01142,0.0257,0.22133000000000003,0.15463,0.5279699999999999,10.6554,10.38619,9.63837,9.24843,8.81054
2010-10-19,10.711,11.327,11.327,10.711,178034.0,002083,0.10003,0.0884,0.10303,0.32915,0.24953000000000003,0.5960300000000001,10.8394,10.43657,9.68361,9.26682,8.827739999999999
2010-10-20,11.924,11.621,12.227,11.428,950679.0,002083,0.025960000000000004,0.10016,0.08964,0.36653,0.33759,0.63515,11.050999999999998,10.4821,9.733889999999999,9.29067,8.84609
2010-10-21,11.308,11.63,12.09,11.308,570503.0,002083,0.0007700000000000001,0.06122999999999999,0.09243,0.43421000000000004,0.35013,0.60325,11.1852,10.52895,9.79068,9.31519,8.86388
2010-10-22,11.538,11.446,11.566,11.078,367124.0,002083,-0.015819999999999997,0.03574,0.06405,0.40510999999999997,0.34012,0.57593,11.2642,10.561760000000001,9.8439,9.3388,8.88088
2010-10-25,11.474,11.538,11.814,11.4,378879.0,002083,0.00804,0.12052,0.01782,0.38213,0.34664,0.5533100000000001,11.5124,10.57138,9.89535,9.36295,8.89759
2010-10-26,11.547,12.044,12.209,11.501,620356.0,002083,0.04386,0.0633,0.12645,0.39657,0.504,0.65417,11.6558,10.635760000000001,9.95052,9.395760000000001,8.91695
2010-10-27,11.906,11.492,11.906,11.4,368003.0,002083,-0.04583,-0.0111,0.10712999999999999,0.3284,0.40455,0.53554,11.63,10.68871,9.99634,9.42267,8.93324
2010-10-28,11.483,11.51,11.722,11.317,262812.0,002083,0.00157,-0.010320000000000001,0.13915,0.32056,0.3594,0.50832,11.606,10.75567,10.0414,9.447410000000001,8.949010000000001
2010-10-29,11.492,11.675999999999998,11.924,11.418,285383.0,002083,0.014419999999999999,0.02009,0.18695,0.35108,0.36705,0.5506,11.652000000000001,10.84324,10.09034,9.4729,8.965869999999999
2010-11-01,11.675999999999998,12.255,12.411,11.584,511489.0,002083,0.049589999999999995,0.06214,0.23315,0.39865,0.42268,0.60595,11.7954,10.95357,10.14668,9.5025,8.98466
2010-11-02,12.163,11.823,12.375,11.814,511457.0,002083,-0.03525,-0.01835,0.15436,0.36225,0.36666,0.54569,11.7512,11.02886,10.197389999999999,9.52829,9.00163
2010-11-03,11.749,11.345,11.823,11.327,305181.0,002083,-0.04043,-0.012790000000000001,0.14689000000000002,0.27215,0.36506,0.4432,11.7218,11.09805,10.23653,9.55296,9.015789999999999
2010-11-04,11.354,11.556,11.657,11.327,187736.0,002083,0.0186,0.004,0.19036,0.29712,0.38894,0.5461600000000001,11.731,11.18605,10.27923,9.57927,9.03239
2010-11-05,11.602,11.529000000000002,11.703,11.455,225552.0,002083,-0.00234,-0.01259,0.16974,0.31175,0.32138,0.5163800000000001,11.7016,11.26571,10.32342,9.60207,9.04835
2010-11-08,11.538,11.869000000000002,11.915,11.409,284037.0,002083,0.02949,-0.0315,0.17573,0.31193000000000004,0.4018,0.63215,11.6244,11.35019,10.36894,9.629719999999999,9.06703
2010-11-09,11.86,11.63,11.869000000000002,11.547,239980.0,002083,-0.02014,-0.016319999999999998,0.11655,0.33433,0.39784,0.59119,11.5858,11.408,10.415939999999999,9.65663,9.0846
2010-11-10,11.621,11.897,12.044,11.464,382965.0,002083,0.022959999999999998,0.04866,0.14317,0.3327,0.34231999999999996,0.5975600000000001,11.6962,11.47895,10.46384,9.6813,9.102689999999999
2010-11-11,11.906,11.713,12.246,11.675999999999998,490594.0,002083,-0.01547,0.013590000000000001,0.10887000000000001,0.27274,0.27398,0.42981,11.7276,11.533710000000001,10.50432,9.70178,9.117
2010-11-12,11.566,10.545,11.667,10.545,428897.0,002083,-0.09972,-0.08535,-0.03778,0.12997999999999998,0.09343,0.25223,11.5308,11.514000000000001,10.52389,9.70911,9.125630000000001
2010-11-15,10.619000000000002,10.775,10.83,10.398,165401.0,002083,0.02181,-0.09217,-0.024980000000000002,0.15698,0.14227,0.2548,11.312000000000001,11.500860000000001,10.54747,9.72002,9.13453
2010-11-16,10.775,10.187,10.848,10.039,198522.0,002083,-0.05457000000000001,-0.12408,-0.01068,0.14822000000000002,0.08315,0.19791,11.0234,11.495619999999999,10.56868,9.72637,9.14137
2010-11-17,10.095,10.003,10.573,9.865,138173.0,002083,-0.01806,-0.1592,-0.11689000000000001,0.09573999999999999,0.18141,0.15749000000000002,10.6446,11.43257,10.58277,9.73886,9.1469
2010-11-18,10.26,10.205,10.324000000000002,10.076,113957.0,002083,0.02019,-0.12875,-0.12185,0.11677,0.20655,0.19230999999999998,10.343,11.36514,10.59998,9.75307,9.15359
2010-11-19,10.278,10.462,10.554,10.131,164441.0,002083,0.02518,-0.00787,-0.10042999999999999,0.13225,0.24636999999999998,0.15295999999999998,10.3264,11.30952,10.61969,9.76988,9.159239999999999
2010-11-22,10.315,10.37,10.582,10.278,176673.0,002083,-0.008790000000000001,-0.03759,-0.09401,0.09296,0.31616,0.16648,10.2454,11.258289999999999,10.63392,9.79013,9.16525
2010-11-23,10.37,10.232,10.554,10.067,149353.0,002083,-0.013309999999999999,0.00442,-0.11319000000000001,0.06906,0.2851,0.12762,10.2544,11.1961,10.64458,9.808589999999999,9.169960000000001
2010-11-24,10.15,10.481,10.563,10.122,167487.0,002083,0.02434,0.04779,-0.12977,0.11334000000000001,0.26674000000000003,0.13554000000000002,10.35,11.12167,10.66179,9.82653,9.17504
2010-11-25,10.573,10.563,10.747,10.481,160705.0,002083,0.00782,0.03508,-0.08084,0.11553,0.2395,0.14442,10.4216,11.07743,10.67944,9.843119999999999,9.18046
2010-11-26,10.591,10.361,10.591,10.26,126549.0,002083,-0.019119999999999998,-0.00965,-0.09983,0.08367000000000001,0.16902,0.1407,10.4014,11.02271,10.69234,9.8553,9.18566
2010-11-29,10.37,10.444,10.563,10.352,143130.0,002083,0.00801,0.0071400000000000005,-0.10552,0.03365,0.10718,0.11915999999999999,10.4162,10.96405,10.69782,9.86352,9.19018
2010-11-30,10.398,9.92,10.619000000000002,9.653,205326.0,002083,-0.05017,-0.030489999999999996,-0.19053,-0.01097,0.08226,0.05791,10.3538,10.85286,10.69605,9.86965,9.19239
2010-12-01,9.902,9.92,10.039,9.708,104854.0,002083,0.0,-0.053529999999999994,-0.16096,0.029580000000000002,0.05577000000000001,0.06197999999999999,10.2416,10.76224,10.70065,9.87391,9.19474
2010-12-02,10.021,9.902,10.159,9.892,117566.0,002083,-0.0018100000000000002,-0.06258,-0.12719,-0.023569999999999997,0.0653,0.14090999999999998,10.1094,10.69352,10.69679,9.87885,9.199710000000001
2010-12-03,10.159,10.168,10.527,10.095,213321.0,002083,0.026860000000000002,-0.01863,-0.12011,0.02222,0.07689,0.14854,10.0708,10.62743,10.70035,9.88475,9.205060000000001
2010-12-06,10.131,9.938,10.251,9.837,109895.0,002083,-0.022619999999999998,-0.04845,-0.138,-0.03138,0.02264,0.1599,9.9696,10.55167,10.695160000000001,9.88654,9.21063
2010-12-07,9.957,9.947,10.012,9.672,96109.0,002083,0.00091,0.0027199999999999998,-0.16193,-0.02785,0.03636,0.17340999999999998,9.975,10.460139999999999,10.690560000000001,9.88937,9.2166
2010-12-08,9.92,9.874,10.058,9.856,85665.0,002083,-0.00734,-0.00464,-0.15099,-0.01741,0.051879999999999996,0.10386,9.9658,10.37652,10.68774,9.89333,9.22038
2010-12-09,9.745,9.58,9.883,9.58,107288.0,002083,-0.02978,-0.03252,-0.19475,-0.04838,-0.05355,0.05786,9.9014,10.26619,10.679889999999999,9.88893,9.22251
2010-12-10,9.479,9.617,9.644,9.341,104085.0,002083,0.00386,-0.054189999999999995,-0.17895,-0.06522,-0.05167000000000001,0.04193,9.7912,10.16638,10.66906,9.88467,9.22408
2010-12-13,9.681,9.892,9.902,9.626,118975.0,002083,0.0286,-0.00463,-0.06192999999999999,-0.00463,-0.01011,0.07172,9.782,10.13529,10.66832,9.88385,9.22677
2010-12-14,9.883,9.975,10.067,9.856,121098.0,002083,0.00839,0.00281,-0.07425,-0.006379999999999999,-0.0028,0.12318,9.7876,10.09719,10.66729,9.88362,9.23122
2010-12-15,9.984,10.003,10.187,9.929,125416.0,002083,0.00281,0.013059999999999999,-0.01806,-0.0259,-0.019790000000000002,0.10800000000000001,9.8134,10.08843,10.663,9.88198,9.23518
2010-12-16,10.003,9.8,10.012,9.754,112883.0,002083,-0.02029,0.022959999999999998,-0.02029,-0.08111,0.01523,0.10697000000000001,9.8574,10.07876,10.64905,9.88317,9.23903
2010-12-17,9.745,9.837,9.911,9.745,73847.0,002083,0.0037799999999999995,0.02288,-0.03606,-0.07599,0.04906,0.14557,9.9014,10.06124,10.636,9.88691,9.244110000000001
2010-12-20,9.883,9.525,9.929,9.313,123760.0,002083,-0.03172,-0.0371,-0.08956,-0.11452999999999999,0.05822000000000001,0.09862,9.828,10.01662,10.61613,9.891169999999999,9.247589999999999
2010-12-21,9.598,9.662,9.672,9.396,81721.0,002083,0.01438,-0.03138,-0.06827000000000001,-0.14767,0.03238,0.12284,9.7654,9.9829,10.58913,9.89363,9.25189
2010-12-22,9.745,9.488,9.745,9.469,83635.0,002083,-0.018009999999999998,-0.05148,-0.07271,-0.11260999999999999,0.00883,0.10970999999999999,9.6624,9.94748,10.56971,9.89431,9.2557
2010-12-23,9.874,9.764,10.104,9.727,276937.0,002083,0.029089999999999998,-0.00367,-0.06841,-0.05934,0.050460000000000005,0.13101,9.6552,9.91333,10.55977,9.89812,9.2603
2010-12-24,9.515,9.617,9.653,9.377,114903.0,002083,-0.015059999999999999,-0.022359999999999998,-0.08956,-0.0482,0.04601,0.09758,9.6112,9.86829,10.551919999999999,9.90156,9.26377
2010-12-27,9.543,9.148,9.672,9.148,140536.0,002083,-0.04877,-0.039580000000000004,-0.11707000000000001,-0.07003999999999999,0.03437,0.08866,9.5358,9.81052,10.54081,9.90403,9.2668
2010-12-28,9.148,8.633,9.184,8.624,118996.0,002083,-0.0563,-0.1065,-0.1734,-0.13130999999999998,-0.02386,0.08564,9.33,9.72429,10.51976,9.90232,9.26957
2010-12-29,8.642000000000001,8.734,8.771,8.642000000000001,61160.0,002083,0.0117,-0.07947,-0.11955999999999999,-0.14724,0.09449,0.0735,9.1792,9.667810000000001,10.495439999999999,9.90845,9.272
2010-12-30,8.725,8.706,8.807,8.578,72193.0,002083,-0.00321,-0.10835999999999998,-0.12237999999999999,-0.11989000000000001,0.07243,0.11018,8.9676,9.61,10.47631,9.91323,9.27551
2010-12-31,8.771,8.955,9.028,8.716000000000001,97717.0,002083,0.0286,-0.06884,-0.09564,-0.07756,0.14193,0.11575,8.8352,9.5649,10.464160000000001,9.92228,9.27929
2011-01-04,8.982000000000003,9.047,9.047,8.853,116337.0,002083,0.01027,-0.011040000000000001,-0.11025,-0.08208,0.12469000000000001,0.09834,8.815,9.511519999999999,10.45111,9.93043,9.282580000000001
2011-01-05,9.037,9.102,9.102,8.927,97921.0,002083,0.0060799999999999995,0.054329999999999996,-0.08412,-0.09837,0.11613,0.10007,8.9088,9.47171,10.4351,9.938130000000001,9.28595
2011-01-06,9.102,9.194,9.286,9.028,109850.0,002083,0.01011,0.05267,-0.0757,-0.11732000000000001,0.10505,0.10624000000000001,9.0008,9.43586,10.415389999999999,9.94524,9.289539999999999
2011-01-07,9.157,9.083,9.267,9.01,85580.0,002083,-0.01207,0.0433,-0.08011,-0.12722,0.09053,0.10271,9.0762,9.39819,10.39403,9.951369999999999,9.29298
2011-01-10,9.074,8.734,9.12,8.725,77318.0,002083,-0.038419999999999996,-0.02468,-0.08831,-0.17315,0.07827,0.07218,9.032,9.3579,10.36453,9.95652,9.29537
2011-01-11,8.66,8.697000000000001,8.734,8.559,57284.0,002083,-0.00424,-0.038689999999999995,-0.09566000000000001,-0.20640999999999998,0.04181,0.04293,8.962,9.3141,10.32805,9.95936,9.29682
2011-01-12,8.725,8.844,8.863,8.687999999999999,47696.0,002083,0.0169,-0.02835,-0.10594,-0.19971,0.04899,0.03888,8.9104,9.26419,10.29245,9.96272,9.298169999999999
2011-01-13,8.881,8.697000000000001,8.881,8.687999999999999,44916.0,002083,-0.01662,-0.054060000000000004,-0.12812,-0.15539,0.02054,0.01826,8.811,9.203330000000001,10.26665,9.964139999999999,9.2988
2011-01-14,8.706,8.412,8.706,8.366,76601.0,002083,-0.03277,-0.07387,-0.15905,-0.25735,-0.01082,-0.007670000000000001,8.6768,9.12757,10.21963,9.963389999999999,9.29854
2011-01-17,8.329,8.164,8.412,8.044,71224.0,002083,-0.029480000000000003,-0.06526,-0.16694,-0.29748,0.00678,0.0079,8.5628,9.049669999999999,10.16387,9.96384,9.2988
2011-01-18,8.237,8.302,8.339,8.118,41782.0,002083,0.0169,-0.04542,-0.15604,-0.28615999999999997,0.01915,0.02153,8.4838,8.976569999999999,10.11019,9.965110000000001,9.29951
2011-01-19,8.265,8.412,8.412,8.201,69257.0,002083,0.01325,-0.04885,-0.11685,-0.26507,0.007670000000000001,0.03392,8.3974,8.92357,10.06126,9.96563,9.30063
2011-01-20,8.44,8.062999999999999,8.467,8.054,65480.0,002083,-0.04149,-0.0729,-0.16549,-0.30118,-0.06505,-0.03622,8.2706,8.847430000000001,10.00521,9.96107,9.2994
2011-01-21,8.026,8.118,8.219,7.952000000000001,48438.0,002083,0.0068200000000000005,-0.03495,-0.14439000000000002,-0.32597,-0.061610000000000005,-0.05152,8.2118,8.78219,9.941889999999999,9.95673,9.29761
2011-01-24,8.127,7.98,8.219,7.98,40635.0,002083,-0.017,-0.02254,-0.18270999999999998,-0.3056,-0.08444,-0.07852,8.175,8.697239999999999,9.88524,9.95075,9.294839999999999
2011-01-25,8.072000000000001,8.09,8.219,7.997999999999998,52757.0,002083,0.01378,-0.02554,-0.15878,-0.29713,-0.06387000000000001,-0.0669,8.1326,8.62452,9.83008,9.94626,9.29248
2011-01-26,8.09,8.219,8.247,8.09,52947.0,002083,0.01595,-0.022940000000000002,-0.10155,-0.29608,-0.061970000000000004,-0.07837999999999999,8.094,8.58029,9.77432,9.94185,9.289639999999999
2011-01-27,8.21,8.32,8.329,8.118,71334.0,002083,0.01229,0.031869999999999996,-0.03626,-0.32109,-0.04136,-0.04838,8.1454,8.565380000000001,9.71085,9.938930000000001,9.28792
2011-01-28,8.32,8.32,8.347999999999999,8.21,61895.0,002083,0.0,0.024880000000000003,-0.0474,-0.29629,-0.06706000000000001,-0.03413,8.1858,8.54567,9.65435,9.93407,9.28673
2011-01-31,8.32,8.421,8.458,8.228,77902.0,002083,0.01214,0.055260000000000004,-0.03274,-0.25773,-0.054779999999999995,-0.02973,8.274,8.5321,9.60719,9.9301,9.285680000000001
2011-02-01,8.412,8.394,8.486,8.347999999999999,55450.0,002083,-0.00321,0.03758,-0.06265,-0.27362,-0.04494,0.02018,8.3348,8.50538,9.556189999999999,9.92689,9.28635
2011-02-09,8.357000000000001,8.219,8.421,8.192,64746.0,002083,-0.02085,0.0,-0.09152,-0.2871,-0.09152,0.03358,8.3348,8.46595,9.50281,9.92015,9.28744
2011-02-10,8.201,8.679,8.716000000000001,8.182,142844.0,002083,0.055970000000000006,0.04315,-0.04647,-0.26877,-0.00425,0.13599,8.4066,8.44581,9.45135,9.91985,9.29166
2011-02-11,8.687999999999999,8.752,8.771,8.568,116387.0,002083,0.008409999999999999,0.05192000000000001,-0.04807,-0.24745999999999999,-0.0196,0.15112,8.493,8.424760000000001,9.40494,9.91843,9.296330000000001
2011-02-14,8.743,8.826,8.853,8.706,110534.0,002083,0.008459999999999999,0.04809,-0.02829,-0.25813,-0.04096,0.13884000000000002,8.574,8.412519999999999,9.3554,9.91537,9.30071
2011-02-15,8.826,8.78,8.991,8.752,112613.0,002083,-0.00521,0.045989999999999996,0.00527,-0.25040999999999997,-0.05915,0.13013,8.6512,8.414710000000001,9.3081,9.91088,9.30482
2011-02-16,8.78,8.982000000000003,9.166,8.725,133864.0,002083,0.02301,0.09283,0.03277,-0.14822000000000002,-0.035539999999999995,0.23041,8.8038,8.428289999999999,9.28289,9.90819,9.31165
2011-02-17,8.964,9.111,9.166,8.853,167616.0,002083,0.01436,0.04978,0.030189999999999998,-0.15442999999999998,0.02694,0.27712,8.8902,8.441,9.25605,9.91013,9.31969
2011-02-18,9.102,9.332,9.405,8.972999999999997,264434.0,002083,0.02426,0.06627000000000001,0.07301,-0.08392999999999999,0.02224,0.27035,9.0062,8.47124,9.24226,9.91178,9.327760000000001
2011-02-21,9.194,9.571,9.69,9.175,258662.0,002083,0.02561,0.08441,0.13777999999999999,-0.04319,0.04738,0.30948000000000003,9.1552,8.52643,9.235289999999999,9.9153,9.336960000000001
2011-02-22,9.543,9.194,9.644,9.175,212685.0,002083,-0.039389999999999994,0.04715,0.12616,-0.09907,-0.00498,0.28876,9.238,8.57548,9.21898,9.91493,9.34533
2011-02-23,9.194,9.24,9.35,9.102,120066.0,002083,0.005,0.02872,0.11298,-0.1168,-0.026139999999999997,0.29357,9.2896,8.62014,9.19927,9.91291,9.353860000000001
2011-02-24,9.24,9.249,9.359,9.148,104803.0,002083,0.0009699999999999999,0.01515,0.0995,-0.1081,-0.033639999999999996,0.25905,9.3172,8.66,9.181189999999999,9.91029,9.36159
2011-02-25,9.304,9.396,9.653,9.194,180946.0,002083,0.01589,0.00686,0.16532,-0.0817,-0.0019100000000000002,0.28063,9.33,8.72348,9.167710000000001,9.91015,9.36996
2011-02-28,9.322,9.423,9.433,9.267,114597.0,002083,0.0028699999999999997,-0.01546,0.16075,-0.10094,-0.00486,0.29081999999999997,9.3004,8.78562,9.15065,9.90977,9.378589999999999
2011-03-01,9.451,9.387,9.598,9.313,124689.0,002083,-0.0038200000000000005,0.02099,0.17632,-0.11133,-0.0182,0.26834,9.339,8.85262,9.131680000000001,9.90836,9.38667
2011-03-02,9.341,9.304,9.433,9.129,103629.0,002083,-0.00884,0.0069299999999999995,0.15006,-0.10202,-0.07918,0.25408000000000003,9.3518,8.91043,9.11463,9.90185,9.39433
2011-03-03,9.313,9.028,9.359,9.01,116518.0,002083,-0.029660000000000002,-0.02389,0.09842999999999999,-0.13558,-0.0999,0.22746,9.3076,8.94895,9.09179,9.89371,9.40113
2011-03-04,9.028,9.184,9.194,9.028,66596.0,002083,0.01728,-0.02256,0.10385,-0.07418999999999999,-0.046810000000000004,0.15624000000000002,9.2652,8.9901,9.07992,9.890039999999999,9.40617
2011-03-07,9.212,9.469,9.571,9.212,165157.0,002083,0.031030000000000002,0.00488,0.1381,-0.04546,-0.06627000000000001,0.19077,9.2744,9.04481,9.07265,9.88458,9.412339999999999
2011-03-08,9.469,9.497,9.561,9.377,130734.0,002083,0.00296,0.01172,0.12778,-0.0409,-0.045239999999999995,0.16987,9.2964,9.09605,9.06611,9.88092,9.41795
2011-03-09,9.469,9.414,9.525,9.35,92233.0,002083,-0.008740000000000001,0.01182,0.12152,-0.07415,-0.08246,0.05455,9.3184,9.14462,9.05395,9.874039999999999,9.41993
2011-03-10,9.396,9.221,9.396,9.212,102763.0,002083,-0.0205,0.02138,0.12190999999999999,-0.07215,-0.09881000000000001,-0.03283,9.357000000000001,9.19233,9.04239,9.86582,9.41865
2011-03-11,9.138,9.341,9.469,9.102,134141.0,002083,0.013009999999999999,0.01709,0.07628,-0.06092,-0.07045,0.026260000000000002,9.3884,9.22386,9.03261,9.86007,9.41963
2011-03-14,9.286,9.644,9.653,9.276,286110.0,002083,0.03244,0.01848,0.10192000000000001,-0.02329,-0.04202,0.06071,9.4234,9.26633,9.0289,9.856630000000001,9.42187
2011-03-15,9.607,9.782,9.984,9.221,446711.0,002083,0.01431,0.030010000000000002,0.10832,0.02109,-0.04918,0.0598,9.4804,9.311860000000001,9.032160000000001,9.85251,9.42411
2011-03-16,9.736,10.003,10.205,9.662,535634.0,002083,0.02259,0.06257,0.13929,0.040139999999999995,0.006540000000000001,0.11367000000000001,9.5982,9.3701,9.03839,9.85304,9.42826
2011-03-17,10.021,9.902,10.361,9.736,412965.0,002083,-0.0101,0.07385,0.10243,0.00101,-0.01365,0.06852000000000001,9.7344,9.4139,9.03855,9.85193,9.43085
2011-03-18,9.947,10.113,10.242,9.773,396723.0,002083,0.02131,0.08265,0.10998,0.01383,-0.01519,0.12242,9.8888,9.46162,9.04077,9.850660000000001,9.43533
2011-03-21,10.122,9.782,10.122,9.699,274377.0,002083,-0.03273,0.01431,0.04822,-0.022090000000000002,-0.08279,0.09799,9.9164,9.48305,9.03721,9.84348,9.438880000000001
2011-03-22,9.754,9.626,9.782,9.469,157781.0,002083,-0.01595,-0.01595,0.00575,-0.017759999999999998,-0.09581,0.07063,9.8852,9.485669999999999,9.0344,9.835189999999999,9.441460000000001
2011-03-23,9.589,9.745,9.782,9.515,153485.0,002083,0.01236,-0.025789999999999997,0.05993,-0.00935,-0.09408,0.0805,9.8336,9.5119,9.032919999999999,9.82696,9.444410000000001
2011-03-24,9.745,9.617,9.773,9.552,153974.0,002083,-0.013130000000000001,-0.02878,0.0408,0.00966,-0.15164,0.04601,9.7766,9.529860000000001,9.0344,9.81298,9.44613
2011-03-25,9.598,9.561,9.718,9.534,170253.0,002083,-0.0058200000000000005,-0.05458,0.03373,-0.01045,-0.10578,0.04105,9.6662,9.54471,9.03277,9.80379,9.44766
2011-03-29,9.387,8.798,9.387,8.762,369248.0,002083,-0.0798,-0.10059,-0.06364,-0.07272,-0.15241,-0.04307,9.4694,9.51624,9.02165,9.79093,9.44605
2011-03-30,8.798,8.687999999999999,8.89,8.605,149537.0,002083,-0.0125,-0.09744,-0.078,-0.1102,-0.14014000000000001,-0.06621,9.2818,9.48124,9.00429,9.77941,9.44355
2011-03-31,8.716000000000001,8.67,8.807,8.613999999999999,91999.0,002083,-0.00207,-0.11030999999999999,-0.07637999999999999,-0.09847,-0.11863,-0.04262,9.0668,9.4471,8.98902,9.76993,9.441980000000001
2011-04-01,8.679,8.752,8.78,8.679,79544.0,002083,0.00946,-0.08993999999999999,-0.059329999999999994,-0.043289999999999995,-0.11934000000000002,-0.02267,8.8938,9.420810000000001,8.98263,9.76028,9.44115
2011-04-06,8.716000000000001,8.679,8.771,8.568,105973.0,002083,-0.00834,-0.09225,-0.03866,0.00533,-0.15261,-0.0115,8.7174,9.40419,8.983369999999999,9.747580000000001,9.44074
2011-04-07,8.67,8.826,8.863,8.613999999999999,96400.0,002083,0.01694,0.00318,-0.03898,0.01053,-0.10776,0.00216,8.722999999999999,9.387139999999999,8.98485,9.73891,9.44082
2011-04-08,8.807,8.844,8.863,8.725,110678.0,002083,0.0020399999999999997,0.01796,-0.066,0.01585,-0.08900000000000001,-0.00316,8.7542,9.357380000000001,8.98708,9.73189,9.440710000000001
2011-04-11,8.844,8.651,8.881,8.642000000000001,129608.0,002083,-0.02182,-0.0021899999999999997,-0.08907999999999999,-0.03395,-0.12226,-0.02688,8.7504,9.3171,8.98218,9.72209,9.439739999999999
2011-04-12,8.613999999999999,8.605,8.725,8.587,93451.0,002083,-0.00532,-0.0168,-0.08594,-0.04886,-0.1476,-0.02194,8.721,9.27857,8.97505,9.70998,9.43895
2011-04-13,8.587,8.67,8.67,8.431000000000001,97649.0,002083,0.00755,-0.0010400000000000001,-0.05975,-0.04746,-0.16763,-0.030739999999999996,8.7192,9.25233,8.96808,9.695780000000001,9.43783
2011-04-14,8.679,8.66,8.78,8.568,101570.0,002083,-0.00115,-0.01881,-0.0729,-0.05807999999999999,-0.16787,-0.047510000000000004,8.686,9.2199,8.95947,9.68158,9.43608
2011-04-15,8.771,8.716000000000001,8.78,8.651,74322.0,002083,0.00647,-0.014469999999999998,-0.09623,-0.04041,-0.17486,-0.0336,8.6604,9.17571,8.95355,9.66656,9.43485
2011-04-18,8.67,8.789,8.807,8.568,118181.0,002083,0.00838,0.01595,-0.10151,0.0063,-0.19801,-0.014469999999999998,8.687999999999999,9.12843,8.95444,9.64892,9.43432
2011-04-19,8.687999999999999,8.798,8.872,8.67,173949.0,002083,0.0010199999999999999,0.022430000000000002,-0.12046,0.011609999999999999,-0.20387,-0.01135,8.7266,9.07105,8.95606,9.6306,9.433910000000001
2011-04-20,8.817,8.863,8.899,8.725,127393.0,002083,0.007390000000000001,0.02226,-0.10493,0.00215,-0.13926,-0.00617,8.7652,9.02157,8.95637,9.61894,9.433689999999999
2011-04-21,8.844,8.817,8.918,8.798,108000.0,002083,-0.00519,0.01813,-0.12815,0.0138,-0.22159,-0.027360000000000002,8.7966,8.95986,8.95831,9.59854,9.43268
2011-04-22,8.817,8.687999999999999,8.817,8.651,85998.0,002083,-0.01463,-0.00321,-0.11184000000000001,0.03281,-0.25239,0.0,8.791,8.907760000000001,8.962760000000001,9.574689999999999,9.43268
2011-04-25,8.697000000000001,8.347999999999999,8.752,8.32,104876.0,002083,-0.03913,-0.05018,-0.13277,0.02254,-0.2822,-0.03088,8.7028,8.8469,8.96573,9.548010000000001,9.4316
2011-04-26,8.329,8.182,8.385,8.136000000000001,77668.0,002083,-0.01989,-0.07002,-0.16039,-0.01445,-0.28517,-0.04203,8.5796,8.77248,8.96379,9.521469999999999,9.43014
2011-04-27,8.192,8.237,8.283,8.146,57407.0,002083,0.00672,-0.07063,-0.1435,-0.0208,-0.2861,-0.03863,8.4544,8.706760000000001,8.96097,9.49463,9.42879
2011-04-28,8.228,8.09,8.357000000000001,8.09,65576.0,002083,-0.01785,-0.08245,-0.15385,0.00335,-0.3283,0.01024,8.309,8.63671,8.9614,9.462489999999999,9.42913
2011-04-29,8.109,8.293,8.302,8.072000000000001,53612.0,002083,0.02509,-0.04547,-0.0574,0.02156,-0.27837,0.013569999999999999,8.23,8.61267,8.96423,9.43648,9.42958
2011-05-03,8.302,8.375,8.412,8.228,63173.0,002083,0.009890000000000001,0.00323,-0.03603,0.0495,-0.27237,-0.01087,8.2354,8.597760000000001,8.9706,9.41099,9.4292
2011-05-04,8.347999999999999,8.09,8.347999999999999,8.044,69926.0,002083,-0.03403,-0.01124,-0.0669,0.0,-0.30713,-0.0528,8.217,8.570139999999999,8.9706,9.381839999999999,9.42737
2011-05-05,8.062999999999999,8.09,8.146,8.008,35359.0,002083,0.0,-0.01785,-0.07564,-0.0157,-0.33986,-0.060829999999999995,8.1876,8.53862,8.96852,9.34798,9.425239999999999
2011-05-06,8.062999999999999,8.293,8.385,7.98,92322.0,002083,0.02509,0.02509,-0.04448,-0.00325,-0.29857,-0.04138,8.2282,8.52024,8.96808,9.319280000000001,9.42378
2011-05-09,8.293,8.256,8.339,8.228,50185.0,002083,-0.00446,-0.00446,-0.06458,-0.007690000000000001,-0.27228,-0.00662,8.2208,8.4931,8.96705,9.29416,9.42356
2011-05-10,8.237,8.347999999999999,8.375,8.237,55675.0,002083,0.01114,-0.00322,-0.05608,-0.00867,-0.2776,0.00337,8.2154,8.46948,8.965869999999999,9.26808,9.42367
2011-05-11,8.329,8.366,8.394,8.228,70406.0,002083,0.00216,0.03412,-0.03294,-0.0033399999999999997,-0.27435,-0.04115,8.2706,8.4559,8.96542,9.24237,9.42222
2011-05-12,8.311,8.146,8.311,8.136000000000001,63559.0,002083,-0.0263,0.00692,-0.05334,-0.008879999999999999,-0.31367,-0.03791,8.2818,8.43405,8.96424,9.2121,9.420910000000001
2011-05-13,8.136000000000001,8.219,8.219,8.054,45005.0,002083,0.00896,-0.00892,-0.052020000000000004,-0.053,-0.29329,-0.01214,8.267000000000001,8.41257,8.95682,9.18437,9.4205
2011-05-16,8.21,8.265,8.311,8.155,47160.0,002083,0.0056,0.00109,-0.045610000000000005,-0.055639999999999995,-0.30529,-0.06747,8.2688,8.39376,8.94897,9.15484,9.41807
2011-05-17,8.237,8.421,8.624,8.164,127498.0,002083,0.018869999999999998,0.008740000000000001,-0.03385,-0.04589,-0.28106,-0.08408,8.2834,8.379710000000001,8.94244,9.12807,9.41493
2011-05-18,8.32,8.431000000000001,8.477,8.293,67179.0,002083,0.00119,0.00777,-0.04073,-0.03975,-0.20047,-0.12578,8.2964,8.36267,8.936810000000001,9.11089,9.41
2011-05-19,8.44,8.385,8.568,8.339,80934.0,002083,-0.0054600000000000004,0.029339999999999998,-0.046939999999999996,-0.06647,-0.22180999999999998,-0.1111,8.3442,8.343,8.92718,9.091460000000001,9.40574
2011-05-20,8.366,8.256,8.412,8.192,54635.0,002083,-0.015380000000000001,0.0045,-0.06849,-0.09383999999999999,-0.18955999999999998,-0.12217,8.3516,8.3141,8.91339,9.07576,9.401069999999999
2011-05-23,8.21,7.989,8.247,7.9620000000000015,66253.0,002083,-0.03234,-0.033389999999999996,-0.09391000000000001,-0.14390999999999998,-0.20134000000000002,-0.05645,8.2964,8.27467,8.89173,9.05938,9.39912
2011-05-24,7.997999999999998,7.832999999999998,8.062999999999999,7.657999999999999,62677.0,002083,-0.019530000000000002,-0.06982999999999999,-0.09841,-0.18159,-0.23244,-0.07389,8.1788,8.23395,8.86369,9.0401,9.39658
2011-05-25,7.851,7.677,7.888,7.649,40869.0,002083,-0.01992,-0.08943,-0.08038,-0.165,-0.2662,-0.08542000000000001,8.027999999999999,8.202,8.83923,9.01746,9.39367
2011-05-26,7.75,7.677,7.796,7.657999999999999,49732.0,002083,0.0,-0.08444,-0.061720000000000004,-0.16915999999999998,-0.25969000000000003,-0.025639999999999996,7.8864,8.17795,8.81402,8.995560000000001,9.39285
2011-05-27,7.677,7.723,7.952000000000001,7.649,63564.0,002083,0.00599,-0.06456,-0.0624,-0.16499,-0.24520999999999998,-0.030019999999999998,7.7798,8.15348,8.7894,8.97516,9.391869999999999
2011-05-30,7.677,7.686,7.75,7.576,42055.0,002083,-0.00479,-0.03793,-0.04994,-0.18199,-0.26666999999999996,-0.07107000000000001,7.7192,8.13424,8.76182,8.95244,9.38948
2011-05-31,7.695,7.842,7.851,7.695,34520.0,002083,0.0203,0.00115,-0.05438,-0.16777999999999998,-0.2576,-0.07979,7.721,8.11276,8.73632,8.93032,9.38672
2011-06-01,7.8610000000000015,7.925,7.98,7.815,46479.0,002083,0.010579999999999999,0.0323,-0.05372999999999999,-0.15575,-0.23510999999999999,-0.10583,7.7706,8.091330000000001,8.71274,8.91051,9.38291
2011-06-02,7.851,7.695,7.851,7.603,51434.0,002083,-0.029019999999999997,0.00234,-0.04883,-0.17294,-0.26321,-0.18425,7.7742,8.072519999999999,8.68679,8.888160000000001,9.37584
2011-06-03,7.723,7.851,7.9620000000000015,7.723,58989.0,002083,0.02027,0.016569999999999998,-0.029539999999999997,-0.13037,-0.20856999999999998,-0.14346,7.7998,8.06114,8.667810000000001,8.87134,9.3705
2011-06-07,7.832999999999998,7.879,7.925,7.796,33965.0,002083,0.0035700000000000003,0.02511,-0.04992,-0.14209000000000002,-0.20575,-0.16145,7.8384,8.04143,8.64676,8.85475,9.36433
2011-06-08,7.879,7.925,7.934,7.815,42587.0,002083,0.00584,0.010579999999999999,-0.04009,-0.16305999999999998,-0.19966,-0.14739000000000002,7.855,8.02567,8.62185,8.83867,9.35876
2011-06-09,7.87,7.695,7.907,7.695,48673.0,002083,-0.029019999999999997,-0.029019999999999997,-0.07822,-0.18974000000000002,-0.24320999999999998,-0.18502000000000002,7.809,7.9945699999999995,8.592789999999999,8.81857,9.35166
2011-06-10,7.677,7.474,7.75,7.327000000000001,76462.0,002083,-0.02872,-0.02872,-0.10662,-0.20608,-0.24794000000000002,-0.23091,7.7648,7.9521,8.5615,8.79854,9.34254
2011-06-13,7.428,7.3820000000000014,7.438,7.3,33723.0,002083,-0.01231,-0.059739999999999994,-0.09379,-0.19944,-0.25787,-0.23088000000000003,7.671,7.915710000000001,8.531839999999999,8.77768,9.33353
2011-06-14,7.401,7.511,7.52,7.364,42269.0,002083,0.01747,-0.04671,-0.08614,-0.19591,-0.23931999999999998,-0.19985,7.5974,7.882000000000001,8.50232,8.758469999999999,9.3259
2011-06-15,7.484,7.41,7.566,7.401,36895.0,002083,-0.01345,-0.06498,-0.10345,-0.23165,-0.22651,-0.26793,7.4944,7.841289999999999,8.466289999999999,8.74083,9.31488
2011-06-16,7.355,7.18,7.355,7.171,56475.0,002083,-0.031039999999999998,-0.06692999999999999,-0.14737,-0.266,-0.25340999999999997,-0.29198,7.3914,7.782189999999999,8.42432,8.72102,9.30284
2011-06-17,7.162000000000001,7.087999999999999,7.207999999999998,7.079,31716.0,002083,-0.01281,-0.05165,-0.15929000000000001,-0.29141,-0.28346,-0.2907,7.3142,7.71824,8.377310000000001,8.69822,9.291030000000001
2011-06-20,7.061,7.217,7.217,7.061,46533.0,002083,0.0182,-0.02235,-0.1393,-0.27116,-0.27649,-0.27852,7.2812,7.6626199999999995,8.334,8.6758,9.279710000000001
2011-06-21,7.18,7.254,7.2810000000000015,7.107,43437.0,002083,0.00513,-0.03422,-0.12137,-0.28271,-0.27482,-0.28917,7.2298,7.6149,8.287889999999999,8.65345,9.267710000000001
2011-06-22,7.217,7.153,7.2810000000000015,7.125,25945.0,002083,-0.013919999999999998,-0.03468,-0.10464000000000001,-0.26876,-0.2701,-0.25899,7.1784,7.5751,8.24548,8.63193,9.25755
2011-06-23,7.134,7.291,7.3,6.9689999999999985,60101.0,002083,0.01929,0.01546,-0.06919,-0.24256999999999998,-0.25882,-0.22246,7.2006,7.549289999999999,8.20782,8.61123,9.24907
2011-06-24,7.254,7.52,7.612,7.226,97286.0,002083,0.03141,0.06095,-0.02045,-0.22832,-0.2105,-0.16454000000000002,7.287000000000001,7.541810000000001,8.17194,8.59493,9.24305
2011-06-27,7.511,7.53,7.585,7.465,60250.0,002083,0.00133,0.04337,-0.01915,-0.21700999999999998,-0.22066,-0.19543,7.3496,7.53481,8.13827,8.577589999999999,9.235610000000001
2011-06-28,7.52,7.502000000000002,7.52,7.41,49697.0,002083,-0.00372,0.03419,-0.02862,-0.21535,-0.20931999999999998,-0.20234000000000002,7.3992,7.52429,8.10506,8.56145,9.22788
2011-06-29,7.53,7.392,7.566,7.392,45543.0,002083,-0.01466,0.03341,-0.03825,-0.15980999999999998,-0.24293,-0.20473,7.447,7.5102899999999995,8.08239,8.54216,9.220139999999999
2011-06-30,7.346,7.419,7.4929999999999986,7.327000000000001,52578.0,002083,0.00365,0.01756,-0.053939999999999995,-0.14606,-0.22855,-0.19305999999999998,7.4726,7.490139999999999,8.061919999999999,8.524289999999999,9.21293
2011-07-01,7.372999999999998,7.557,7.704,7.372999999999998,125207.0,002083,0.0186,0.00492,-0.046439999999999995,-0.12837,-0.17392,-0.14552,7.48,7.47262,8.04397,8.51136,9.2077
2011-07-04,7.557,7.824,7.87,7.539,156815.0,002083,0.03533,0.03904,0.01676,-0.10603,-0.09371,-0.11533,7.5388,7.47876,8.029,8.50478,9.20355
2011-07-05,7.787000000000001,7.769,7.8610000000000015,7.704,102108.0,002083,-0.00703,0.03559,-0.010440000000000001,-0.10485,-0.11049,-0.026439999999999998,7.5922,7.4748600000000005,8.01432,8.49693,9.202689999999999
2011-07-06,7.741,7.787000000000001,7.796,7.677,66305.0,002083,0.00232,0.053439999999999994,-0.01168,-0.11772,-0.10555999999999999,-0.04077,7.6712,7.47048,7.997560000000001,8.489460000000001,9.20135
2011-07-07,7.769,7.732,7.851,7.732,85838.0,002083,-0.0070599999999999994,0.04219,-0.02435,-0.12573,-0.13657,-0.01403,7.7338,7.461289999999999,7.97963,8.479519999999999,9.2009
2011-07-08,7.75,7.677,7.769,7.612,52226.0,002083,-0.007109999999999999,0.015880000000000002,-0.00234,-0.11259000000000001,-0.15143,-0.04562,7.7578,7.460430000000001,7.96392,8.46838,9.19941
2011-07-11,7.64,7.695,7.723,7.603,43818.0,002083,0.00234,-0.01649,0.02957,-0.10575,-0.15458,-0.05641,7.732,7.47095,7.94924,8.45694,9.19754
2011-07-12,7.649,7.4929999999999986,7.649,7.474,54958.0,002083,-0.02625,-0.03553,0.015040000000000001,-0.13576,-0.18500999999999998,-0.0994,7.6768,7.47624,7.9302600000000005,8.44311,9.19417
2011-07-13,7.4929999999999986,7.657999999999999,7.677,7.456,61341.0,002083,0.022019999999999998,-0.016569999999999998,0.01957,-0.1157,-0.15689,-0.08056,7.651,7.4832399999999994,7.9141,8.43153,9.19145
2011-07-14,7.657999999999999,7.75,7.778,7.612,80190.0,002083,0.01201,0.00233,0.045880000000000004,-0.11083,-0.11266,-0.043210000000000005,7.6546,7.49943,7.8985199999999995,8.42353,9.19002
2011-07-15,7.723,7.87,7.888,7.695,117943.0,002083,0.01548,0.02514,0.0961,-0.10455999999999999,-0.09509,-0.057260000000000005,7.6932,7.53229,7.88369,8.4168,9.188080000000001
2011-07-18,7.897,7.952000000000001,8.035,7.87,129125.0,002083,0.01042,0.0334,0.1219,-0.09616,-0.10086,-0.05681,7.7446,7.57343,7.87005,8.40955,9.18613
2011-07-19,7.897,8.044,8.32,7.796,184581.0,002083,0.01157,0.07354,0.11459000000000001,-0.09241,-0.07508,-0.05609,7.8548,7.6128100000000005,7.856839999999999,8.40424,9.18419
2011-07-20,8.09,7.952000000000001,8.136000000000001,7.851,90023.0,002083,-0.01144,0.03839,0.09622,-0.09811,-0.05467999999999999,-0.06491,7.9136,7.64605,7.84289,8.4005,9.18195
2011-07-21,7.971,7.824,7.997999999999998,7.824,73056.0,002083,-0.0161,0.00955,0.09381,-0.09945,-0.04165,-0.03515,7.9284,7.678,7.82895,8.397739999999999,9.18079
2011-07-22,7.888,7.888,7.907,7.815,45712.0,002083,0.00818,0.00229,0.08188,-0.0551,-0.04987,-0.03167,7.932,7.70643,7.82153,8.39437,9.179739999999999
2011-07-25,7.8610000000000015,7.52,7.907,7.474,86625.0,002083,-0.04665,-0.054329999999999996,0.0,-0.08091,-0.10604000000000001,-0.09919,7.8456,7.70643,7.81085,8.38712,9.17637
2011-07-26,7.52,7.539,7.612,7.474,53146.0,002083,0.00253,-0.06277999999999999,0.0012,-0.08474,-0.06498999999999999,-0.12580999999999998,7.7446,7.706860000000001,7.7996,8.38286,9.17196
2011-07-27,7.64,8.008,8.09,7.64,245088.0,002083,0.06221,0.00704,0.06745,-0.01014,-0.01355,-0.07433,7.7558,7.73095,7.79827,8.381969999999999,9.16935
2011-07-28,7.815,7.907,7.952000000000001,7.815,109839.0,002083,-0.01261,0.01061,0.06967000000000001,-0.04655,-0.00915,-0.09282,7.7724,7.75548,7.79205,8.38137,9.16606
2011-07-29,7.925,7.925,8.164,7.907,134360.0,002083,0.00228,0.00469,0.0682,-0.05372999999999999,-0.0204,-0.08297,7.7798,7.77957,7.784789999999999,8.38003,9.16315
2011-08-01,7.8610000000000015,8.1,8.219,7.832999999999998,161714.0,002083,0.022080000000000002,0.07712999999999999,0.07185,0.00124,-0.014480000000000002,-0.07555,7.8958,7.80543,7.78495,8.37907,9.16046
2011-08-02,8.09,8.394,8.402999999999999,8.017000000000001,309409.0,002083,0.0363,0.11341,0.07285,0.03758,0.00889,-0.03284,8.0668,7.83257,7.78985,8.379669999999999,9.1593
2011-08-03,8.265,8.219,8.339,8.192,163111.0,002083,-0.02085,0.02635,0.057920000000000006,-0.00892,-0.01214,-0.07837999999999999,8.109,7.854,7.78866,8.37885,9.156460000000001
2011-08-04,8.237,8.109,8.385,8.09,140778.0,002083,-0.013380000000000001,0.02555,0.04135,-0.01781,-0.03705,-0.0898,8.1494,7.869330000000001,7.786289999999999,8.37631,9.1532
2011-08-05,7.815,7.851,7.98,7.704,124989.0,002083,-0.03182,-0.009340000000000001,0.015390000000000001,-0.059539999999999996,-0.06469,-0.10672000000000001,8.1346,7.875,7.77827,8.371889999999999,9.149389999999999
2011-08-08,7.741,7.235,7.778,7.07,149521.0,002083,-0.07846,-0.10679000000000001,-0.05757,-0.13519,-0.11972000000000001,-0.20029,7.9616,7.85395,7.76003,8.36389,9.14202
2011-08-09,7.033,7.189,7.235,6.711,112525.0,002083,-0.00636,-0.14355,-0.06576,-0.11748,-0.17168,-0.1752,7.7206,7.829860000000001,7.7446,8.35178,9.135819999999999
2011-08-10,7.318,7.226,7.41,7.189,110306.0,002083,0.00515,-0.12082000000000001,-0.03563,-0.12082000000000001,-0.17436,-0.19055,7.522,7.817139999999999,7.72858,8.339369999999999,9.1289
2011-08-11,7.042000000000002,7.309,7.355,7.015,91681.0,002083,0.01149,-0.09866,-0.04557,-0.11567000000000001,-0.17188,-0.2058,7.362,7.80052,7.71316,8.32704,9.1212
2011-08-12,7.372999999999998,7.355,7.465,7.3370000000000015,91418.0,002083,0.00629,-0.06318,-0.05097,-0.12659,-0.1623,-0.21185,7.2628,7.78171,7.69597,8.31546,9.11317
2011-08-15,7.401,7.502000000000002,7.539,7.346,72476.0,002083,0.01999,0.0369,-0.04676,-0.11019000000000001,-0.16477,-0.19446,7.3162,7.764189999999999,7.68098,8.30342,9.1058
2011-08-16,7.539,7.372999999999998,7.557,7.355,80884.0,002083,-0.0172,0.02559,-0.07281,-0.12069,-0.19075999999999999,-0.16896,7.353,7.736619999999999,7.6646600000000005,8.28929,9.09971
2011-08-17,7.392,7.392,7.456,7.327000000000001,45680.0,002083,0.0025800000000000003,0.022969999999999997,-0.08105,-0.10465,-0.20789000000000002,-0.19027,7.3862,7.70557,7.65073,8.27352,9.09265
2011-08-18,7.401,7.199,7.41,7.189,48616.0,002083,-0.02611,-0.01505,-0.09469,-0.09888999999999999,-0.24783000000000002,-0.21219000000000002,7.3642,7.66971,7.637980000000001,8.25424,9.084769999999999
2011-08-19,7.015,7.079,7.097,6.932,50317.0,002083,-0.016669999999999997,-0.03753,-0.09522,-0.09626,-0.23004000000000002,-0.23387,7.309,7.634239999999999,7.62582,8.237039999999999,9.07598
2011-08-22,7.087999999999999,7.1160000000000005,7.189,7.079,33851.0,002083,0.005229999999999999,-0.05145,-0.09787,-0.07307999999999999,-0.22987,-0.25,7.2318,7.59748,7.61677,8.21977,9.06634
2011-08-23,7.143,7.3370000000000015,7.355,7.125,46627.0,002083,0.03106,-0.00488,-0.02434,-0.044289999999999996,-0.20673000000000002,-0.23340999999999998,7.2246,7.588760000000001,7.6112899999999994,8.20423,9.057260000000001
2011-08-24,7.419,7.291,7.438,7.235,44458.0,002083,-0.00627,-0.01366,-0.0329,-0.05594,-0.22403,-0.22551999999999997,7.2044,7.57695,7.6043199999999995,8.18711,9.048630000000001
2011-08-25,7.3370000000000015,7.465,7.474,7.309,74455.0,002083,0.02387,0.03695,-0.06781000000000001,-0.02875,-0.20779,-0.21164000000000002,7.2576,7.5511,7.60076,8.1712,9.04048
2011-08-26,7.456,7.428,7.484,7.355,48134.0,002083,-0.00496,0.0493,-0.060579999999999995,-0.05279,-0.20869000000000001,-0.22309,7.3274,7.528289999999999,7.59408,8.15527,9.03181
2011-08-29,7.3820000000000014,7.355,7.474,7.3370000000000015,44133.0,002083,-0.00983,0.033589999999999995,-0.07192,-0.07192,-0.20948000000000003,-0.27207,7.3752,7.5011399999999995,7.58489,8.13942,9.02064
2011-08-30,7.401,7.309,7.456,7.254,51441.0,002083,-0.00625,-0.0038200000000000005,-0.09765,-0.05016,-0.19041,-0.27129000000000003,7.3696,7.463480000000001,7.57866,8.12545,9.00958
2011-08-31,7.318,7.263,7.355,7.171,34146.0,002083,-0.00629,-0.0038399999999999997,-0.13474,-0.07489,-0.20917,-0.24619000000000002,7.364,7.409619999999999,7.56918,8.10983,8.99993
2011-09-01,7.318,7.263,7.3820000000000014,7.207999999999998,32873.0,002083,0.0,-0.02706,-0.11632,-0.07818,-0.23296999999999998,-0.2838,7.3236,7.3641,7.559239999999999,8.09189,8.98824
2011-09-02,7.245,7.079,7.291,7.024,54140.0,002083,-0.025330000000000002,-0.04698,-0.12702,-0.10675,-0.25461,-0.28833000000000003,7.2538,7.31505,7.5456,8.072239999999999,8.97658
2011-09-05,7.061,7.006,7.061,6.9689999999999985,28811.0,002083,-0.01031,-0.04745,-0.10762999999999999,-0.08954,-0.25579,-0.31715,7.184,7.27481,7.53448,8.052660000000001,8.96335
2011-09-06,6.95,7.061,7.07,6.904,23901.0,002083,0.00785,-0.03393,-0.02405,-0.055260000000000004,-0.23425,-0.30990999999999996,7.1344,7.26652,7.527819999999999,8.0351,8.950460000000001
2011-09-07,7.097,7.207999999999998,7.245,7.061,39872.0,002083,0.020819999999999998,-0.00757,0.00264,-0.023569999999999997,-0.22835,-0.28271,7.1234,7.26743,7.52502,8.01776,8.93891
2011-09-08,7.245,7.07,7.263,7.07,30387.0,002083,-0.01915,-0.02657,-0.02159,-0.058710000000000005,-0.2669,-0.29771,7.0848,7.26,7.5179,7.99683,8.926730000000001
2011-09-09,7.189,7.245,7.5939999999999985,7.153,114639.0,002083,0.02475,0.02345,-0.008759999999999999,-0.022269999999999998,-0.25935,-0.29578000000000004,7.117999999999999,7.25695,7.5152399999999995,7.9762,8.91436
2011-09-13,6.987,7.189,7.226,6.895,57128.0,002083,-0.00773,0.026119999999999997,-0.02257,0.00125,-0.28131999999999996,-0.27662,7.1546,7.24905,7.515389999999999,7.95333,8.90318
2011-09-14,7.207999999999998,7.291,7.3,7.042000000000002,42687.0,002083,0.014190000000000001,0.03257,-0.028130000000000002,0.02864,-0.26368,-0.27373000000000003,7.2006,7.239,7.518660000000001,7.9321,8.89201
2011-09-15,7.291,7.235,7.419,7.226,51454.0,002083,-0.007679999999999999,0.00375,-0.01872,0.00249,-0.28458,-0.29545,7.206,7.23243,7.51895,7.9087,8.87968
2011-09-16,7.272,7.134,7.327000000000001,7.125,41194.0,002083,-0.01396,0.00905,-0.0349,-0.01654,-0.2707,-0.33108000000000004,7.2188,7.22014,7.51702,7.887169999999999,8.86533
2011-09-19,7.125,7.061,7.153,7.033,26243.0,002083,-0.01023,-0.0254,-0.01917,-0.01286,-0.26647,-0.33675,7.182,7.21357,7.51553,7.86632,8.85075
2011-09-20,7.033,7.087999999999999,7.125,6.978,26414.0,002083,0.0038200000000000005,-0.01405,0.0012699999999999999,-0.027839999999999997,-0.27265,-0.34108,7.1618,7.2139999999999995,7.51226,7.84472,8.83584
2011-09-21,7.07,7.263,7.291,7.042000000000002,54933.0,002083,0.02469,-0.0038399999999999997,0.020659999999999998,-0.03418,-0.24477,-0.3593,7.1562,7.221,7.50811,7.82558,8.819280000000001
2011-09-22,7.217,7.0520000000000005,7.318,7.0520000000000005,52894.0,002083,-0.02905,-0.02529,-0.03884,-0.06348,-0.26242,-0.34044,7.1196,7.2074300000000004,7.5004,7.80518,8.80448
2011-09-23,6.9689999999999985,7.033,7.107,6.922999999999999,35994.0,002083,-0.0026899999999999997,-0.014159999999999999,-0.03539,-0.06252,-0.20060999999999998,-0.32245,7.0994,7.195139999999999,7.492839999999999,7.790830000000001,8.79088
2011-09-26,6.987,6.941,7.079,6.922999999999999,22209.0,002083,-0.013080000000000001,-0.01699,-0.07019,-0.06101,-0.20108,-0.31304,7.0754,7.17019,7.48556,7.77663,8.77802
2011-09-27,6.987,6.895,7.024,6.7570000000000014,43178.0,002083,-0.00663,-0.02723,-0.07176,-0.07063,-0.20473,-0.29907,7.0368,7.1448100000000005,7.477110000000001,7.7622,8.766060000000001
2011-09-28,6.922999999999999,6.739,6.941,6.73,32559.0,002083,-0.02263,-0.07215,-0.08375,-0.10824,-0.23,-0.3219,6.932,7.115480000000001,7.46392,7.745830000000001,8.753060000000001
2011-09-29,6.721,6.527,6.721,6.4910000000000005,34816.0,002083,-0.03146,-0.07445,-0.10699000000000002,-0.16577,-0.24795,-0.36272,6.827000000000001,7.078239999999999,7.443,7.728330000000001,8.737960000000001
2011-09-30,6.573,6.546,6.601,6.482,20922.0,002083,0.0029100000000000003,-0.06924,-0.09872,-0.15742,-0.25833,-0.33825,6.7296,7.0441,7.42327,7.7098,8.72435
2011-10-10,6.546,6.564,6.629,6.537000000000001,17745.0,002083,0.00275,-0.054310000000000004,-0.09623999999999999,-0.15705999999999998,-0.2578,-0.32386,6.6542,7.01081,7.40355,7.691260000000001,8.71157
2011-10-11,6.721,6.555,6.794,6.509,21816.0,002083,-0.00137,-0.04931,-0.07402,-0.15222,-0.24228000000000002,-0.33492,6.5862,6.985860000000001,7.3845600000000005,7.67422,8.69815
2011-10-12,6.573,6.767,6.776,6.472,44655.0,002083,0.03234,0.00415,-0.03411,-0.11854,-0.2136,-0.32966999999999996,6.5918,6.974480000000001,7.36989,7.65928,8.68463
2011-10-13,6.785,6.776,6.858,6.73,42827.0,002083,0.00133,0.03815,-0.04036,-0.11943,-0.21845,-0.34946,6.6416,6.9609,7.355060000000001,7.64388,8.669830000000001
2011-10-14,6.7570000000000014,6.711,6.803,6.638,29909.0,002083,-0.009590000000000001,0.02521,-0.06895,-0.10436,-0.22505999999999998,-0.35515,6.6746,6.937239999999999,7.34245,7.62803,8.6548
2011-10-17,6.721,6.739,6.776,6.693,23625.0,002083,0.00417,0.026660000000000003,-0.04682,-0.12000999999999999,-0.22682,-0.36202,6.7096,6.92148,7.32763,7.611960000000001,8.63926
2011-10-18,6.702000000000001,6.555,6.702000000000001,6.527,31368.0,002083,-0.0273,0.0,-0.09523999999999999,-0.15419000000000002,-0.25418,-0.40186,6.7096,6.8886199999999995,7.30835,7.5938,8.621360000000001
2011-10-19,6.564,6.482,6.601,6.462999999999999,27772.0,002083,-0.01114,-0.04212,-0.09834,-0.17637,-0.26324000000000003,-0.41345,6.6526,6.85495,7.28597,7.5749699999999995,8.602780000000001
2011-10-20,6.482,6.1320000000000014,6.482,6.095,41487.0,002083,-0.054000000000000006,-0.09504,-0.15896,-0.22887,-0.30813,-0.40449,6.5238,6.799760000000001,7.25661,7.55276,8.58585
2011-10-21,6.1320000000000014,5.9670000000000005,6.178,5.957000000000002,30003.0,002083,-0.026910000000000003,-0.11085999999999999,-0.17526,-0.2582,-0.32324,-0.47321,6.375,6.739380000000001,7.22311,7.52959,8.56407
2011-10-24,5.976,6.077000000000001,6.086,5.847,32423.0,002083,0.018430000000000002,-0.09823,-0.14816,-0.23579,-0.30053,-0.47707,6.2426,6.68905,7.19287,7.508369999999999,8.54153
2011-10-25,6.086,6.197,6.242000000000001,5.994,45838.0,002083,0.01975,-0.05461,-0.12236,-0.20795,-0.25766999999999995,-0.46715,6.171,6.6479,7.1666300000000005,7.490880000000001,8.51944
2011-10-26,6.16,6.178,6.27,6.1320000000000014,51373.0,002083,-0.00307,-0.0469,-0.12839,-0.21678000000000003,-0.24493,-0.46025,6.1102,6.60457,7.13905,7.474589999999999,8.49803
2011-10-27,6.178,6.187,6.252000000000002,6.169,35306.0,002083,0.00146,0.00897,-0.14815,-0.17726,-0.24888000000000002,-0.46376999999999996,6.1212,6.55333,7.11755,7.45792,8.476280000000001
2011-10-28,6.261,6.3439999999999985,6.353,6.233,53987.0,002083,0.02538,0.06318,-0.1004,-0.15850999999999998,-0.21581999999999998,-0.47326,6.1966,6.51962,7.098269999999999,7.44372,8.45311
2011-10-31,6.325,6.316,6.399,6.2879999999999985,40851.0,002083,-0.00441,0.039330000000000004,-0.10195,-0.21129,-0.23839000000000002,-0.4504,6.2444,6.48548,7.0709800000000005,7.42765,8.43207
2011-11-01,6.27,6.297999999999999,6.334,6.215,46715.0,002083,-0.00285,0.0163,-0.09264,-0.20349,-0.248,-0.45282,6.2646,6.45486,7.045030000000001,7.410760000000001,8.41088
2011-11-02,6.178,6.38,6.39,6.095,65636.0,002083,0.013019999999999999,0.0327,-0.07468999999999999,-0.19495,-0.21136999999999997,-0.45358000000000004,6.305,6.4303300000000005,7.020110000000001,7.39686,8.38935
2011-11-03,6.399,6.5,6.555,6.362,91488.0,002083,0.01881,0.050589999999999996,-0.03547,-0.19752999999999998,-0.19654000000000002,-0.4696,6.3676,6.41895,6.9943100000000005,7.38393,8.365960000000001
2011-11-04,6.509,6.61,6.767,6.399,132413.0,002083,0.016919999999999998,0.04193,0.01272,-0.21253000000000002,-0.20294,-0.44092,6.4208,6.4229,6.96553,7.37025,8.34476
2011-11-07,6.537000000000001,6.482,6.5920000000000005,6.454,64837.0,002083,-0.01936,0.02628,-0.00978,-0.21134,-0.21486999999999998,-0.42865,6.454,6.41986,6.93752,7.35583,8.325
2011-11-08,6.472,6.3439999999999985,6.518,6.307,55784.0,002083,-0.02129,0.0073,-0.03352,-0.21766,-0.24006,-0.45102,6.4632,6.4093800000000005,6.90905,7.3395399999999995,8.30381
2011-11-09,6.371,6.408,6.417000000000002,6.252000000000002,47468.0,002083,0.01009,0.00439,-0.022430000000000002,-0.1838,-0.23404,-0.44418,6.4688,6.40238,6.88577,7.32362,8.28299
2011-11-10,6.325,6.2879999999999985,6.408,6.27,45260.0,002083,-0.01873,-0.032619999999999996,-0.07078,-0.13089,-0.22809000000000001,-0.47021999999999997,6.4264,6.379569999999999,6.8705,7.308510000000001,8.2603
2011-11-11,6.307,6.261,6.334,6.233,34364.0,002083,-0.0042899999999999995,-0.0528,-0.076,-0.12909,-0.23823000000000003,-0.46165,6.3566,6.35505,6.85553,7.29259,8.238480000000001
2011-11-14,6.27,6.462999999999999,6.4910000000000005,6.27,59719.0,002083,0.032260000000000004,-0.00293,-0.03695,-0.10559,-0.21803000000000003,-0.45675,6.3528,6.34324,6.84323,7.277939999999999,8.216389999999999
2011-11-15,6.4910000000000005,6.619,6.629,6.462999999999999,86896.0,002083,0.02414,0.04335,-0.01781,-0.0944,-0.21399,-0.4349,6.4078,6.33752,6.8321,7.26329,8.19568
2011-11-16,6.675,6.472,6.767,6.445,101608.0,002083,-0.02221,0.00999,-0.01266,-0.12005,-0.23235999999999998,-0.38625,6.4206,6.33357,6.81785,7.24737,8.17913
2011-11-17,6.417000000000002,6.417000000000002,6.482,6.362,41152.0,002083,-0.0085,0.02052,-0.010029999999999999,-0.14463,-0.2347,-0.40445,6.4464,6.3304800000000006,6.80035,7.23137,8.16141
2011-11-18,6.3439999999999985,6.077000000000001,6.353,6.068,57166.0,002083,-0.05297999999999999,-0.02939,-0.00897,-0.17578,-0.26393,-0.40346,6.4096,6.32786,6.77945,7.21365,8.1447
2011-11-21,6.022,6.068,6.114,5.994,28661.0,002083,-0.00148,-0.06112000000000001,0.01693,-0.17911,-0.24045999999999998,-0.39338,6.3306,6.332669999999999,6.7581,7.19803,8.12871
2011-11-22,6.022,6.002999999999999,6.022,5.948,31398.0,002083,-0.010709999999999999,-0.09307,-0.01218,-0.16613,-0.23363,-0.41176,6.2074,6.32914,6.738810000000001,7.18315,8.11163
2011-11-23,6.049,5.939,6.049,5.93,28004.0,002083,-0.01066,-0.08235,-0.04163,-0.16104000000000002,-0.22639,-0.43233,6.1008,6.31686,6.72042,7.16902,8.09324
2011-11-24,5.875,5.893,5.939,5.82,31829.0,002083,-0.00775,-0.08166,-0.046130000000000004,-0.17187,-0.23238000000000003,-0.43173,5.996,6.3032900000000005,6.70069,7.15452,8.07504
2011-11-25,5.8660000000000005,5.837999999999999,5.948,5.82,20910.0,002083,-0.00933,-0.039330000000000004,-0.05641,-0.20431,-0.24408000000000002,-0.42944,5.9482,6.28667,6.67652,7.1392,8.05718
2011-11-28,5.829,5.8660000000000005,5.884,5.82,19551.0,002083,0.0048,-0.03329,-0.07535,-0.19545,-0.23679,-0.44032,5.9078,6.2639,6.65353,7.1244,8.03842
2011-11-29,5.939,6.013,6.022,5.893,27338.0,002083,0.02506,0.0016699999999999998,-0.04797,-0.19451,-0.23323000000000002,-0.43075,5.9098,6.24948,6.63011,7.10953,8.019919999999999
2011-11-30,6.022,5.6629999999999985,6.022,5.608,40887.0,002083,-0.058210000000000005,-0.04647,-0.10082999999999999,-0.23761,-0.28543,-0.45343,5.8546,6.21924,6.60165,7.091139999999999,8.00083
2011-12-01,5.829,5.737,5.8660000000000005,5.737,39306.0,002083,0.013069999999999998,-0.02647,-0.10078,-0.21999000000000002,-0.25445,-0.45069,5.8234,6.188619999999999,6.57555,7.07522,7.9816899999999995
2011-12-02,5.737,5.535,5.737,5.433,31947.0,002083,-0.035210000000000005,-0.0519,-0.14845999999999998,-0.24270999999999998,-0.29499000000000003,-0.44204,5.7628,6.14267,6.54694,7.0563899999999995,7.96387
2011-12-05,5.5070000000000014,5.314,5.5070000000000014,5.305,26059.0,002083,-0.03993,-0.0941,-0.19607,-0.26835,-0.32555,-0.46431000000000006,5.6524,6.08095,6.5155,7.035539999999999,7.945139999999999
2011-12-06,5.323,5.323,5.36,5.222,21383.0,002083,0.0016899999999999999,-0.11475,-0.1788,-0.26711,-0.32833,-0.46243,5.5144,6.02576,6.48421,7.01438,7.9265300000000005
2011-12-07,5.36,5.323,5.3870000000000005,5.2860000000000005,17117.0,002083,0.0,-0.060039999999999996,-0.16094,-0.24806,-0.30825,-0.47648999999999997,5.4464,5.97714,6.45589,6.9951,7.90683
2011-12-08,5.323,5.4060000000000015,5.497999999999998,5.185,38500.0,002083,0.015590000000000001,-0.0577,-0.15637,-0.22838000000000003,-0.27669,-0.45603,5.3802,5.92943,6.43008,6.978280000000001,7.88841
2011-12-09,5.36,5.296,5.3870000000000005,5.24,23444.0,002083,-0.02035,-0.04318,-0.15775999999999998,-0.24996,-0.28258,-0.46758,5.3324,5.8821900000000005,6.40161,6.96133,7.8695
2011-12-12,5.296,5.231,5.332000000000002,5.212999999999999,13473.0,002083,-0.01227,-0.015619999999999998,-0.16451,-0.27428,-0.30355,-0.47021999999999997,5.3158,5.83314,6.369730000000001,6.94279,7.850630000000001
2011-12-13,5.212999999999999,5.02,5.212999999999999,5.011,13045.0,002083,-0.04034,-0.056920000000000005,-0.22326999999999997,-0.28996,-0.32254,-0.47598999999999997,5.2552,5.76443,6.33666,6.923360000000001,7.832089999999999
2011-12-14,4.909,4.7810000000000015,4.992,4.772,19345.0,002083,-0.04761,-0.10182000000000001,-0.27769,-0.3401,-0.33412,-0.5028600000000001,5.1468,5.6769,6.29692,6.90385,7.81243
2011-12-15,4.716,4.615,4.716,4.56,20943.0,002083,-0.03472,-0.14632,-0.28693,-0.35805,-0.3489,-0.53346,4.9886,5.588480000000001,6.2554,6.88375,7.79098
2011-12-16,4.588,4.744,4.762,4.588,32971.0,002083,0.02795,-0.10422999999999999,-0.26071,-0.34933000000000003,-0.34265999999999996,-0.52441,4.8782,5.5088099999999995,6.21432,6.863639999999999,7.7697199999999995
2011-12-19,4.698,4.919,5.047,4.624,76277.0,002083,0.03689,-0.05964,-0.19055,-0.32011,-0.32189,-0.50825,4.8158,5.45367,6.17697,6.84466,7.74905
2011-12-20,4.873,4.863,4.937,4.817,40117.0,002083,-0.01138,-0.03127,-0.19858,-0.31833,-0.32015,-0.50378,4.7844,5.3962900000000005,6.14034,6.826039999999999,7.72898
2011-12-21,4.882,4.652,4.919,4.643,27381.0,002083,-0.04339,-0.02698,-0.22505,-0.34117,-0.36195,-0.52709,4.7586,5.33195,6.1014800000000005,6.804589999999999,7.707910000000001
2011-12-22,4.643,4.735,4.817,4.395,46185.0,002083,0.01784,0.026000000000000002,-0.20273,-0.33197,-0.37035,-0.50289,4.7826,5.27462,6.06353,6.78194,7.68843
2011-12-23,4.67,4.735,4.808,4.652,33349.0,002083,0.0,-0.0019,-0.1965,-0.34807,-0.37118,-0.50994,4.7808,5.21948,6.02276,6.75922,7.668410000000001
2011-12-26,4.716,4.707,4.79,4.698,21796.0,002083,-0.00591,-0.0431,-0.19372999999999999,-0.33253,-0.37256999999999996,-0.5039,4.7384,5.16562,5.98494,6.7365,7.648969999999999
2011-12-27,4.6610000000000005,4.597,4.735,4.578,25762.0,002083,-0.02337,-0.0547,-0.21633000000000002,-0.34636999999999996,-0.37811,-0.5291899999999999,4.6852,5.10519,5.94565,6.713769999999999,7.6279699999999995
2011-12-28,4.551,4.597,4.624,4.459,24616.0,002083,0.0,-0.01182,-0.23549,-0.3377,-0.38037,-0.52199,4.6742,5.03776,5.90784,6.69083,7.60756
2011-12-29,4.588,4.634,4.735,4.542,30614.0,002083,0.00805,-0.021330000000000002,-0.18170999999999998,-0.32792,-0.38679,-0.49344,4.654,4.98876,5.87137,6.66707,7.5892100000000005
2011-12-30,4.643,4.716,4.744,4.643,26476.0,002083,0.0177,-0.0040100000000000005,-0.17797000000000002,-0.30019,-0.39724,-0.45371999999999996,4.6502,4.94014,5.8387400000000005,6.6418,7.573289999999999
2012-01-04,4.772,4.551,4.772,4.551,24690.0,002083,-0.03499,-0.033139999999999996,-0.17778,-0.30274,-0.41421,-0.47893,4.619,4.89329,5.80687,6.61563,7.55628
2012-01-05,4.532,4.404,4.615,4.395,25558.0,002083,-0.0323,-0.04198,-0.17125,-0.32721999999999996,-0.43443999999999994,-0.49413999999999997,4.5804,4.84995,5.77232,6.5881300000000005,7.5388
2012-01-06,4.395,4.496,4.532,4.367,17869.0,002083,0.02089,-0.02197,-0.15536,-0.31505,-0.41852,-0.49793000000000004,4.5602,4.810569999999999,5.73897,6.56182,7.52067
2012-01-09,4.505,4.698,4.707,4.477,33690.0,002083,0.04493,0.01381,-0.11740999999999999,-0.2833,-0.38804,-0.48071,4.573,4.78081,5.70902,6.5376,7.50299
2012-01-10,4.652,4.992,5.011,4.652,90743.0,002083,0.06258,0.05852,-0.07658,-0.2623,-0.35126999999999997,-0.45155,4.6282,4.7611,5.68039,6.515630000000001,7.486280000000001
2012-01-11,5.02,4.928,5.029,4.891,77064.0,002083,-0.012819999999999998,0.08284,-0.06949,-0.27273000000000003,-0.34231999999999996,-0.46399999999999997,4.7036,4.74357,5.650580000000001,6.49477,7.468939999999999
2012-01-12,4.882,4.974,5.185,4.882,87797.0,002083,0.00933,0.12943,-0.04913,-0.25883,-0.35048,-0.45238,4.8176,4.731330000000001,5.62256,6.47295,7.45224
2012-01-13,4.965,4.79,4.965,4.744,52572.0,002083,-0.036989999999999995,0.06539,-0.04582,-0.28920999999999997,-0.38194,-0.45156999999999997,4.8764,4.7203800000000005,5.591130000000001,6.4488900000000005,7.436210000000001
2012-01-16,4.726,4.643,4.772,4.643,31688.0,002083,-0.03069,-0.01171,-0.028860000000000004,-0.29169,-0.41003999999999996,-0.46613999999999994,4.8654,4.71381,5.56029,6.42265,7.41973
2012-01-17,4.615,4.909,4.928,4.615,46591.0,002083,0.05729,-0.016630000000000002,0.06371,-0.24266999999999997,-0.38266999999999995,-0.44493,4.8488,4.72781,5.53492,6.3979099999999995,7.40373
2012-01-18,4.919,4.808,4.9830000000000005,4.772,48046.0,002083,-0.020569999999999998,-0.02435,0.01349,-0.21591999999999997,-0.40229000000000004,-0.44716999999999996,4.8248,4.73086,5.51356,6.3716,7.387919999999999
2012-01-19,4.836,4.882,4.9460000000000015,4.799,33505.0,002083,0.015390000000000001,-0.0185,-0.007520000000000001,-0.18183,-0.38606999999999997,-0.41963999999999996,4.8064,4.7291,5.49606,6.34664,7.37357
2012-01-20,4.9,4.919,4.955,4.882,27410.0,002083,0.00758,0.026930000000000003,0.01152,-0.19055,-0.37129,-0.39748,4.8322,4.7317599999999995,5.47739,6.32302,7.36038
2012-01-30,4.928,4.836,4.955,4.836,22662.0,002083,-0.01687,0.041569999999999996,0.03955,-0.21961999999999998,-0.38692,-0.41748999999999997,4.8708,4.74052,5.45544,6.29821,7.34629
2012-01-31,4.863,4.845,4.863,4.772,18796.0,002083,0.00186,-0.013040000000000001,0.02323,-0.21577,-0.35572,-0.42404,4.8580000000000005,4.74576,5.43394,6.27646,7.33179
2012-02-01,4.845,4.808,4.937,4.7810000000000015,24340.0,002083,-0.007640000000000001,0.0,0.01542,-0.22289,-0.36225,-0.4037,4.8580000000000005,4.74924,5.41169,6.2542599999999995,7.318560000000001
2012-02-02,4.827,4.909,4.928,4.799,23792.0,002083,0.02101,0.005529999999999999,0.042910000000000004,-0.2262,-0.38699,-0.39529000000000003,4.8634,4.758859999999999,5.38855,6.22907,7.30552
2012-02-03,4.928,5.038,5.075,4.9,63559.0,002083,0.02628,0.02419,0.09593,-0.20234000000000002,-0.36284,-0.36867,4.8872,4.77986,5.36794,6.2057400000000005,7.29356
2012-02-06,5.038,5.093,5.148,4.974,64705.0,002083,0.010920000000000001,0.05314,0.1079,-0.19133,-0.35735,-0.37046,4.9386,4.80348,5.3485,6.18272,7.28137
2012-02-07,5.057,4.9460000000000015,5.057,4.919,52275.0,002083,-0.028860000000000004,0.02085,0.06733,-0.22476,-0.38938,-0.39821999999999996,4.9588,4.8183300000000004,5.3253699999999995,6.15707,7.26807
2012-02-08,4.937,5.2860000000000005,5.377999999999999,4.928,118436.0,002083,0.06874,0.09942000000000001,0.12087,-0.18677,-0.37026,-0.36466,5.0544,4.84548,5.30579,6.1318,7.255739999999999
2012-02-09,5.176,5.305,5.3420000000000005,5.176,105437.0,002083,0.00359,0.08067,0.16568,-0.19743,-0.35454,-0.36238000000000004,5.1336,4.88138,5.28474,6.10811,7.24348
2012-02-10,5.268,5.222,5.277,5.204,77541.0,002083,-0.01565,0.03652,0.18574000000000002,-0.19438,-0.35602,-0.37988,5.1704,4.92033,5.264419999999999,6.08464,7.23048
2012-02-13,5.194,5.25,5.3420000000000005,5.13,70278.0,002083,0.00536,0.03083,0.1677,-0.17245,-0.3313,-0.37455,5.2018,4.95624,5.24677,6.0635,7.2177
2012-02-14,5.24,5.212999999999999,5.323,5.167000000000002,57323.0,002083,-0.00705,0.05397999999999999,0.10962000000000001,-0.18649000000000002,-0.27947,-0.36574,5.2552,4.98076,5.2275,6.04706,7.2054800000000006
2012-02-15,5.194,5.323,5.3420000000000005,5.167000000000002,78515.0,002083,0.0211,0.006999999999999999,0.06631000000000001,-0.15347,-0.25956,-0.38668,5.2626,4.996519999999999,5.21194,6.03189,7.19183
2012-02-16,5.305,5.4060000000000015,5.489,5.212999999999999,155481.0,002083,0.015590000000000001,0.01904,0.09699999999999999,-0.13656,-0.25187,-0.38231,5.2828,5.01929,5.19815,6.0170900000000005,7.17823
2012-02-17,5.377999999999999,5.305,5.415,5.259,81143.0,002083,-0.018680000000000002,0.01589,0.06655,-0.17917,-0.27418000000000003,-0.39893,5.2994,5.03505,5.179469999999999,6.0008,7.16392
2012-02-20,5.377999999999999,5.231,5.3870000000000005,5.222,70952.0,002083,-0.01395,-0.0036200000000000004,0.09207,-0.2097,-0.28878000000000004,-0.40421,5.2956,5.05605,5.1570800000000006,5.98353,7.149489999999999
2012-02-21,5.212999999999999,5.305,5.314,5.158,60156.0,002083,0.01415,0.01765,0.14257999999999998,-0.18032,-0.29286,-0.40936999999999996,5.314,5.0875699999999995,5.13826,5.965669999999999,7.134539999999999
2012-02-22,5.332000000000002,5.424,5.452000000000001,5.25,124040.0,002083,0.022430000000000002,0.018969999999999997,0.10490999999999999,-0.15475,-0.26434,-0.40468000000000004,5.3342,5.1121,5.122240000000001,5.94982,7.119560000000001
2012-02-23,5.4060000000000015,5.415,5.452000000000001,5.314,120814.0,002083,-0.0016600000000000002,0.0016600000000000002,0.12625,-0.10894000000000001,-0.26745,-0.41973999999999995,5.336,5.141,5.11156,5.93375,7.10363
2012-02-24,5.443,5.516,5.553,5.377999999999999,171743.0,002083,0.01865,0.03977,0.12986,-0.09097000000000001,-0.23378000000000002,-0.42368,5.3782,5.17119,5.10266,5.92007,7.08715
2012-02-27,5.562,5.479,5.599,5.461,159307.0,002083,-0.00671,0.04741,0.11384000000000001,-0.08728999999999999,-0.22601999999999997,-0.40407,5.4278,5.1978599999999995,5.0942099999999995,5.9070599999999995,7.07205
2012-02-28,5.424,5.377999999999999,5.461,5.314,91604.0,002083,-0.018430000000000002,0.01376,0.11208,-0.09446,-0.24424,-0.41797,5.4424,5.223669999999999,5.08516,5.892930000000001,7.05635
2012-02-29,5.3420000000000005,5.2860000000000005,5.4060000000000015,5.268,59941.0,002083,-0.01711,-0.02544,0.09102,-0.10300000000000001,-0.27954,-0.42848,5.4148,5.244669999999999,5.0753699999999995,5.87625,7.04024
2012-03-01,5.268,5.305,5.36,5.268,44445.0,002083,0.00359,-0.020309999999999998,0.10337,-0.0913,-0.27239,-0.4354,5.3928,5.268330000000001,5.06677,5.86011,7.023610000000001
2012-03-02,5.314,5.424,5.479,5.314,63099.0,002083,0.022430000000000002,-0.01668,0.10490999999999999,-0.07535,-0.27341,-0.42439,5.3744,5.29286,5.05965,5.84351,7.00735
2012-03-05,5.47,5.424,5.516,5.4060000000000015,81383.0,002083,0.0,-0.01004,0.07662000000000001,-0.09795,-0.26979000000000003,-0.42218,5.3634,5.31124,5.05015,5.82722,6.9912399999999995
2012-03-06,5.3870000000000005,5.314,5.415,5.24,66108.0,002083,-0.02028,-0.0119,0.04339,-0.06163,-0.2775,-0.42885,5.3506,5.32176,5.0445199999999994,5.810630000000001,6.97502
2012-03-07,5.24,5.2860000000000005,5.415,5.222,58505.0,002083,-0.00527,0.0,0.06874,-0.07861,-0.27678,-0.41448999999999997,5.3506,5.33795,5.03724,5.79418,6.959810000000001
2012-03-08,5.2860000000000005,5.424,5.461,5.2860000000000005,83918.0,002083,0.02611,0.022430000000000002,0.02611,-0.02005,-0.2532,-0.40941,5.3744,5.344519999999999,5.03545,5.77923,6.94453
2012-03-09,5.443,5.47,5.489,5.36,91734.0,002083,0.00848,0.00848,0.0311,0.02936,-0.24686999999999998,-0.42233000000000004,5.3836,5.35238,5.03797,5.76465,6.9282699999999995
2012-03-12,5.47,5.608,5.6720000000000015,5.443,178814.0,002083,0.025230000000000002,0.03392,0.07392,0.05354,-0.2078,-0.4095,5.4204,5.37076,5.04256,5.75269,6.91246
2012-03-13,5.562,5.608,5.608,5.5070000000000014,104221.0,002083,0.0,0.05533,0.06819,0.05354,-0.19954000000000002,-0.40429,5.4792,5.38781,5.04716,5.7413300000000005,6.89699
2012-03-14,5.608,5.25,5.654,5.148,165342.0,002083,-0.06384,-0.006809999999999999,0.0071,-0.028860000000000004,-0.25648000000000004,-0.43065,5.472,5.38957,5.04465,5.7266,6.88085
2012-03-15,5.231,5.093,5.277,5.038,85325.0,002083,-0.0299,-0.061029999999999994,-0.043210000000000005,-0.03833,-0.29341999999999996,-0.45477,5.4058,5.37862,5.04137,5.70941,6.863580000000001
2012-03-16,5.1389999999999985,5.323,5.377999999999999,5.093,108608.0,002083,0.045160000000000006,-0.026869999999999998,-0.01535,0.01759,-0.2471,-0.44805,5.3764,5.37467,5.04285,5.6952,6.846019999999999
2012-03-19,5.305,5.323,5.351,5.222,68193.0,002083,0.0,-0.05082,0.00339,0.060360000000000004,-0.26529,-0.45583999999999997,5.3194,5.37552,5.04774,5.6795800000000005,6.827889999999999
2012-03-20,5.305,5.112,5.323,5.093,68004.0,002083,-0.039639999999999995,-0.08845,-0.02275,0.06923,-0.28891,-0.48895,5.2202,5.36986,5.0530800000000005,5.6626900000000004,6.80801
2012-03-21,5.148,5.222,5.314,5.112,69285.0,002083,0.021519999999999997,-0.00533,-0.01565,0.13153,-0.28376999999999997,-0.47263,5.2146,5.3659,5.062869999999999,5.6458699999999995,6.7889800000000005
2012-03-22,5.204,5.212999999999999,5.25,5.121,43923.0,002083,-0.00172,0.02356,-0.0389,0.09886,-0.27947,-0.48452,5.2386,5.35586,5.0704400000000005,5.62943,6.76907
2012-03-23,5.176,5.057,5.194,5.029,44962.0,002083,-0.029930000000000002,-0.04997,-0.06611,0.02805,-0.29114,-0.48303,5.1854,5.33881,5.07266,5.61254,6.749860000000001
2012-03-26,5.057,5.001,5.075,4.9460000000000015,33131.0,002083,-0.01107,-0.060489999999999995,-0.09336,0.028380000000000002,-0.29174,-0.48047,5.121,5.31429,5.07489,5.5958,6.73106
2012-03-27,5.047,4.965,5.075,4.955,30237.0,002083,-0.0072,-0.02876,-0.09381,0.06727999999999999,-0.29952,-0.49051000000000006,5.0916,5.28981,5.079940000000001,5.57854,6.71163
2012-03-28,4.9460000000000015,4.735,4.965,4.716,44844.0,002083,-0.04632,-0.09326,-0.11955999999999999,0.0,-0.34807,-0.50764,4.9942,5.25919,5.079940000000001,5.557980000000001,6.6917800000000005
2012-03-29,4.698,4.615,4.735,4.542,48057.0,002083,-0.02534,-0.11470999999999999,-0.12694,-0.02534,-0.34558,-0.51731,4.8746,5.22724,5.078,5.53817,6.67167
2012-03-30,4.615,4.532,4.652,4.468,52690.0,002083,-0.01798,-0.10382000000000001,-0.14570999999999998,-0.03718,-0.35561,-0.48488000000000003,4.7696,5.19043,5.0751800000000005,5.5178400000000005,6.65433
2012-04-05,4.569,4.6610000000000005,4.67,4.532,38734.0,002083,0.028460000000000003,-0.06799,-0.14067000000000002,0.013919999999999998,-0.32848,-0.46351000000000003,4.7016,5.1541,5.07621,5.4993,6.6379600000000005
2012-04-06,4.6610000000000005,4.716,4.735,4.643,43426.0,002083,0.0118,-0.05015,-0.13053,0.025889999999999996,-0.31603000000000003,-0.45606,4.6518,5.12038,5.078130000000001,5.48159,6.62189
2012-04-09,4.707,4.606,4.707,4.606,40217.0,002083,-0.02332,-0.027239999999999997,-0.13323,-0.00604,-0.31651999999999997,-0.47372,4.626,5.08667,5.07768,5.46424,6.60504
2012-04-10,4.597,4.652,4.652,4.487,40899.0,002083,0.00999,0.008020000000000001,-0.11994,-0.013569999999999999,-0.28726999999999997,-0.46398999999999996,4.6334,5.0564800000000005,5.07665,5.449,6.58867
2012-04-11,4.606,4.6610000000000005,4.6610000000000005,4.578,47409.0,002083,0.00193,0.028460000000000003,-0.14067000000000002,0.02417,-0.28796,-0.4719,4.6592,5.0201400000000005,5.0784199999999995,5.433669999999999,6.571739999999999
2012-04-12,4.6610000000000005,4.772,4.7810000000000015,4.652,61668.0,002083,0.023809999999999998,0.023809999999999998,-0.12761,0.08356,-0.273,-0.46043,4.6814,4.9869,5.08435,5.41911,6.55518
2012-04-13,4.772,4.817,4.845,4.735,65844.0,002083,0.00943,0.021419999999999998,-0.14105,0.0714,-0.26514,-0.44319,4.7016,4.9492400000000005,5.08953,5.40498,6.5396
2012-04-16,4.7810000000000015,4.882,4.909,4.753,73842.0,002083,0.01349,0.05992000000000001,-0.12946,0.039169999999999996,-0.27856,-0.43266000000000004,4.7568,4.91467,5.0925,5.38965,6.5244599999999995
2012-04-17,4.845,4.744,4.9,4.726,74932.0,002083,-0.02827,0.019780000000000002,-0.09638,-0.04968,-0.29988000000000004,-0.45283,4.7752,4.890569999999999,5.0885,5.373130000000001,6.5085
2012-04-18,4.753,4.836,4.854,4.716,63838.0,002083,0.01939,0.03755,-0.050460000000000005,-0.01867,-0.27939,-0.44156999999999996,4.8102,4.87833,5.08702,5.35789,6.49296
2012-04-19,4.827,4.845,4.891,4.799,69844.0,002083,0.00186,0.0153,-0.0898,-0.02593,-0.28105,-0.44413,4.8248,4.855569999999999,5.0849400000000005,5.34249,6.47722
2012-04-20,4.827,4.882,4.9,4.7810000000000015,59430.0,002083,0.007640000000000001,0.01349,-0.08285,0.019209999999999998,-0.25523,-0.44453000000000004,4.8378,4.834569999999999,5.0864199999999995,5.32889,6.46134
2012-04-23,4.873,4.689,4.873,4.67,76684.0,002083,-0.03953,-0.03953,-0.08275,0.009909999999999999,-0.27660999999999997,-0.46703999999999996,4.7992,4.814430000000001,5.08716,5.31431,6.44464
2012-04-24,4.67,4.643,4.707,4.505,71919.0,002083,-0.00981,-0.02129,-0.11087999999999999,-0.054189999999999995,-0.24281999999999998,-0.47613999999999995,4.779,4.78686,5.08287,5.3022,6.42748
2012-04-25,4.634,4.735,4.762,4.615,57445.0,002083,0.019809999999999998,-0.02089,-0.09169,-0.01518,-0.20647,-0.46297,4.7588,4.7641,5.08169,5.29219,6.41089
2012-04-26,4.753,4.827,4.9,4.707,93151.0,002083,0.019430000000000003,-0.00372,-0.04548,-0.01127,-0.20569,-0.44441,4.7552,4.75314,5.08081,5.282019999999999,6.3952
2012-04-27,4.79,4.799,4.827,4.698,49202.0,002083,-0.0058,-0.017,-0.040389999999999995,-0.0244,-0.22559,-0.42513,4.7386,4.743519999999999,5.078869999999999,5.2706599999999995,6.38077
2012-05-02,4.836,4.836,4.854,4.772,67831.0,002083,0.00771,0.03135,-0.02598,0.0,-0.21721999999999997,-0.40895,4.768,4.73738,5.078869999999999,5.25975,6.36717
2012-05-03,4.817,4.827,4.873,4.799,60815.0,002083,-0.00186,0.03963,0.019430000000000003,-0.00372,-0.21982,-0.41398999999999997,4.8048,4.74176,5.0785800000000005,5.24869,6.3533
2012-05-04,4.845,4.919,4.9830000000000005,4.808,91703.0,002083,0.01906,0.038860000000000006,0.06587,0.02309,-0.22462,-0.39197,4.8416,4.75624,5.080369999999999,5.2371099999999995,6.340409999999999
2012-05-07,4.873,4.891,4.9460000000000015,4.836,70753.0,002083,-0.00569,0.01326,0.07921,-0.00367,-0.22562,-0.41023000000000004,4.8544,4.7733300000000005,5.080080000000001,5.2255199999999995,6.32659
2012-05-08,4.909,4.919,4.9460000000000015,4.836,84523.0,002083,0.00572,0.02501,0.05535,-0.02362,-0.21896,-0.41266,4.8784,4.78562,5.07816,5.21431,6.31254
2012-05-09,4.882,4.762,4.9,4.753,71341.0,002083,-0.03192,-0.0153,0.00975,-0.06498999999999999,-0.25361,-0.41136999999999996,4.8636,4.7878099999999995,5.07282,5.20115,6.29901
2012-05-10,4.744,4.753,4.799,4.716,40701.0,002083,-0.0018899999999999998,-0.015330000000000002,0.03191,-0.03902,-0.26877,-0.41248,4.8488,4.79481,5.06971,5.18695,6.28544
2012-05-11,4.744,4.716,4.79,4.716,36898.0,002083,-0.00778,-0.04127,0.01376,-0.10783,-0.28654,-0.43133,4.8082,4.79786,5.0605199999999995,5.17155,6.2709
2012-05-14,4.762,4.68,4.772,4.68,44001.0,002083,-0.00763,-0.04314,0.004079999999999999,-0.11780999999999998,-0.278,-0.43313999999999997,4.766,4.79876,5.05044,5.1569,6.2563699999999995
2012-05-15,4.615,4.634,4.6610000000000005,4.597,57404.0,002083,-0.00983,-0.05794,-0.028919999999999998,-0.1126,-0.26955,-0.4449,4.709,4.79219,5.04095,5.143,6.24127
2012-05-17,4.569,4.652,4.67,4.551,50345.0,002083,0.0038799999999999998,-0.0231,-0.03425,-0.1139,-0.27403,-0.44393999999999995,4.687,4.784330000000001,5.0313099999999995,5.1287199999999995,6.22617
2012-05-18,4.615,4.67,4.689,4.588,59588.0,002083,0.00387,-0.01746,-0.04342,-0.10415999999999999,-0.25732,-0.42671000000000003,4.6704,4.77424,5.02255,5.11557,6.21204
2012-05-21,4.726,4.597,4.753,4.551,54045.0,002083,-0.01563,-0.025230000000000002,-0.030989999999999997,-0.13639,-0.26577,-0.44068999999999997,4.6466,4.76724,5.01084,5.102040000000001,6.1973199999999995
2012-05-22,4.624,4.643,4.652,4.606,38190.0,002083,0.01001,-0.007909999999999999,-0.03991,-0.14114000000000002,-0.2816,-0.43823,4.6392,4.75805,4.998530000000001,5.08724,6.18259
2012-05-23,4.615,4.56,4.624,4.532,48697.0,002083,-0.01788,-0.015969999999999998,-0.058820000000000004,-0.14043,-0.31106999999999996,-0.4585,4.6244,4.74448,4.98652,5.0705,6.1669
2012-05-24,4.551,4.643,4.817,4.542,109007.0,002083,0.0182,-0.00193,-0.048960000000000004,-0.11241,-0.2826,-0.44928999999999997,4.6226,4.7331,4.97703,5.055630000000001,6.1515
2012-05-25,4.652,4.551,4.652,4.5139999999999985,54249.0,002083,-0.019809999999999998,-0.025480000000000003,-0.02943,-0.14213,-0.29079,-0.45725,4.5988,4.72652,4.9648699999999995,5.0404599999999995,6.13591
2012-05-28,4.532,4.588,4.588,4.404,51996.0,002083,0.00813,-0.00196,-0.01185,-0.15413,-0.24502,-0.44428,4.5969999999999995,4.7239,4.95139,5.02836,6.121
2012-05-29,4.56,4.652,4.68,4.551,71190.0,002083,0.01395,0.0019399999999999999,-0.01753,-0.1409,-0.23335999999999998,-0.4177,4.5988,4.71995,4.939080000000001,5.01685,6.10744
2012-05-30,4.634,4.735,4.79,4.615,130724.0,002083,0.01784,0.038380000000000004,-0.01906,-0.14159000000000002,-0.21123000000000003,-0.39551,4.6338,4.71557,4.926480000000001,5.00654,6.09485
2012-05-31,4.689,4.689,4.744,4.652,62108.0,002083,-0.00971,0.009909999999999999,-0.02292,-0.14419,-0.21047,-0.38921,4.643,4.71033,4.91374,4.99637,6.0827
2012-06-01,4.689,4.726,4.735,4.643,53355.0,002083,0.007890000000000001,0.03845,-0.02275,-0.12122999999999999,-0.19802999999999998,-0.38439,4.678,4.7051,4.903230000000001,4.98689,6.0707
2012-06-04,4.79,4.588,4.79,4.578,97568.0,002083,-0.0292,0.0,-0.049510000000000005,-0.13205,-0.21411,-0.40593,4.678,4.69371,4.89197,4.976719999999999,6.05796
2012-06-05,4.542,4.56,4.624,4.523,40893.0,002083,-0.0061,-0.019780000000000002,-0.07297999999999999,-0.14043,-0.22264,-0.40671,4.6596,4.67662,4.87995,4.96611,6.04525
2012-06-06,4.569,4.523,4.597,4.496,27178.0,002083,-0.00811,-0.04477,-0.07524,-0.16610999999999998,-0.2478,-0.42323,4.6172,4.6591,4.865419999999999,4.95399,6.03176
2012-06-07,4.542,4.496,4.578,4.468,26233.0,002083,-0.0059700000000000005,-0.04116,-0.08599,-0.17109000000000002,-0.20606999999999998,-0.43268,4.5786,4.63895,4.85045,4.9445,6.0178199999999995
2012-06-08,4.523,4.477,4.551,4.477,28312.0,002083,-0.004229999999999999,-0.05269,-0.05985,-0.15750999999999998,-0.21963000000000002,-0.41818999999999995,4.5288,4.625380000000001,4.83695,4.93426,6.00474
2012-06-11,4.487,4.532,4.551,4.441,24044.0,002083,0.01229,-0.012209999999999999,-0.0465,-0.14264000000000002,-0.18120999999999998,-0.42275,4.5176,4.61486,4.82479,4.9261099999999995,5.99125
2012-06-12,4.505,4.5139999999999985,4.569,4.487,21740.0,002083,-0.0039700000000000004,-0.01009,-0.04283,-0.16777,-0.15055,-0.42708,4.5084,4.60524,4.81011,4.9196,5.97757
2012-06-13,4.5139999999999985,4.597,4.597,4.5139999999999985,37072.0,002083,0.01839,0.01636,-0.017740000000000002,-0.1596,-0.13639,-0.41994,4.5232,4.6012900000000005,4.79603,4.9137,5.96404
2012-06-14,4.588,4.532,4.597,4.523,36541.0,002083,-0.01414,0.00801,-0.02201,-0.19187,-0.1486,-0.41105,4.5304,4.596430000000001,4.7786800000000005,4.90727,5.95118
2012-06-15,4.542,4.5139999999999985,4.569,4.459,41197.0,002083,-0.0039700000000000004,0.00826,-0.029660000000000002,-0.19508,-0.165,-0.39604,4.5378,4.58986,4.76103,4.90002,5.93915
2012-06-18,4.523,4.569,4.643,4.5139999999999985,81904.0,002083,0.01218,0.008159999999999999,-0.02163,-0.12971,-0.13727,-0.38106,4.5452,4.58505,4.75005,4.8941099999999995,5.92772
2012-06-19,4.532,4.523,4.56,4.5139999999999985,30154.0,002083,-0.01007,0.00199,-0.0161,-0.11192,-0.13535,-0.39782,4.547,4.581519999999999,4.74085,4.88835,5.91557
2012-06-20,4.542,4.523,4.551,4.5139999999999985,24552.0,002083,0.0,-0.0161,-0.02585,-0.15029,-0.099,-0.38961,4.5322,4.57581,4.72795,4.88431,5.90383
2012-06-21,4.5139999999999985,4.431,4.523,4.404,42059.0,002083,-0.02034,-0.02229,-0.02829,-0.16757,-0.07321,-0.38287,4.512,4.5696699999999995,4.71356,4.88146,5.89266
2012-06-25,4.422,4.229,4.431,4.229,35290.0,002083,-0.04559,-0.06314,-0.08917,-0.17273,-0.08363999999999999,-0.40336,4.455,4.54995,4.699319999999999,4.87833,5.8810400000000005
2012-06-26,4.238,4.257,4.293,4.211,22911.0,002083,0.00662,-0.06829,-0.0646,-0.1848,-0.10265999999999999,-0.41013999999999995,4.3926,4.53595,4.6837599999999995,4.87437,5.869
2012-06-27,4.266,4.192,4.293,4.192,25666.0,002083,-0.015269999999999999,-0.07318,-0.08631,-0.19585999999999998,-0.14779,-0.42211000000000004,4.3264,4.5171,4.66729,4.86846,5.85656
2012-06-28,4.211,4.0539999999999985,4.247,4.027,32896.0,002083,-0.03292,-0.10369,-0.12855,-0.19834000000000002,-0.16635999999999998,-0.43323999999999996,4.2326,4.48862,4.65111,4.86188,5.84396
2012-06-29,4.064,4.128,4.137,4.018,29595.0,002083,0.01825,-0.06838,-0.12819,-0.17457,-0.11264,-0.43382,4.172,4.45971,4.63703,4.85762,5.8311
2012-07-02,4.146,4.146,4.183,4.119,23351.0,002083,0.00436,-0.01963,-0.1158,-0.16495,-0.12439000000000001,-0.44866999999999996,4.1554,4.43386,4.623819999999999,4.85283,5.8173900000000005
2012-07-03,4.1560000000000015,4.119,4.183,4.091,25799.0,002083,-0.006509999999999999,-0.03242,-0.12844,-0.1301,-0.1301,-0.45298999999999995,4.1278,4.40495,4.6138900000000005,4.84782,5.80352
2012-07-04,4.128,4.091,4.146,4.073,22032.0,002083,-0.0068,-0.02409,-0.10833,-0.11354000000000002,-0.13087000000000001,-0.45468000000000003,4.1076,4.38129,4.60544,4.84281,5.78965
2012-07-05,4.1,3.99,4.1,3.99,31109.0,002083,-0.02469,-0.015790000000000002,-0.125,-0.11959000000000002,-0.13204000000000002,-0.46023000000000003,4.0948,4.35414,4.59669,4.83788,5.77583
2012-07-06,4.008,4.082,4.11,3.981,25059.0,002083,0.02306,-0.01114,-0.0975,-0.12422000000000001,-0.11202999999999999,-0.44978999999999997,4.0856,4.33314,4.58735,4.83369,5.7622599999999995
2012-07-09,4.064,3.898,4.082,3.898,33198.0,002083,-0.04508,-0.059820000000000005,-0.13301,-0.17345,-0.15883,-0.48418999999999995,4.0360000000000005,4.30467,4.57416,4.82771,5.74739
2012-07-10,3.898,3.935,3.99,3.861,22540.0,002083,0.00949,-0.04467,-0.12105999999999999,-0.14568,-0.16560999999999998,-0.49706000000000006,3.9992,4.27886,4.56334,4.821359999999999,5.73158
2012-07-11,3.945,3.963,3.973,3.898,15948.0,002083,0.0071200000000000005,-0.03129,-0.12555,-0.14811,-0.1292,-0.4899,3.9736,4.25176,4.552230000000001,4.81658,5.71611
2012-07-12,3.963,4.019,4.047,3.926,26685.0,002083,0.014130000000000002,0.00727,-0.10966,-0.13774,-0.08742,-0.48388000000000003,3.9794,4.228190000000001,4.541869999999999,4.81345,5.7007900000000005
2012-07-13,4.019,4.0,4.056,3.991,19633.0,002083,-0.00473,-0.02009,-0.12987,-0.16178,-0.11032,-0.48267,3.963,4.1997599999999995,4.52942,4.80941,5.68562
2012-07-16,4.0,3.777,4.0,3.758,38645.0,002083,-0.05575,-0.031039999999999998,-0.16659000000000002,-0.2159,-0.19604000000000002,-0.5080100000000001,3.9388,4.16381,4.51265,4.8019300000000005,5.66976
2012-07-17,3.786,3.805,3.814,3.73,20821.0,002083,0.007409999999999999,-0.03304,-0.15707000000000002,-0.22061,-0.23778000000000002,-0.50552,3.9128,4.13005,4.49527,4.79228,5.65395
2012-07-18,3.805,3.833,3.842,3.73,26671.0,002083,0.007359999999999999,-0.0328,-0.16109,-0.19203,-0.2222,-0.48846000000000006,3.8868,4.095,4.480580000000001,4.78337,5.639069999999999
2012-07-19,3.823,3.87,3.917,3.805,37480.0,002083,0.00965,-0.03707,-0.14437,-0.19975,-0.22195,-0.49465,3.8569999999999998,4.0639,4.465,4.7744,5.62367
2012-07-20,3.851,3.861,3.907,3.842,21599.0,002083,-0.00233,-0.03475,-0.14636,-0.2031,-0.19395,-0.5018100000000001,3.8292,4.03238,4.44913,4.76685,5.60787
2012-07-23,3.842,3.795,3.842,3.73,24861.0,002083,-0.01709,0.00477,-0.14353,-0.22265,-0.18264,-0.51779,3.8328,4.0021,4.4316,4.75995,5.5913
2012-07-24,3.786,3.87,3.87,3.758,31715.0,002083,0.01976,0.01708,-0.08489,-0.17465999999999998,-0.21165,-0.5133300000000001,3.8458,3.985,4.4183900000000005,4.7515,5.57471
2012-07-25,3.823,3.786,3.851,3.777,27122.0,002083,-0.02171,-0.01226,-0.11064,-0.18458,-0.21256,-0.5293399999999999,3.8364,3.96257,4.40456,4.7432,5.5574
2012-07-26,3.777,3.767,3.823,3.758,16985.0,002083,-0.00502,-0.02661,-0.10138,-0.20444,-0.22839,-0.52628,3.8158,3.94233,4.38895,4.73413,5.54039
2012-07-27,3.767,3.777,3.805,3.767,16066.0,002083,0.00265,-0.021759999999999998,-0.06833,-0.21753000000000003,-0.23215999999999998,-0.51725,3.799,3.9291400000000003,4.37202,4.72485,5.52393
2012-07-30,3.767,3.655,3.795,3.646,29306.0,002083,-0.0323,-0.03689,-0.11458,-0.23838,-0.24420999999999998,-0.53664,3.7710000000000004,3.9066199999999998,4.35356,4.7152400000000005,5.50673
2012-07-31,3.627,3.572,3.655,3.553,21360.0,002083,-0.02271,-0.077,-0.13845,-0.26137,-0.26275,-0.525,3.7114,3.87929,4.3331800000000005,4.70489,5.49068
2012-08-01,3.562,3.627,3.646,3.562,16440.0,002083,0.0154,-0.042,-0.11945,-0.2486,-0.24563000000000001,-0.5189,3.6796,3.85586,4.31382,4.69529,5.47478
2012-08-02,3.646,3.6,3.655,3.572,16770.0,002083,-0.00744,-0.04433,-0.12002,-0.26814,-0.26665,-0.55045,3.6462,3.8324800000000003,4.29255,4.68465,5.45686
2012-08-03,3.618,3.711,3.711,3.5810000000000004,31408.0,002083,0.03083,-0.01747,-0.06992000000000001,-0.24126,-0.2634,-0.53067,3.633,3.8191900000000003,4.2735199999999995,4.6738599999999995,5.4398
2012-08-06,3.702,3.758,3.767,3.665,32635.0,002083,0.01267,0.02818,-0.07937000000000001,-0.23601999999999998,-0.26211999999999996,-0.5258,3.6536,3.80376,4.25479,4.66301,5.42286
2012-08-07,3.767,3.805,3.833,3.749,39158.0,002083,0.01251,0.06523,-0.02386,-0.20097,-0.23069,-0.53025,3.7002,3.7993300000000003,4.23935,4.65373,5.4054
2012-08-08,3.823,3.786,3.823,3.739,29586.0,002083,-0.00499,0.04384,-0.03787,-0.20345,-0.28376999999999997,-0.54896,3.7319999999999998,3.79224,4.2237599999999995,4.64154,5.38667
2012-08-09,3.786,3.833,3.842,3.739,39871.0,002083,0.01241,0.06472,-0.0328,-0.18723,-0.27747,-0.53364,3.7786,3.78605,4.2095199999999995,4.629569999999999,5.3688400000000005
2012-08-10,3.823,3.851,3.898,3.777,51502.0,002083,0.0047,0.03773,-0.0418,-0.17714000000000002,-0.26254,-0.5251,3.8066,3.77805,4.19615,4.6184199999999995,5.35153
2012-08-13,3.823,3.711,3.823,3.693,38380.0,002083,-0.03635,-0.01251,-0.07225,-0.19918,-0.29314,-0.52732,3.7972,3.7642900000000004,4.18126,4.60591,5.3347
2012-08-14,3.711,3.749,3.749,3.646,29314.0,002083,0.01024,-0.014719999999999999,-0.007409999999999999,-0.19411,-0.28084000000000003,-0.48181999999999997,3.786,3.76295,4.16669,4.59401,5.320530000000001
2012-08-15,3.721,3.702,3.749,3.683,20272.0,002083,-0.01254,-0.02219,-0.02707,-0.20728000000000002,-0.30453,-0.48505,3.7692,3.75805,4.15108,4.580830000000001,5.30636
2012-08-16,3.702,3.674,3.721,3.646,16049.0,002083,-0.007559999999999999,-0.04148,-0.04148,-0.20078,-0.32038,-0.49156000000000005,3.7374,3.7504800000000005,4.13619,4.56675,5.291919999999999
2012-08-17,3.683,3.721,3.73,3.665,18722.0,002083,0.012790000000000001,-0.033760000000000005,-0.0385,-0.19858,-0.29859,-0.4909,3.7114,3.74338,4.12132,4.55387,5.27733
2012-08-20,3.721,3.665,3.721,3.6,34083.0,002083,-0.01505,-0.0124,-0.05076,-0.19627,-0.29936999999999997,-0.5017,3.7022,3.73405,4.10689,4.54114,5.26233
2012-08-21,3.674,3.711,3.739,3.646,33468.0,002083,0.01255,-0.01014,-0.02213,-0.20073,-0.30046999999999996,-0.5053300000000001,3.6946,3.73005,4.09185,4.52818,5.246919999999999
2012-08-22,3.721,3.702,3.749,3.674,34694.0,002083,-0.00243,0.0,-0.043410000000000004,-0.18655,-0.31748000000000004,-0.4979,3.6946,3.72205,4.07816,4.5141800000000005,5.232
2012-08-23,3.674,3.739,3.739,3.674,35994.0,002083,0.00999,0.01769,-0.01241,-0.18505,-0.30951,-0.49418,3.7076,3.71981,4.06447,4.50055,5.21715
2012-08-24,3.721,3.627,3.739,3.609,38978.0,002083,-0.02995,-0.025259999999999998,-0.037160000000000006,-0.22034,-0.34246,-0.49618,3.6888,3.71314,4.0479400000000005,4.4852,5.20263
2012-08-27,3.618,3.488,3.618,3.478,43342.0,002083,-0.03832,-0.04829,-0.07652,-0.26336,-0.36339,-0.5072800000000001,3.6534,3.69938,4.027819999999999,4.46901,5.18803
2012-08-28,3.497,3.516,3.553,3.478,27814.0,002083,0.008029999999999999,-0.05255,-0.03803,-0.25016,-0.34623000000000004,-0.5059,3.6144,3.69276,4.0089,4.453869999999999,5.1734
2012-08-29,3.525,3.478,3.553,3.478,24572.0,002083,-0.01081,-0.06051,-0.02632,-0.26406999999999997,-0.34204,-0.52596,3.5696,3.6882900000000003,3.9887699999999997,4.43917,5.15771
2012-08-30,3.45,3.394,3.478,3.366,38721.0,002083,-0.02415,-0.09227,-0.06423999999999999,-0.26024,-0.36023,-0.5344899999999999,3.5006,3.67719,3.9695199999999997,4.42363,5.14187
2012-08-31,3.385,3.45,3.478,3.385,26289.0,002083,0.0165,-0.0488,-0.04167,-0.24341999999999997,-0.36394,-0.53784,3.4652,3.67005,3.95161,4.40759,5.12555
2012-09-03,3.45,3.478,3.506,3.404,24626.0,002083,0.00812,-0.0028699999999999997,-0.06279,-0.23104,-0.35878000000000004,-0.53177,3.4632,3.65895,3.93476,4.39176,5.10949
2012-09-04,3.488,3.45,3.497,3.4130000000000003,20705.0,002083,-0.00805,-0.01877,-0.08196,-0.23265,-0.35076999999999997,-0.53093,3.45,3.6442900000000003,3.9178900000000003,4.3766099999999994,5.09362
2012-09-05,3.4410000000000003,3.46,3.488,3.404,29421.0,002083,0.0029,-0.00518,-0.09067,-0.22716,-0.34544,-0.52661,3.4464,3.6278599999999996,3.9014800000000003,4.361759999999999,5.07797
2012-09-06,3.45,3.506,3.506,3.45,32964.0,002083,0.01329,0.033,-0.07396,-0.22639,-0.35361,-0.5172800000000001,3.4688,3.6145199999999997,3.8849400000000003,4.34617,5.0627
2012-09-07,3.525,3.665,3.767,3.488,103016.0,002083,0.04535,0.06232000000000001,-0.04383,-0.18808,-0.32998,-0.49538999999999994,3.5118,3.6065199999999997,3.8712400000000002,4.3315,5.04807
2012-09-10,3.655,3.683,3.702,3.627,55084.0,002083,0.00491,0.05894,-0.04363,-0.19883,-0.34326,-0.47973000000000005,3.5528,3.5985199999999997,3.8565,4.31585,5.034269999999999
2012-09-11,3.674,3.702,3.702,3.637,40109.0,002083,0.0051600000000000005,0.07304,-0.00243,-0.18314,-0.33987,-0.4716,3.6032,3.5981,3.84311,4.30035,5.02084
2012-09-12,3.721,3.711,3.73,3.665,58336.0,002083,0.00243,0.07254,-0.01014,-0.17789000000000002,-0.29314,-0.47444,3.6534,3.59629,3.83016,4.28784,5.007219999999999
2012-09-13,3.711,3.665,3.767,3.665,56013.0,002083,-0.0124,0.04535,-0.00999,-0.19785999999999998,-0.28038,-0.49154,3.6852,3.5945199999999997,3.81558,4.27623,4.99282
2012-09-14,3.683,3.646,3.702,3.609,48863.0,002083,-0.00518,-0.00518,-0.00762,-0.1939,-0.31505,-0.4843,3.6814,3.5931900000000003,3.80144,4.26259,4.9789
2012-09-17,3.627,3.469,3.655,3.469,44840.0,002083,-0.04855,-0.0581,-0.06772,-0.23303000000000001,-0.3483,-0.5211899999999999,3.6386,3.5811900000000003,3.78444,4.24752,4.96355
2012-09-18,3.469,3.497,3.506,3.4410000000000003,33558.0,002083,0.00807,-0.05538,-0.04584,-0.21079,-0.31592,-0.51356,3.5976,3.5731900000000003,3.76937,4.23439,4.94854
2012-09-19,3.488,3.506,3.525,3.478,20665.0,002083,0.00257,-0.05524,-0.05524,-0.17096,-0.32861,-0.51913,3.5566,3.5634300000000003,3.75771,4.22044,4.93315
2012-09-20,3.525,3.3760000000000003,3.525,3.3760000000000003,30580.0,002083,-0.03708,-0.07885,-0.08806,-0.20695,-0.35239000000000004,-0.53338,3.4988,3.5479,3.7435,4.2055,4.91747
2012-09-21,3.3760000000000003,3.385,3.432,3.3760000000000003,16968.0,002083,0.00267,-0.07159,-0.09468,-0.19251,-0.33063000000000003,-0.52551,3.4466,3.53105,3.7304800000000005,4.19191,4.90223
2012-09-24,3.385,3.394,3.4130000000000003,3.31,22268.0,002083,0.00266,-0.02162,-0.06423999999999999,-0.1628,-0.32134,-0.5193300000000001,3.4316,3.51995,3.71984,4.17885,4.88732
2012-09-25,3.366,3.366,3.4130000000000003,3.366,17824.0,002083,-0.00825,-0.03746,-0.034980000000000004,-0.18459,-0.32205,-0.5251100000000001,3.4054,3.5141400000000003,3.70755,4.16585,4.87219
2012-09-26,3.357,3.245,3.394,3.236,26421.0,002083,-0.03595,-0.07443999999999999,-0.07708,-0.21731999999999999,-0.31468,-0.5532100000000001,3.3532,3.50124,3.6930199999999997,4.15373,4.85586
2012-09-27,3.217,3.301,3.366,3.217,37466.0,002083,0.01726,-0.02222,-0.05089,-0.19859000000000002,-0.28472,-0.53191,3.3382,3.49281,3.67982,4.14305,4.84061
2012-09-28,3.31,3.366,3.3760000000000003,3.282,36896.0,002083,0.01969,-0.00561,-0.00825,-0.17722000000000002,-0.25728,-0.5214,3.3344,3.49148,3.66813,4.13357,4.8257
2012-10-08,3.3480000000000003,3.366,3.385,3.32,16980.0,002083,0.0,-0.00825,-0.02435,-0.15639,-0.27784000000000003,-0.5150600000000001,3.3288,3.48748,3.65806,4.1230400000000005,4.81117
2012-10-09,3.357,3.4410000000000003,3.45,3.357,32463.0,002083,0.02228,0.02228,-0.01064,-0.15703,-0.27036,-0.5009399999999999,3.3438,3.4857099999999996,3.64773,4.11267,4.79713
2012-10-10,3.432,3.525,3.553,3.4130000000000003,58559.0,002083,0.02441,0.08628999999999999,0.02174,-0.09569,-0.23469,-0.47693,3.3998,3.48929,3.64171,4.10389,4.78407
2012-10-11,3.497,3.478,3.525,3.46,40908.0,002083,-0.013330000000000002,0.05362000000000001,0.0052,-0.11614000000000001,-0.25236,-0.46713999999999994,3.4352,3.4901400000000002,3.6343400000000003,4.09434,4.771669999999999
2012-10-12,3.516,3.497,3.553,3.46,42892.0,002083,0.0054600000000000004,0.038919999999999996,-0.00257,-0.11759000000000001,-0.24973,-0.46578,3.4614,3.4897099999999996,3.6268199999999995,4.08488,4.75928
2012-10-15,3.46,3.4130000000000003,3.469,3.366,30132.0,002083,-0.02402,0.01396,-0.06876,-0.15078,-0.28479,-0.48003999999999997,3.4708,3.4777099999999996,3.61705,4.07383,4.7464699999999995
2012-10-16,3.432,3.404,3.488,3.3760000000000003,28042.0,002083,-0.00264,-0.01075,-0.07575,-0.149,-0.29334,-0.4807,3.4634,3.46443,3.60744,4.06234,4.7336599999999995
2012-10-17,3.404,3.59,3.711,3.404,161864.0,002083,0.05464,0.01844,-0.03025,-0.049510000000000005,-0.26465,-0.46948,3.4764,3.4591,3.6044199999999997,4.05184,4.72074
2012-10-18,3.553,3.655,3.693,3.525,155057.0,002083,0.01811,0.05089,-0.015090000000000001,-0.03942,-0.22955,-0.4606,3.5118,3.45643,3.602,4.04298,4.70806
2012-10-19,3.618,3.6,3.646,3.572,68291.0,002083,-0.01505,0.02945,-0.017740000000000002,-0.06079,-0.25558000000000003,-0.46357,3.5324,3.4533300000000002,3.59824,4.03293,4.69541
2012-10-22,3.59,3.711,3.73,3.572,131396.0,002083,0.03083,0.08731,0.017830000000000002,-0.041089999999999995,-0.23406,-0.44932,3.592,3.45643,3.59568,4.02372,4.6831
2012-10-23,3.711,3.655,3.721,3.627,91542.0,002083,-0.015090000000000001,0.07374,0.05362000000000001,-0.05335,-0.25133,-0.44241,3.6422,3.46529,3.59235,4.01374,4.67131
2012-10-24,3.637,3.627,3.683,3.6,64002.0,002083,-0.007659999999999999,0.01031,0.03717,-0.04427,-0.22649,-0.44045,3.6496,3.47148,3.58965,4.00511,4.65971
2012-10-25,3.646,3.609,3.711,3.6,88037.0,002083,-0.00496,-0.01259,0.02938,-0.06744,-0.2227,-0.41145,3.6404,3.4763800000000002,3.58544,3.9967,4.64945
2012-10-26,3.6,3.45,3.6,3.422,74454.0,002083,-0.04406,-0.04167,0.02192,-0.08875,-0.27138,-0.42182,3.6104,3.4799,3.5800199999999998,3.98625,4.63922
2012-10-29,3.4410000000000003,3.45,3.516,3.422,26647.0,002083,0.0,-0.07032999999999999,0.0192,-0.08415,-0.28526999999999997,-0.43228999999999995,3.5582,3.483,3.5749,3.97506,4.62854
2012-10-30,3.46,3.404,3.497,3.404,43119.0,002083,-0.013330000000000002,-0.06867000000000001,0.00295,-0.09876,-0.29069,-0.4507,3.508,3.48348,3.56889,3.96372,4.61719
2012-10-31,3.422,3.432,3.4410000000000003,3.385,23916.0,002083,0.00823,-0.05376,0.01961,-0.06101,-0.29031999999999997,-0.44448000000000004,3.469,3.48662,3.56529,3.9523,4.60602
2012-11-01,3.432,3.516,3.525,3.432,50490.0,002083,0.024480000000000002,-0.025769999999999998,0.08351,-0.01568,-0.2716,-0.43171000000000004,3.4504,3.4995199999999995,3.56439,3.94164,4.5951699999999995
2012-11-02,3.534,3.544,3.59,3.488,41956.0,002083,0.00796,0.02725,0.07361000000000001,-0.02288,-0.27953,-0.44136000000000003,3.4692,3.5111,3.56305,3.93046,4.58378
2012-11-05,3.572,3.544,3.572,3.516,36126.0,002083,0.0,0.02725,0.052879999999999996,-0.01556,-0.2754,-0.43888999999999995,3.488,3.51957,3.56215,3.91951,4.57252
2012-11-06,3.544,3.562,3.59,3.4410000000000003,56486.0,002083,0.0050799999999999994,0.046419999999999996,0.05823,-0.04015,-0.27587,-0.43442,3.5196,3.5289,3.55974,3.9084800000000004,4.56139
2012-11-07,3.562,3.627,3.637,3.534,74344.0,002083,0.01825,0.05682,0.05405,-0.03486,-0.23835,-0.4315,3.5586,3.53776,3.55763,3.89925,4.5502
2012-11-08,3.59,3.4410000000000003,3.59,3.404,61892.0,002083,-0.05127999999999999,-0.021330000000000002,-0.02383,-0.09566000000000001,-0.27604,-0.47062,3.5436,3.53376,3.55176,3.88859,4.53777
2012-11-09,3.404,3.4410000000000003,3.469,3.404,31903.0,002083,0.0,-0.029060000000000002,-0.01064,-0.09112999999999999,-0.27036,-0.47943,3.523,3.532,3.54619,3.87822,4.52489
2012-11-12,3.4410000000000003,3.488,3.488,3.432,25599.0,002083,0.01366,-0.0158,-0.00257,-0.09001,-0.2547,-0.46188999999999997,3.5118,3.53157,3.54063,3.8685300000000002,4.51272
2012-11-13,3.46,3.366,3.488,3.366,26820.0,002083,-0.034980000000000004,-0.055029999999999996,-0.01377,-0.12594,-0.27363000000000004,-0.46942,3.4726,3.5293300000000003,3.53281,3.8582199999999998,4.50061
2012-11-14,3.394,3.385,3.394,3.32,17659.0,002083,0.00564,-0.06672,-0.00558,-0.08785,-0.27236,-0.47175,3.4242,3.52843,3.52755,3.84792,4.48832
2012-11-15,3.366,3.301,3.385,3.301,19432.0,002083,-0.02482,-0.04069,-0.0805,-0.1195,-0.29315,-0.47503,3.3962,3.5146699999999997,3.52032,3.83679,4.47618
2012-11-16,3.282,3.32,3.329,3.264,19485.0,002083,0.00576,-0.035160000000000004,-0.09166,-0.10319,-0.27779,-0.46973000000000004,3.372,3.49871,3.51416,3.8264099999999996,4.46422
2012-11-19,3.329,3.357,3.357,3.273,20362.0,002083,0.01114,-0.03756,-0.0675,-0.08628,-0.27698,-0.48058,3.3458,3.48714,3.50905,3.81595,4.4516
2012-11-20,3.385,3.301,3.385,3.301,15243.0,002083,-0.01668,-0.01931,-0.11048,-0.11287,-0.2761,-0.5012800000000001,3.3328,3.4676199999999997,3.5022699999999998,3.8057199999999995,4.43811
2012-11-21,3.292,3.357,3.357,3.264,20658.0,002083,0.01696,-0.00827,-0.08152999999999999,-0.08404,-0.27698,-0.4813,3.3272,3.4534300000000004,3.4973099999999997,3.79526,4.42545
2012-11-22,3.3480000000000003,3.31,3.357,3.292,15063.0,002083,-0.013999999999999999,0.0027300000000000002,-0.0874,-0.10805999999999999,-0.27269,-0.48418,3.3289999999999997,3.43833,3.49084,3.78517,4.41282
2012-11-23,3.32,3.366,3.385,3.301,25789.0,002083,0.016919999999999998,0.013859999999999999,-0.06733,-0.09076000000000001,-0.26635,-0.44611000000000006,3.3382,3.42676,3.4854199999999995,3.77524,4.4018
2012-11-26,3.357,3.31,3.357,3.292,15691.0,002083,-0.016640000000000002,-0.013999999999999999,-0.04058,-0.11474000000000001,-0.28848,-0.45452,3.3288,3.4201,3.4785,3.76433,4.39059
2012-11-27,3.292,3.124,3.301,3.105,43431.0,002083,-0.05619,-0.05362000000000001,-0.09449,-0.13868,-0.34023000000000003,-0.47958999999999996,3.2934,3.4045699999999997,3.47039,3.7512300000000005,4.3788800000000005
2012-11-28,3.32,3.227,3.394,3.208,101250.0,002083,0.03297,-0.03873,-0.052000000000000005,-0.07483,-0.31179,-0.45664,3.2674,3.39614,3.4661800000000005,3.7393400000000003,4.36786
2012-11-29,3.189,3.553,3.553,3.189,251771.0,002083,0.10102,0.07341,0.03526,0.01052,-0.2482,-0.39708000000000004,3.3160000000000003,3.4019,3.46677,3.7298,4.35835
2012-11-30,3.553,3.553,3.655,3.488,345552.0,002083,0.0,0.055560000000000005,0.01052,0.02156,-0.22559,-0.3914,3.3534,3.4036699999999995,3.4679800000000003,3.72139,4.34906
2012-12-03,3.497,3.562,3.609,3.4130000000000003,208615.0,002083,0.00253,0.07612999999999999,0.0050799999999999994,0.0495,-0.21886,-0.39277,3.4038,3.4045199999999998,3.4706900000000003,3.71328,4.33969
2012-12-04,3.506,3.618,3.627,3.478,205850.0,002083,0.015719999999999998,0.15813,0.020880000000000003,0.0487,-0.20009000000000002,-0.3983,3.5026,3.40805,3.4734,3.70592,4.32996
2012-12-05,3.59,3.674,3.711,3.516,290500.0,002083,0.01548,0.13852,0.031439999999999996,0.05635,-0.18283,-0.35123000000000004,3.592,3.41338,3.4765599999999997,3.69924,4.32187
2012-12-06,3.637,3.562,3.646,3.553,145297.0,002083,-0.03048,0.00253,-0.01792,0.03246,-0.20438,-0.37911999999999996,3.5938,3.4102900000000003,3.4783699999999995,3.6918,4.31303
2012-12-07,3.5810000000000004,3.795,3.823,3.525,401831.0,002083,0.06541,0.06811,0.10288,0.09682,-0.16262000000000001,-0.31436,3.6422,3.42714,3.48377,3.6858,4.30596
2012-12-10,3.758,3.767,3.851,3.721,267829.0,002083,-0.007379999999999999,0.05755,0.09473999999999999,0.07443999999999999,-0.16549,-0.29112,3.6832,3.4426699999999997,3.4879800000000003,3.67973,4.29967
2012-12-11,3.749,3.702,3.777,3.693,158106.0,002083,-0.01726,0.023219999999999998,0.06135,0.0101,-0.19469,-0.30453,3.7,3.45286,3.4885800000000002,3.67246,4.293080000000001
2012-12-12,3.73,3.795,3.795,3.655,158982.0,002083,0.02512,0.03293,0.12745,0.030410000000000003,-0.16262000000000001,-0.28706,3.7242,3.47329,3.49039,3.66646,4.2868699999999995
2012-12-13,3.777,3.674,3.786,3.646,127354.0,002083,-0.03188,0.031439999999999996,0.08538,-0.007559999999999999,-0.18609,-0.32038,3.7466,3.48705,3.4899400000000003,3.6596300000000004,4.2798300000000005
2012-12-14,3.693,3.805,3.833,3.665,220841.0,002083,0.035660000000000004,0.00264,0.15267999999999998,0.025330000000000002,-0.16721,-0.28153,3.7486,3.51105,3.49145,3.6534199999999997,4.27376
2012-12-17,3.795,3.917,4.0,3.749,287624.0,002083,0.02943,0.03982,0.17982,0.06876,-0.13398,-0.25119,3.7786,3.53948,3.4955199999999995,3.6485,4.26842
2012-12-18,3.898,3.823,3.954,3.795,182201.0,002083,-0.024,0.03269,0.13881,0.04855,-0.15475999999999998,-0.23845,3.8028,3.56167,3.4983699999999995,3.6428,4.26356
2012-12-19,3.823,3.777,3.87,3.758,105637.0,002083,-0.012029999999999999,-0.00474,0.1442,0.08879,-0.1476,-0.21,3.7992,3.5843300000000005,3.50334,3.63749,4.25948
2012-12-20,3.851,3.795,3.935,3.767,141883.0,002083,0.00477,0.03293,0.13047,0.08522,-0.10262,-0.17768,3.8234,3.6051900000000003,3.50815,3.6339599999999996,4.25614
2012-12-21,3.749,3.702,3.795,3.674,133357.0,002083,-0.02451,-0.02707,0.11843,0.0559,-0.13037,-0.21965,3.8028,3.6238599999999996,3.51131,3.62945,4.25191
2012-12-24,3.702,3.711,3.758,3.693,78031.0,002083,0.00243,-0.05259,0.1025,0.09923,-0.11474000000000001,-0.24558000000000002,3.7616,3.6402900000000002,3.51671,3.62554,4.247
2012-12-25,3.693,3.777,3.814,3.683,139474.0,002083,0.01778,-0.012029999999999999,0.14109000000000002,0.11581,-0.06833,-0.22332,3.7524,3.6625199999999998,3.5230300000000003,3.6232800000000003,4.24258
2012-12-26,3.823,3.879,3.889,3.777,213605.0,002083,0.027010000000000003,0.027010000000000003,0.24168,0.1429,-0.060320000000000006,-0.16617,3.7728,3.6984800000000004,3.53085,3.62126,4.23944
2012-12-27,3.879,3.749,3.879,3.739,162759.0,002083,-0.033510000000000005,-0.01212,0.16176,0.11377999999999999,-0.09575,-0.20824,3.7636,3.7233300000000003,3.53703,3.61803,4.23543
2012-12-28,3.702,3.739,3.758,3.683,115949.0,002083,-0.00267,0.00999,0.05235,0.15223,-0.09226000000000001,-0.21035,3.7710000000000004,3.73219,3.545,3.6149400000000003,4.231380000000001
2012-12-31,3.73,3.749,3.767,3.711,83299.0,002083,0.00267,0.01024,0.05516,0.13572,-0.0836,-0.20353,3.7786,3.7415199999999995,3.55223,3.61216,4.22749
2013-01-04,3.758,3.87,3.879,3.758,220545.0,002083,0.03228,0.02462,0.08647,0.14973,-0.030080000000000003,-0.15815,3.7972,3.75619,3.56035,3.61119,4.224530000000001
2013-01-07,3.851,3.879,3.907,3.795,143652.0,002083,0.00233,0.0,0.07214,0.15241,-0.04973,-0.15619,3.7972,3.76862,3.56863,3.60954,4.22161
2013-01-08,3.879,3.898,3.945,3.833,156117.0,002083,0.0049,0.03974,0.06097,0.13280999999999998,0.0,-0.15883,3.827,3.77929,3.576,3.60954,4.21862
2013-01-09,3.879,3.898,3.973,3.851,169391.0,002083,0.0,0.04252,0.09433,0.10582000000000001,-0.0094,-0.17345,3.8588,3.79529,3.5820199999999995,3.6092400000000002,4.2153
2013-01-10,3.907,4.047,4.122,3.907,290064.0,002083,0.03822,0.07948999999999999,0.0664,0.1636,0.0212,-0.11074,3.9184,3.80729,3.59119,3.60992,4.21325
2013-01-11,4.01,3.87,4.047,3.842,190359.0,002083,-0.04374,0.0,0.027339999999999996,0.10665999999999999,-0.03707,-0.12125,3.9184,3.81219,3.59721,3.60871,4.21108
2013-01-14,3.851,3.926,3.963,3.805,151857.0,002083,0.014469999999999998,0.01212,0.06051,0.15031,-0.0185,-0.12678,3.9278,3.82286,3.6054800000000005,3.60811,4.20876
2013-01-15,3.935,4.0,4.038,3.907,171761.0,002083,0.01885,0.02617,0.054020000000000006,0.17509,0.059039999999999995,-0.14857,3.9482,3.83262,3.6151,3.60992,4.20592
2013-01-16,3.991,4.047,4.168,3.973,276305.0,002083,0.01175,0.03822,0.10152,0.1273,0.0636,-0.1893,3.978,3.8503800000000004,3.62247,3.6118900000000003,4.2020800000000005
2013-01-17,4.019,3.945,4.084,3.935,127708.0,002083,-0.0252,-0.0252,0.036789999999999996,0.07934,0.02922,-0.19947,3.9576,3.85705,3.62715,3.6128,4.1980900000000005
2013-01-18,3.945,3.973,4.0,3.889,111733.0,002083,0.0071,0.02661,0.0143,0.10361,0.02661,-0.20125,3.9782,3.8597099999999998,3.6331599999999997,3.61363,4.19402
2013-01-21,3.973,3.954,3.973,3.907,88174.0,002083,-0.0047799999999999995,0.00713,0.03427,0.06548,0.02409,-0.17453,3.9838,3.86595,3.63708,3.61439,4.19062
2013-01-22,3.954,3.879,3.963,3.851,118205.0,002083,-0.018969999999999997,-0.03025,0.027010000000000003,0.06129,0.02213,-0.16455,3.9596,3.8708099999999996,3.64069,3.61507,4.18751
2013-01-23,3.861,3.842,3.898,3.786,90791.0,002083,-0.00954,-0.05065,0.01238,0.05927999999999999,-0.007240000000000001,-0.21736,3.9186,3.87305,3.64416,3.61485,4.18317
2013-01-24,3.842,3.767,3.898,3.739,111530.0,002083,-0.01952,-0.04512,0.01756,0.04378,-0.00502,-0.21650999999999998,3.883,3.8761400000000004,3.6467099999999997,3.61469,4.17894
2013-01-25,3.758,3.777,3.795,3.758,43829.0,002083,0.00265,-0.04933,0.01778,0.09477999999999999,0.00265,-0.22634,3.8438,3.87929,3.6519800000000004,3.6147699999999996,4.17445
2013-01-28,3.767,3.842,3.842,3.73,76431.0,002083,0.01721,-0.02833,0.01721,0.11362,0.01721,-0.21895,3.8214,3.8823800000000004,3.6583099999999997,3.6153,4.17007
2013-01-29,3.833,3.833,3.851,3.805,79951.0,002083,-0.00234,-0.011859999999999999,-0.011859999999999999,0.12603,0.0487,-0.2074,3.8122,3.8801900000000002,3.66523,3.61675,4.166
2013-01-30,3.842,3.851,3.851,3.814,73603.0,002083,0.0047,0.00234,0.02721,0.12209,0.07811,-0.20515999999999998,3.8139999999999996,3.88505,3.6719800000000005,3.61902,4.16196
2013-01-31,3.842,3.795,3.861,3.786,68865.0,002083,-0.01454,0.00743,0.014980000000000002,0.07935,0.04632,-0.21069000000000002,3.8196,3.8877099999999998,3.67648,3.6203800000000004,4.15784
2013-02-01,3.805,3.851,3.861,3.805,54982.0,002083,0.014759999999999999,0.01959,0.02721,0.08663,0.06972,-0.21552,3.8344,3.8925699999999996,3.6814400000000003,3.6224199999999995,4.1535400000000005
2013-02-04,3.87,3.842,3.879,3.805,63013.0,002083,-0.00234,0.0,-0.007240000000000001,0.08409,0.0353,-0.2374,3.8344,3.8912400000000003,3.68624,3.6234900000000003,4.14867
2013-02-05,3.814,3.833,3.842,3.786,95873.0,002083,-0.00234,0.0,-0.011859999999999999,0.07608,0.01996,-0.2474,3.8344,3.88905,3.69061,3.6241,4.14355
2013-02-06,3.833,3.814,3.842,3.795,54301.0,002083,-0.00496,-0.009609999999999999,-0.02155,0.05156,0.00237,-0.22887,3.827,3.88505,3.69363,3.62417,4.13895
2013-02-07,3.814,3.805,3.823,3.749,56037.0,002083,-0.00236,0.00264,-0.02386,0.10578,0.00502,-0.28017,3.8289999999999997,3.8806199999999995,3.6995,3.6243300000000005,4.13293
2013-02-08,3.795,3.842,3.851,3.786,52135.0,002083,0.00972,-0.00234,-0.05065,0.11654,0.00235,-0.27578,3.8272,3.87086,3.7059699999999998,3.6244,4.1269800000000005
2013-02-18,3.851,3.907,3.917,3.842,95161.0,002083,0.016919999999999998,0.016919999999999998,0.009559999999999999,0.12013,0.01454,-0.25182,3.8402,3.8726199999999995,3.71273,3.62485,4.12164
2013-02-19,3.907,3.926,3.963,3.861,125522.0,002083,0.00486,0.02426,0.0,0.16637000000000002,0.05794,-0.25219,3.8588,3.8726199999999995,3.7217599999999997,3.6266,4.11626
2013-02-20,3.917,3.963,3.973,3.889,91484.0,002083,0.00942,0.03907,-0.00925,0.17075,0.05708,-0.23979,3.8886,3.87086,3.7310800000000004,3.62834,4.1111699999999995
2013-02-21,3.935,3.861,3.945,3.851,97894.0,002083,-0.02574,0.014719999999999999,-0.04596,0.16965,0.04295,-0.27466,3.8998,3.862,3.74011,3.62963,4.105230000000001
2013-02-22,3.879,3.851,3.898,3.842,55182.0,002083,-0.00259,0.00234,-0.02383,0.15994,0.04818,-0.28764,3.9016,3.8575199999999996,3.7486800000000002,3.63107,4.09891
2013-02-25,3.842,3.907,3.917,3.842,57897.0,002083,0.01454,0.0,-0.01661,0.16384,0.04999,-0.26352,3.9016,3.8543800000000004,3.75755,3.63259,4.09323
2013-02-26,3.898,3.917,4.056,3.889,180632.0,002083,0.00256,-0.00229,-0.00936,0.18661,0.06876,-0.25119,3.8998,3.8526199999999995,3.7674800000000004,3.6346300000000005,4.08789
2013-02-27,3.917,3.907,3.963,3.851,89050.0,002083,-0.00255,-0.014130000000000002,0.00722,0.16384,0.052820000000000006,-0.26352,3.8886,3.85395,3.77635,3.6362300000000003,4.0822
2013-02-28,3.926,4.084,4.14,3.907,275914.0,002083,0.0453,0.05776,0.06299,0.23384000000000002,0.10319,-0.24705,3.9332,3.8654800000000002,3.78884,3.63933,4.07676
2013-03-01,4.084,4.075,4.131,4.019,188557.0,002083,-0.0022,0.058170000000000006,0.08176,0.21064000000000002,0.08986,-0.24745999999999999,3.978,3.8801400000000004,3.80027,3.64207,4.0713099999999995
2013-03-04,4.056,3.926,4.056,3.879,155536.0,002083,-0.03656,0.00486,0.03945,0.1861,0.08244,-0.28825,3.9818,3.8872400000000003,3.8102099999999997,3.6445,4.06485
2013-03-05,3.879,3.963,3.973,3.87,86724.0,002083,0.00942,0.01174,0.03149,0.26857,0.13618,-0.27669,3.991,3.8930000000000002,3.8237400000000004,3.64836,4.058680000000001
2013-03-06,3.973,4.056,4.075,3.935,144425.0,002083,0.023469999999999998,0.03814,0.058179999999999996,0.25689,0.15358,-0.24581999999999998,4.0208,3.9036199999999996,3.83711,3.65275,4.05331
2013-03-07,4.038,3.973,4.084,3.907,104572.0,002083,-0.02046,-0.027180000000000003,0.03168,0.11821,0.14232,-0.24839,3.9986,3.9094300000000004,3.84389,3.65677,4.047969999999999
2013-03-08,3.973,3.935,3.991,3.898,65565.0,002083,-0.009559999999999999,-0.03436,0.03689,0.10751,0.1594,-0.25825,3.9706,3.9161,3.85005,3.66117,4.0424
2013-03-11,3.917,3.935,3.963,3.907,37047.0,002083,0.0,0.00229,0.02181,0.10472000000000001,0.14057999999999998,-0.27452,3.9724,3.9201,3.85606,3.66511,4.03635
2013-03-12,3.935,3.73,3.963,3.711,134105.0,002083,-0.0521,-0.058789999999999995,-0.02915,0.03096,0.07246,-0.31232,3.9258,3.91476,3.8578699999999997,3.66716,4.02946
2013-03-13,3.739,3.693,3.767,3.665,49502.0,002083,-0.00992,-0.0895,-0.03652,0.00517,0.07042999999999999,-0.30504000000000003,3.8532,3.9081,3.8581800000000004,3.66914,4.022869999999999
2013-03-14,3.693,3.702,3.73,3.683,37300.0,002083,0.00244,-0.06821,-0.02937,0.0393,0.06994,-0.29966,3.799,3.90276,3.86044,3.6711099999999997,4.016430000000001
2013-03-15,3.702,3.693,3.749,3.655,48823.0,002083,-0.00243,-0.0615,-0.02943,-0.02688,0.05334,-0.31914000000000003,3.7506,3.8974300000000004,3.85879,3.6726300000000003,4.0094
2013-03-18,3.693,3.5810000000000004,3.702,3.562,49175.0,002083,-0.030330000000000003,-0.08996,-0.06792999999999999,-0.04938,-0.02292,-0.34534000000000004,3.6798,3.885,3.8557900000000003,3.67194,4.00172
2013-03-19,3.59,3.609,3.618,3.553,36343.0,002083,0.00782,-0.03244,-0.07627,-0.02512,-0.02009,-0.35646,3.6556,3.8708099999999996,3.85429,3.6713400000000003,3.99359
2013-03-20,3.6,3.702,3.721,3.59,45538.0,002083,0.025769999999999998,0.00244,-0.05706,-0.02451,0.0,-0.33987,3.6574,3.8601400000000003,3.85279,3.6713400000000003,3.98585
2013-03-21,3.693,3.702,3.73,3.674,64453.0,002083,0.0,0.0,-0.06586,0.00762,-0.00243,-0.29486,3.6574,3.8477099999999997,3.85324,3.67127,3.97955
2013-03-22,3.683,3.693,3.721,3.655,46143.0,002083,-0.00243,0.0,-0.04351,-0.02943,0.007640000000000001,-0.27489,3.6574,3.8397099999999997,3.85144,3.6715,3.9738599999999997
2013-03-25,3.693,3.693,3.711,3.646,39718.0,002083,0.0,0.03128,-0.041030000000000004,-0.05719,0.01289,-0.30622,3.6798,3.83219,3.8478199999999996,3.6718800000000003,3.9672400000000003
2013-03-26,3.693,3.721,3.739,3.655,57492.0,002083,0.00758,0.031030000000000002,-0.04761,-0.026680000000000002,0.07264,-0.30096,3.7022,3.8233300000000003,3.8461800000000004,3.6739300000000004,3.96072
2013-03-27,3.721,3.683,3.749,3.665,59708.0,002083,-0.010209999999999999,-0.00513,-0.059739999999999994,-0.02489,0.05319,-0.27954,3.6984,3.81219,3.8446599999999997,3.67544,3.95491
2013-03-28,3.655,3.544,3.665,3.516,66542.0,002083,-0.037739999999999996,-0.04268,-0.09291,-0.06614,0.01084,-0.32133,3.6668,3.7949,3.84061,3.67575,3.94809
2013-03-29,3.544,3.534,3.572,3.525,27477.0,002083,-0.00282,-0.04305,-0.13467,-0.045380000000000004,0.0468,-0.32208000000000003,3.635,3.76871,3.8379,3.6770300000000002,3.94127
2013-04-01,3.516,3.544,3.572,3.516,21411.0,002083,0.00283,-0.04035,-0.13030999999999998,-0.045,0.04697,-0.29919,3.6052,3.7434300000000005,3.83521,3.6783300000000003,3.9351199999999995
2013-04-02,3.534,3.525,3.572,3.525,29658.0,002083,-0.00536,-0.05267,-0.10214,-0.06672,0.0386,-0.29514,3.5660000000000003,3.72433,3.83115,3.67939,3.9291199999999997
2013-04-03,3.534,3.488,3.553,3.478,26600.0,002083,-0.0105,-0.05295,-0.11986,-0.1008,0.036239999999999994,-0.29748,3.5269999999999997,3.70171,3.82484,3.6803800000000004,3.92311
2013-04-08,3.4410000000000003,3.525,3.534,3.366,35773.0,002083,0.01061,-0.00536,-0.13092,-0.05975,0.08628999999999999,-0.25554,3.5232,3.6764300000000003,3.8212300000000003,3.68266,3.9182
2013-04-09,3.534,3.544,3.572,3.516,21513.0,002083,0.00539,0.00283,-0.10797999999999999,-0.05215,0.07361000000000001,-0.23206999999999997,3.5252,3.656,3.81808,3.6846300000000003,3.91384
2013-04-10,3.5810000000000004,3.562,3.627,3.534,31541.0,002083,0.0050799999999999994,0.0050799999999999994,-0.09479,-0.04988,0.05823,-0.21403000000000003,3.5288,3.63824,3.81506,3.68623,3.9099
2013-04-11,3.5810000000000004,3.534,3.59,3.525,21262.0,002083,-0.007859999999999999,0.00255,-0.10191,-0.08682000000000001,0.04991,-0.24179,3.5306,3.6191400000000002,3.80965,3.68759,3.9053199999999997
2013-04-12,3.562,3.516,3.562,3.488,19168.0,002083,-0.00509,0.008029999999999999,-0.057370000000000004,-0.09358,0.0218,-0.25445,3.5362,3.60895,3.8037900000000002,3.6882,3.90044
2013-04-15,3.544,3.553,3.59,3.506,36986.0,002083,0.01052,0.007940000000000001,-0.03791,-0.08851,0.007940000000000001,-0.22860999999999998,3.5418,3.60229,3.79823,3.6884300000000003,3.89616
2013-04-16,3.525,3.562,3.572,3.488,22354.0,002083,0.00253,0.0050799999999999994,-0.03782,-0.0862,0.02415,-0.23431,3.5454,3.59562,3.79281,3.68911,3.8917300000000004
2013-04-17,3.553,3.553,3.5810000000000004,3.516,21445.0,002083,-0.00253,-0.00253,-0.03791,-0.12207,0.01601,-0.23772,3.5436,3.58895,3.78484,3.68957,3.8872199999999997
2013-04-18,3.544,3.525,3.572,3.506,23946.0,002083,-0.00788,-0.00255,-0.01564,-0.08915,0.03282,-0.26132,3.5418,3.58629,3.77927,3.6904800000000004,3.88215
2013-04-19,3.534,3.5810000000000004,3.6,3.525,34701.0,002083,0.01589,0.01849,-0.0077599999999999995,-0.08788,0.052000000000000005,-0.25659,3.5548,3.58495,3.77371,3.6919199999999996,3.87713
2013-04-22,3.562,3.59,3.59,3.544,30374.0,002083,0.00251,0.010409999999999999,-0.03025,-0.1025,0.0,-0.26465,3.5622,3.57962,3.7671,3.6919199999999996,3.8718800000000004
2013-04-23,3.609,3.516,3.627,3.497,47357.0,002083,-0.02061,-0.01291,-0.05024,-0.13121,-0.03803,-0.25885,3.553,3.57076,3.7585300000000004,3.6907900000000002,3.86689
2013-04-24,3.516,3.562,3.59,3.506,37059.0,002083,0.013080000000000001,0.00253,-0.03547,-0.09708,-0.01056,-0.26344,3.5548,3.56452,3.75235,3.6904800000000004,3.86171
2013-04-25,3.572,3.5810000000000004,3.6,3.497,63555.0,002083,0.00533,0.01589,-0.030330000000000003,-0.09867000000000001,-0.03503,-0.26089,3.5660000000000003,3.55919,3.74603,3.6894199999999997,3.8565699999999996
2013-04-26,3.572,3.609,3.655,3.572,99606.0,002083,0.00782,0.00782,-0.0301,-0.08725,-0.01259,-0.26075,3.5716,3.55386,3.7404699999999997,3.68905,3.8513900000000003
2013-05-02,3.618,3.646,3.665,3.6,59552.0,002083,0.01025,0.0156,-0.01005,-0.060070000000000005,0.00524,-0.22244,3.5828,3.5521,3.73671,3.6892,3.84715
2013-05-03,3.646,3.665,3.702,3.646,76393.0,002083,0.00521,0.04238,0.03414,-0.04607,0.015519999999999999,-0.21064000000000002,3.6126,3.55786,3.73385,3.68966,3.8431800000000003
2013-05-06,3.655,3.674,3.674,3.627,66941.0,002083,0.00246,0.031439999999999996,0.039619999999999995,-0.02469,0.06493,-0.22408000000000003,3.635,3.56452,3.73235,3.6914800000000003,3.8388699999999996
2013-05-07,3.674,3.646,3.674,3.627,50122.0,002083,-0.00762,0.01815,0.02878,-0.03468,0.05681,-0.24466999999999997,3.648,3.56938,3.7302400000000002,3.6930699999999996,3.8340699999999996
2013-05-08,3.646,3.646,3.674,3.618,54035.0,002083,0.0,0.01025,0.03433,-0.051019999999999996,0.07109,-0.24026,3.6554,3.57514,3.7270800000000004,3.69504,3.8293800000000005
2013-05-09,3.627,3.618,3.637,3.59,56457.0,002083,-0.007679999999999999,-0.007679999999999999,0.03727,-0.05609,0.0542,-0.25186,3.6498,3.5813300000000003,3.72361,3.69655,3.8244300000000004
2013-05-10,3.6,3.655,3.665,3.6,57649.0,002083,0.01023,-0.0027300000000000002,0.03688,-0.0509,0.03953,-0.2428,3.6478,3.5875199999999996,3.72045,3.69768,3.81966
2013-05-13,3.646,3.683,3.693,3.637,68400.0,002083,0.007659999999999999,0.00245,0.03922,-0.02951,0.03922,-0.25127,3.6496,3.5941400000000003,3.71865,3.69881,3.8146400000000003
2013-05-14,3.683,3.674,3.683,3.609,56312.0,002083,-0.00244,0.007679999999999999,0.031439999999999996,-0.04596,0.036680000000000004,-0.24881999999999999,3.6552,3.5994800000000002,3.71579,3.6998699999999998,3.8096900000000002
2013-05-15,3.674,3.674,3.674,3.618,50665.0,002083,0.0,0.007679999999999999,0.039619999999999995,-0.04373,0.031439999999999996,-0.2531,3.6608,3.6061400000000003,3.71308,3.7007800000000004,3.8046300000000004
2013-05-16,3.665,3.721,3.73,3.637,98678.0,002083,0.012790000000000001,0.02847,0.0583,-0.02922,0.02592,-0.21861,3.6814,3.6159,3.71127,3.70154,3.8004
2013-05-17,3.711,3.767,3.767,3.693,90960.0,002083,0.01236,0.030639999999999997,0.06023,-0.012320000000000001,0.09473999999999999,-0.20745,3.7038,3.6261,3.71052,3.7042,3.79639
2013-05-20,3.777,3.814,3.814,3.749,114825.0,002083,0.01248,0.03557,0.07075,0.00237,0.1084,-0.19125999999999999,3.73,3.6381,3.71066,3.7072300000000005,3.7927199999999996
2013-05-21,3.851,3.833,3.954,3.805,153456.0,002083,0.00498,0.04328,0.07881,-0.00234,0.09891,-0.18098,3.7618,3.6514300000000004,3.71052,3.71003,3.78928
2013-05-22,3.861,3.87,3.907,3.833,131424.0,002083,0.00965,0.05335,0.09787,-0.009470000000000001,0.14973,-0.16487000000000002,3.801,3.6678599999999997,3.70992,3.7141300000000004,3.78617
2013-05-23,3.87,3.777,3.87,3.758,102983.0,002083,-0.024030000000000003,0.01505,0.054729999999999994,-0.03795,0.11581,-0.18809,3.8122,3.67719,3.7075199999999997,3.7173199999999995,3.7826199999999996
2013-05-24,3.767,3.842,3.861,3.758,77409.0,002083,0.01721,0.01991,0.07019,-0.03053,0.16389,-0.1773,3.8272,3.68919,3.7055599999999997,3.72172,3.77925
2013-05-27,3.833,3.907,3.935,3.833,134528.0,002083,0.016919999999999998,0.024380000000000002,0.11120999999999999,0.011909999999999999,0.17681,-0.1501,3.8458,3.70781,3.7063099999999998,3.72649,3.77645
2013-05-28,3.898,3.907,3.926,3.851,77385.0,002083,0.0,0.01931,0.09686,0.01454,0.16384,-0.15852,3.8606,3.72424,3.70721,3.73096,3.77346
2013-05-29,3.907,3.898,3.954,3.851,101808.0,002083,-0.0023,0.007240000000000001,0.08852,-0.0023,0.18085,-0.14518,3.8662,3.7393300000000003,3.70706,3.73581,3.7707599999999997
2013-05-30,3.87,3.879,3.935,3.851,71403.0,002083,-0.00487,0.027010000000000003,0.07481,-0.0097,0.1555,-0.16455,3.8866,3.75219,3.70645,3.7400599999999997,3.76766
2013-05-31,3.879,3.823,3.898,3.823,85041.0,002083,-0.01444,-0.00495,0.04855,-0.0215,0.15498,-0.15996,3.8828,3.76062,3.7051,3.7442300000000004,3.7647
2013-06-03,3.823,3.805,3.842,3.786,52230.0,002083,-0.00471,-0.02611,0.0382,-0.06832,0.13042,-0.17065999999999998,3.8624,3.76729,3.7006,3.7478,3.7615199999999995
2013-06-04,3.805,3.777,3.823,3.711,79141.0,002083,-0.007359999999999999,-0.03327,0.028030000000000003,-0.07313,0.14109000000000002,-0.18809,3.8364,3.77219,3.69579,3.75159,3.7579599999999997
2013-06-05,3.777,3.721,3.777,3.693,60586.0,002083,-0.014830000000000001,-0.04541,0.020569999999999998,-0.05222,0.1911,-0.21415,3.801,3.77576,3.69248,3.75645,3.7538400000000003
2013-06-06,3.711,3.618,3.711,3.618,61068.0,002083,-0.02768,-0.06729,-0.007679999999999999,-0.08706,0.12117,-0.22841,3.7488,3.77443,3.6869199999999998,3.7596300000000005,3.74948
2013-06-07,3.637,3.572,3.665,3.544,39353.0,002083,-0.012709999999999999,-0.06566,-0.012709999999999999,-0.11932999999999999,0.00535,-0.24418,3.6986,3.77224,3.6791099999999997,3.75978,3.74479
2013-06-13,3.562,3.46,3.562,3.4130000000000003,47777.0,002083,-0.03135,-0.09067,-0.05335,-0.12912,-0.026180000000000002,-0.24586,3.6296,3.76295,3.67084,3.7590199999999996,3.74021
2013-06-14,3.488,3.506,3.516,3.478,29585.0,002083,0.01329,-0.07175,-0.048060000000000005,-0.10902,-0.015719999999999998,-0.23114,3.5754,3.75452,3.6639199999999996,3.7585699999999997,3.7359199999999997
2013-06-17,3.534,3.6,3.655,3.516,66327.0,002083,0.026810000000000004,-0.03252,-0.02014,-0.08513,-0.00498,-0.20407,3.5512,3.7510000000000003,3.6585199999999998,3.7584199999999996,3.7321699999999995
2013-06-18,3.618,3.6,3.655,3.572,34023.0,002083,0.0,-0.00498,-0.02014,-0.03485,-0.02014,-0.19929000000000002,3.5476,3.7474800000000004,3.65642,3.7578199999999997,3.72853
2013-06-19,3.5810000000000004,3.572,3.59,3.45,40937.0,002083,-0.00778,0.0,-0.04004,-0.032760000000000004,0.00281,-0.20214000000000001,3.5476,3.7403800000000005,3.65447,3.7579,3.72485
2013-06-20,3.544,3.45,3.544,3.432,32998.0,002083,-0.03415,-0.0028899999999999998,-0.08415,-0.06807,-0.09091,-0.23875,3.5456,3.72529,3.6504,3.7551,3.72045
2013-06-21,3.4410000000000003,3.45,3.46,3.329,36636.0,002083,0.0,-0.015969999999999998,-0.09544,-0.0658,-0.08415,-0.23571,3.5344,3.70795,3.6464800000000004,3.7525199999999996,3.71613
2013-06-24,3.45,3.282,3.45,3.254,51208.0,002083,-0.0487,-0.08832999999999999,-0.14375,-0.0835,-0.11345,-0.28606,3.4708,3.68171,3.64166,3.74911,3.71078
2013-06-25,3.264,3.32,3.338,3.077,76019.0,002083,0.01158,-0.07778,-0.14212,-0.08008,-0.12516,-0.26743,3.4148,3.6555199999999997,3.637,3.7452400000000003,3.70585
2013-06-26,3.31,3.366,3.3760000000000003,3.273,35657.0,002083,0.013859999999999999,-0.057670000000000006,-0.10882,-0.09076000000000001,-0.08383,-0.25432,3.3736,3.63595,3.6315800000000005,3.74274,3.70119
2013-06-27,3.3760000000000003,3.394,3.4410000000000003,3.366,55470.0,002083,0.008320000000000001,-0.01623,-0.11660999999999999,-0.0832,-0.10802,-0.25716999999999995,3.3624,3.6146199999999995,3.62661,3.7394,3.6964099999999998
2013-06-28,3.394,3.394,3.4410000000000003,3.3480000000000003,29121.0,002083,0.0,-0.01623,-0.1313,-0.08096,-0.13352,-0.24961,3.3512,3.59019,3.6217900000000003,3.73515,3.69182
2013-07-01,3.394,3.366,3.432,3.301,35592.0,002083,-0.00825,0.02559,-0.13847,-0.08855,-0.11954000000000001,-0.2558,3.3680000000000003,3.56443,3.6165199999999995,3.7314300000000005,3.6871199999999997
2013-07-02,3.366,3.357,3.366,3.292,30127.0,002083,-0.00267,0.01114,-0.13879,-0.09782,-0.1112,-0.24238,3.3754,3.5386699999999998,3.61065,3.72802,3.68275
2013-07-03,3.338,3.469,3.5810000000000004,3.292,84532.0,002083,0.03336,0.0306,-0.1057,-0.0581,-0.0859,-0.17970999999999998,3.3960000000000004,3.51914,3.60719,3.72537,3.6796599999999997
2013-07-04,3.4130000000000003,3.4410000000000003,3.497,3.357,71136.0,002083,-0.00807,0.01385,-0.09992000000000001,-0.029060000000000002,-0.0705,-0.19168,3.4054,3.50095,3.6055300000000003,3.72324,3.67635
2013-07-05,3.4410000000000003,3.394,3.46,3.394,40146.0,002083,-0.01366,0.0,-0.10802,-0.039619999999999995,-0.08542000000000001,-0.19036,3.4054,3.48138,3.6032699999999998,3.7206699999999997,3.6731
2013-07-08,3.366,3.273,3.366,3.264,42939.0,002083,-0.03565,-0.027630000000000002,-0.13344,-0.07647000000000001,-0.13344,-0.19265,3.3868,3.45738,3.5989,3.71657,3.6699300000000004
2013-07-09,3.31,3.282,3.32,3.264,26967.0,002083,0.00275,-0.022340000000000002,-0.11798,-0.06894,-0.15391,-0.20494,3.3718,3.4364800000000004,3.5949800000000005,3.7117199999999997,3.66649
2013-07-10,3.301,3.366,3.3760000000000003,3.282,23934.0,002083,0.02559,-0.029689999999999998,-0.06965,-0.034980000000000004,-0.10216,-0.18813,3.3512,3.4244800000000004,3.5930199999999997,3.7086,3.6633199999999997
2013-07-11,3.338,3.45,3.488,3.338,58778.0,002083,0.02496,0.00262,-0.03415,-0.02128,-0.07729,-0.16242,3.353,3.4186699999999997,3.5918099999999997,3.70625,3.6606
2013-07-12,3.45,3.404,3.478,3.394,37116.0,002083,-0.013330000000000002,0.00295,-0.01618,-0.0395,-0.09202,-0.16793,3.355,3.4160000000000004,3.58955,3.70345,3.6578
2013-07-15,3.385,3.469,3.469,3.385,43554.0,002083,0.0191,0.059879999999999996,-0.01055,-0.02611,-0.10362,-0.13058,3.3942,3.41424,3.58805,3.70019,3.6556900000000003
2013-07-16,3.497,3.497,3.534,3.46,59546.0,002083,0.00807,0.06551,-0.028610000000000003,-0.01047,-0.09848,-0.14331,3.4372,3.40933,3.58745,3.69708,3.65331
2013-07-17,3.488,3.404,3.488,3.404,45598.0,002083,-0.02659,0.011290000000000001,-0.054439999999999995,-0.03185,-0.12673,-0.12673,3.4448,3.4,3.58565,3.6930699999999996,3.6513
2013-07-18,3.404,3.3480000000000003,3.4130000000000003,3.329,34345.0,002083,-0.01645,-0.02957,-0.06271,-0.0577,-0.1411,-0.14917,3.4244,3.38933,3.5823400000000003,3.68859,3.64891
2013-07-19,3.3480000000000003,3.301,3.394,3.301,30499.0,002083,-0.01404,-0.030260000000000002,-0.04319,-0.07327,-0.18433,-0.16705,3.4038,3.3822400000000004,3.5781300000000003,3.6825300000000003,3.6462199999999996
2013-07-22,3.301,3.301,3.338,3.273,38389.0,002083,0.0,-0.04843,-0.04319,-0.07092999999999999,-0.14703,-0.17865,3.3702,3.37514,3.57406,3.6779,3.6433
2013-07-23,3.301,3.385,3.394,3.292,41596.0,002083,0.02545,-0.03203,0.03138,-0.03972,-0.1378,-0.15375,3.3478,3.38005,3.5718099999999997,3.6735,3.6408
2013-07-24,3.366,3.45,3.478,3.3480000000000003,68938.0,002083,0.0192,0.01351,0.03916,-0.03658,-0.1375,-0.08657999999999999,3.3569999999999998,3.3862400000000004,3.56969,3.6690300000000002,3.6394800000000003
2013-07-25,3.432,3.3760000000000003,3.45,3.366,36238.0,002083,-0.02145,0.00836,0.00297,-0.05961,-0.1658,-0.11275,3.3626,3.38671,3.56624,3.6635800000000005,3.6377300000000004
2013-07-26,3.366,3.357,3.385,3.32,23768.0,002083,-0.00563,0.01696,-0.0109,-0.045219999999999996,-0.14905,-0.12418,3.3738,3.38495,3.56368,3.6588,3.6358
2013-07-29,3.4410000000000003,3.4130000000000003,3.497,3.394,91597.0,002083,0.01668,0.03393,0.0056,-0.04183,-0.14095,-0.11809000000000001,3.3962,3.3858599999999996,3.5612699999999995,3.65424,3.63394
2013-07-30,3.394,3.45,3.506,3.329,65904.0,002083,0.01084,0.0192,0.02496,-0.03658,-0.12747,-0.10645,3.4092,3.3898599999999997,3.55916,3.65015,3.6322699999999997
2013-07-31,3.45,3.422,3.469,3.394,40451.0,002083,-0.00812,-0.00812,0.01936,-0.05181,-0.11780999999999998,-0.09829,3.4036,3.39295,3.55615,3.6464300000000005,3.63075
2013-08-01,3.4410000000000003,3.506,3.506,3.422,80190.0,002083,0.02455,0.03851,0.01067,-0.0384,-0.08745,-0.09406,3.4296,3.39471,3.55389,3.6437,3.6292699999999996
2013-08-02,3.506,3.488,3.534,3.469,41131.0,002083,-0.00513,0.03902,0.01366,-0.04829,-0.07406,-0.07871,3.4558,3.39695,3.5510300000000004,3.64143,3.62806
2013-08-05,3.488,3.516,3.525,3.46,49415.0,002083,0.008029999999999999,0.030180000000000002,0.03595,-0.043,-0.0691,-0.06663,3.4764,3.40276,3.54848,3.63931,3.62704
2013-08-06,3.534,3.553,3.6,3.506,107215.0,002083,0.01052,0.02986,0.08555,-0.025509999999999998,-0.07522000000000001,-0.05931,3.497,3.4161,3.5469800000000005,3.6369599999999997,3.6261300000000003
2013-08-07,3.544,3.525,3.6,3.497,98768.0,002083,-0.00788,0.0301,0.07404,-0.03319,-0.08035,-0.03557,3.5176,3.4276699999999996,3.54503,3.63446,3.6256
2013-08-08,3.506,3.516,3.553,3.497,48722.0,002083,-0.00255,0.00285,0.04456,-0.028189999999999996,-0.08699,-0.01568,3.5196,3.4348099999999997,3.54339,3.63173,3.6253699999999998
2013-08-09,3.525,3.534,3.572,3.488,51768.0,002083,0.00512,0.01319,0.02435,-0.03311,-0.06877,-0.025639999999999996,3.5288,3.4388099999999997,3.54144,3.62961,3.625
2013-08-12,3.544,3.5810000000000004,3.59,3.534,80450.0,002083,0.0133,0.01849,0.052000000000000005,-0.02769,-0.07011,-0.00528,3.5418,3.4472400000000003,3.53979,3.62741,3.62492
2013-08-13,3.5810000000000004,3.6,3.618,3.562,61364.0,002083,0.0053100000000000005,0.01323,0.03776,-0.02014,-0.06299,-0.029910000000000003,3.5512,3.4534800000000003,3.5386,3.62545,3.6244699999999996
2013-08-14,3.6,3.544,3.609,3.534,70607.0,002083,-0.01556,0.00539,0.01344,-0.03538,-0.0754,-0.05695,3.555,3.45571,3.5365,3.6231,3.6236
2013-08-15,3.544,3.525,3.562,3.525,40459.0,002083,-0.00536,0.00256,0.03555,-0.05267,-0.07577,-0.07359,3.5568,3.4614800000000003,3.53334,3.62075,3.62246
2013-08-16,3.516,3.497,3.609,3.488,73251.0,002083,-0.007940000000000001,-0.01047,0.0445,-0.07168,-0.08095,-0.07633,3.5494,3.4685699999999997,3.5289800000000002,3.61824,3.6212800000000005
2013-08-19,3.478,3.534,3.544,3.46,35417.0,002083,0.010579999999999999,-0.01312,0.07057999999999999,-0.07341,-0.08017,-0.07801,3.54,3.4796699999999996,3.5244699999999995,3.61574,3.6200699999999997
2013-08-20,3.525,3.516,3.553,3.497,36640.0,002083,-0.00509,-0.02333,0.06513,-0.0827,-0.10008,-0.08699,3.5232,3.4899,3.51935,3.6125599999999998,3.6187099999999996
2013-08-21,3.506,3.525,3.534,3.478,28771.0,002083,0.00256,-0.00536,0.04136,-0.08915,-0.10214,-0.05012,3.5194,3.4965699999999997,3.51379,3.6093,3.61795
2013-08-22,3.516,3.572,3.59,3.506,61553.0,002083,0.013330000000000002,0.013330000000000002,0.03536,-0.054279999999999995,-0.09866,-0.04721,3.5288,3.5023800000000005,3.5104800000000003,3.6061199999999998,3.61723
2013-08-23,3.572,3.544,3.5810000000000004,3.469,54824.0,002083,-0.00784,0.01344,0.049760000000000006,-0.07756,-0.0821,-0.04268,3.5382,3.5103800000000005,3.5056800000000004,3.60354,3.61659
2013-08-26,3.544,3.6,3.609,3.525,73059.0,002083,0.0158,0.018680000000000002,0.07239,-0.07858,-0.06518,-0.02014,3.5514,3.52195,3.5007300000000003,3.6015,3.6162900000000002
2013-08-27,3.609,3.646,3.674,3.6,96039.0,002083,0.01278,0.036969999999999996,0.06827000000000001,-0.0668,-0.0668,-0.02016,3.5774,3.53305,3.49652,3.5993800000000005,3.6159800000000004
2013-08-28,3.627,3.6,3.637,3.572,68053.0,002083,-0.012620000000000001,0.02128,0.04348,-0.07645,-0.08093,-0.017740000000000002,3.5924,3.54019,3.49171,3.5968,3.6157199999999996
2013-08-29,3.6,3.637,3.655,3.572,62399.0,002083,0.01028,0.0182,0.06283,-0.06239,-0.06911,-0.01994,3.6054,3.5504300000000004,3.4878099999999996,3.59461,3.61542
2013-08-30,3.646,3.6,3.683,3.59,69376.0,002083,-0.01017,0.0158,0.026810000000000004,-0.05832999999999999,-0.11850999999999999,-0.02755,3.6166,3.5549,3.48421,3.59067,3.615
2013-09-02,3.6,3.646,3.646,3.572,58353.0,002083,0.01278,0.01278,0.0453,-0.04179,-0.10528,-0.02487,3.6258,3.5624300000000004,3.48165,3.58719,3.6146300000000005
2013-09-03,3.637,3.674,3.711,3.627,85023.0,002083,0.007679999999999999,0.007679999999999999,0.04494,-0.02727,-0.06419,0.01296,3.6314,3.56995,3.4799800000000003,3.58514,3.61482
2013-09-04,3.665,3.683,3.683,3.637,68195.0,002083,0.00245,0.02306,0.03659,-0.010209999999999999,-0.07065,0.05591,3.648,3.57614,3.47937,3.5828599999999997,3.6156099999999998
2013-09-05,3.683,3.739,3.87,3.655,179341.0,002083,0.0152,0.02805,0.06071,0.03344,-0.07816000000000001,0.06342,3.6684,3.5863300000000002,3.4813199999999997,3.58028,3.6165199999999995
2013-09-06,3.711,3.702,3.721,3.665,92807.0,002083,-0.0099,0.02833,0.0529,0.03639,-0.06821,0.0644,3.6888,3.59519,3.4834199999999997,3.5780800000000004,3.61743
2013-09-09,3.702,3.721,3.739,3.683,76582.0,002083,0.00513,0.020569999999999998,0.052910000000000006,0.07543,-0.05438,0.09635,3.7038,3.6041,3.4876300000000002,3.57634,3.61876
2013-09-10,3.721,3.73,3.749,3.693,74774.0,002083,0.00242,0.01524,0.04161,0.06389,-0.0521,0.08116,3.715,3.61119,3.4912400000000003,3.57467,3.6198900000000003
2013-09-11,3.749,3.786,3.805,3.702,108885.0,002083,0.015009999999999999,0.02797,0.05167000000000001,0.05167000000000001,0.015009999999999999,0.08856,3.7356,3.62005,3.49424,3.57513,3.62115
2013-09-12,3.767,3.777,3.805,3.73,76850.0,002083,-0.00238,0.010159999999999999,0.06573999999999999,0.04917,0.02275,0.09477999999999999,3.7432,3.6311400000000003,3.4971,3.5758099999999997,3.6224800000000004
2013-09-13,3.777,3.73,3.777,3.721,59463.0,002083,-0.012440000000000001,0.007559999999999999,0.05816,0.04423,0.007559999999999999,0.07803,3.7488,3.6409,3.49965,3.5760400000000003,3.6235699999999995
2013-09-16,3.73,3.693,3.739,3.683,57136.0,002083,-0.00992,-0.007520000000000001,0.05605,0.07042999999999999,0.0,0.05334,3.7432,3.65024,3.50356,3.5760400000000003,3.6243300000000005
2013-09-17,3.683,3.655,3.702,3.646,55571.0,002083,-0.01029,-0.02011,0.03424,0.05942000000000001,0.020659999999999998,-0.0027300000000000002,3.7282,3.656,3.5068699999999997,3.5766400000000003,3.6242900000000002
2013-09-18,3.646,3.665,3.683,3.637,34060.0,002083,0.00274,-0.03196,0.04238,0.1167,0.015519999999999999,-0.00489,3.7039999999999997,3.6631,3.51305,3.5771,3.6242199999999998
2013-09-23,3.674,3.758,3.767,3.665,84185.0,002083,0.02538,-0.00503,0.0661,0.13193,0.015130000000000001,0.015130000000000001,3.7002,3.6741900000000003,3.52011,3.57755,3.62445
2013-09-24,3.749,3.711,3.767,3.683,54430.0,002083,-0.01251,-0.00509,0.03891,0.1025,0.00243,0.0,3.6964,3.6808099999999997,3.5256800000000004,3.57763,3.62445
2013-09-25,3.702,3.73,3.786,3.702,86782.0,002083,0.00512,0.010020000000000001,0.05248,0.099,0.010020000000000001,0.017740000000000002,3.7038,3.6896699999999996,3.5311,3.5779300000000003,3.62471
2013-09-26,3.73,3.618,3.749,3.6,66659.0,002083,-0.03003,-0.01012,0.005,0.066,-0.020309999999999998,-0.007679999999999999,3.6964,3.69052,3.53471,3.57732,3.6246
2013-09-27,3.618,3.637,3.665,3.609,41350.0,002083,0.00525,-0.007640000000000001,-0.00247,0.08051,-0.02257,0.04843,3.6908,3.6901,3.5390800000000002,3.57663,3.6252800000000005
2013-09-30,3.655,3.665,3.674,3.637,29376.0,002083,0.0077,-0.02475,0.01806,0.09175,-0.00489,0.04804,3.6722,3.69319,3.54405,3.57649,3.62596
2013-10-08,3.665,3.711,3.711,3.618,47964.0,002083,0.01255,0.0,0.02035,0.06976,0.04712,0.05847,3.6722,3.69671,3.54795,3.57785,3.6268
2013-10-09,3.693,3.749,3.767,3.683,74401.0,002083,0.01024,0.00509,0.041389999999999996,0.08951,0.06084,0.11049,3.676,3.70381,3.55292,3.57959,3.62831
2013-10-10,3.73,3.721,3.749,3.702,52894.0,002083,-0.00747,0.02847,0.020569999999999998,0.09635,0.04994,0.09926,3.6966,3.70738,3.55819,3.58103,3.6296800000000005
2013-10-11,3.749,3.767,3.786,3.73,79062.0,002083,0.01236,0.03574,0.02531,0.15093,0.06865,0.1099,3.7226,3.71181,3.56616,3.583,3.6312
2013-10-14,3.777,3.823,3.851,3.758,128287.0,002083,0.01487,0.04311,0.03801,0.16484000000000001,0.09604,0.13577,3.7542,3.7184800000000005,3.5748900000000003,3.58572,3.63305
2013-10-15,3.823,3.814,3.833,3.777,67082.0,002083,-0.00235,0.027760000000000003,0.020059999999999998,0.1331,0.08199,0.17535,3.7748,3.72205,3.5821099999999997,3.5880699999999996,3.6353699999999995
2013-10-16,3.795,3.73,3.795,3.721,69780.0,002083,-0.022019999999999998,-0.00507,0.007559999999999999,0.08116,0.05248,0.12996,3.7710000000000004,3.72338,3.5866300000000004,3.5895900000000003,3.63711
2013-10-17,3.749,3.795,3.851,3.739,93186.0,002083,0.01743,0.01989,0.01989,0.11485999999999999,0.06541,0.12745,3.7858,3.7269,3.59294,3.5914800000000002,3.63885
2013-10-18,3.786,3.814,3.833,3.758,57228.0,002083,0.0050100000000000006,0.01248,0.02252,0.09945,0.07923,0.1331,3.7952,3.7309,3.5985,3.59376,3.6406699999999996
2013-10-21,3.814,3.87,3.898,3.777,119792.0,002083,0.01468,0.01229,0.02219,0.10665999999999999,0.10067999999999999,0.12467,3.8046,3.7349,3.6045199999999995,3.59663,3.6424199999999995
2013-10-22,3.87,3.842,3.963,3.842,177080.0,002083,-0.007240000000000001,0.00734,0.01721,0.12867,0.08134,0.08993,3.8102,3.738,3.6115800000000005,3.5989800000000005,3.64371
2013-10-23,3.851,3.749,3.879,3.739,112309.0,002083,-0.02421,0.00509,0.00509,0.11977,0.0525,0.07792,3.8139999999999996,3.7389,3.61805,3.6005,3.6448099999999997
2013-10-24,3.739,3.739,3.786,3.73,53649.0,002083,-0.00267,-0.014759999999999999,0.012459999999999999,0.13269,0.05235,0.0692,3.8028,3.7411,3.62511,3.6020199999999996,3.6457900000000003
2013-10-25,3.758,3.674,3.767,3.665,62424.0,002083,-0.01738,-0.03671,0.0052,0.113,0.04227,0.07647000000000001,3.7748,3.742,3.63113,3.6032300000000004,3.64685
2013-10-28,3.674,3.693,3.711,3.655,38975.0,002083,0.00517,-0.045739999999999996,0.007640000000000001,0.09099,0.03128,0.0849,3.7394,3.7433300000000003,3.6361,3.60414,3.6480300000000003
2013-10-29,3.702,3.6,3.711,3.525,95137.0,002083,-0.02518,-0.06299,-0.04204,0.04348,0.00279,0.00279,3.6910000000000003,3.73581,3.6385199999999998,3.6042199999999998,3.6480699999999997
2013-10-30,3.609,3.637,3.646,3.5810000000000004,40085.0,002083,0.01028,-0.029869999999999997,-0.01994,0.07731,0.03441,-0.00492,3.6686,3.7322900000000003,3.6427300000000002,3.6052,3.648
2013-10-31,3.637,3.618,3.637,3.609,31283.0,002083,-0.005220000000000001,-0.03236,-0.03003,0.07775,0.015719999999999998,0.005,3.6444,3.72695,3.6469400000000003,3.60566,3.6480699999999997
2013-11-01,3.627,3.655,3.683,3.618,31234.0,002083,0.01023,-0.00517,0.01023,0.07091,0.020659999999999998,-0.015090000000000001,3.6406,3.72871,3.65084,3.60626,3.64784
2013-11-04,3.655,3.646,3.674,3.627,30742.0,002083,-0.00246,-0.01273,0.00247,0.05681,0.01025,-0.00246,3.6312,3.72914,3.654,3.60656,3.6478
2013-11-05,3.655,3.665,3.674,3.5810000000000004,39289.0,002083,0.00521,0.01806,0.0,0.07101,0.00521,0.01048,3.6442,3.72914,3.65792,3.6067199999999997,3.64796
2013-11-06,3.655,3.618,3.674,3.609,42237.0,002083,-0.012819999999999998,-0.005220000000000001,-0.02506,0.03195,-0.012819999999999998,0.00249,3.6404,3.72471,3.65973,3.6063300000000003,3.648
2013-11-07,3.618,3.572,3.618,3.562,31249.0,002083,-0.012709999999999999,-0.012709999999999999,-0.04721,0.02408,-0.027760000000000003,0.03536,3.6312,3.7162900000000003,3.66108,3.6055,3.6484900000000002
2013-11-08,3.572,3.544,3.59,3.506,42284.0,002083,-0.00784,-0.030369999999999998,-0.04757,0.00796,-0.02798,0.02725,3.609,3.7078599999999997,3.6615300000000004,3.6046699999999996,3.6488699999999996
2013-11-11,3.534,3.59,3.618,3.516,27068.0,002083,0.012980000000000002,-0.015359999999999999,-0.04699,0.010409999999999999,-0.015359999999999999,0.05464,3.5978,3.6994300000000004,3.6621300000000003,3.6042199999999998,3.64963
2013-11-12,3.59,3.6,3.618,3.572,18754.0,002083,0.00279,-0.017740000000000002,-0.05832999999999999,0.02128,-0.00498,0.04895,3.5848,3.6888099999999997,3.6633400000000003,3.6040699999999997,3.6503099999999997
2013-11-13,3.59,3.544,3.6,3.534,25458.0,002083,-0.01556,-0.02045,-0.07078999999999999,0.00796,-0.030369999999999998,0.00796,3.57,3.67595,3.66379,3.6031699999999995,3.6504300000000005
2013-11-14,3.553,3.525,3.553,3.497,30753.0,002083,-0.00536,-0.01316,-0.05496,-0.00255,-0.0429,-0.00536,3.5606,3.6661900000000003,3.66365,3.60189,3.65035
2013-11-15,3.525,3.5810000000000004,3.6,3.525,38950.0,002083,0.01589,0.010440000000000001,-0.056389999999999996,0.0,-0.02531,0.010440000000000001,3.568,3.656,3.66365,3.6011300000000004,3.6505
2013-11-18,3.5810000000000004,3.655,3.665,3.5810000000000004,72888.0,002083,0.020659999999999998,0.01811,-0.04169,0.015280000000000002,-0.00517,0.02611,3.5810000000000004,3.6484300000000003,3.6645300000000005,3.6009800000000003,3.6508800000000003
2013-11-19,3.655,3.665,3.702,3.637,59902.0,002083,0.00274,0.01806,-0.05297,0.03414,-0.01505,0.01048,3.594,3.63867,3.6664800000000004,3.6005199999999995,3.6510300000000004
2013-11-20,3.655,3.711,3.73,3.655,48966.0,002083,0.01255,0.04712,-0.0341,0.052770000000000004,-0.01487,0.07847,3.6274,3.6324300000000003,3.66948,3.6000699999999997,3.65213
2013-11-21,3.702,3.73,3.73,3.655,61183.0,002083,0.00512,0.05816,-0.00507,0.06663,-0.022019999999999998,0.08399,3.6684,3.6315199999999996,3.6732400000000003,3.5993800000000005,3.6533
2013-11-22,3.73,3.693,3.739,3.683,40912.0,002083,-0.00992,0.03128,-0.0123,0.044989999999999995,-0.03652,0.05877,3.6908,3.6293300000000004,3.67581,3.59824,3.65414
2013-11-25,3.693,3.777,3.795,3.683,83431.0,002083,0.02275,0.03338,0.028030000000000003,0.07422999999999999,-0.024030000000000003,0.1221,3.7152,3.63424,3.68002,3.59749,3.65581
2013-11-26,3.777,3.758,3.786,3.739,28207.0,002083,-0.00503,0.02538,0.0176,0.0661,-0.00503,0.11019000000000001,3.7338,3.6373300000000004,3.6837699999999995,3.5973300000000004,3.6573300000000004
2013-11-27,3.739,3.777,3.786,3.711,61563.0,002083,0.00506,0.01778,0.04917,0.05739,-0.016919999999999998,0.1442,3.747,3.6457599999999997,3.6870800000000004,3.5968,3.6592599999999997
2013-11-28,3.777,3.758,3.814,3.749,62716.0,002083,-0.00503,0.007509999999999999,0.03327,0.060379999999999996,-0.03814,0.13193,3.7526,3.6515199999999997,3.6905300000000003,3.59559,3.6610400000000003
2013-11-29,3.749,3.739,3.767,3.702,50435.0,002083,-0.00506,0.012459999999999999,0.03344,0.038610000000000005,-0.043,0.11379,3.7618,3.65729,3.69277,3.5942300000000005,3.6625900000000002
2013-12-02,3.693,3.5810000000000004,3.693,3.553,82221.0,002083,-0.04226,-0.05189,-0.02025,-0.017830000000000002,-0.08132,0.08482,3.7226,3.6537599999999997,3.69173,3.59165,3.66373
2013-12-03,3.5810000000000004,3.637,3.646,3.562,36636.0,002083,0.01564,-0.0322,-0.00247,0.01028,-0.06239,0.08341,3.6984,3.6533300000000004,3.6923199999999996,3.5896800000000004,3.6648699999999996
2013-12-04,3.627,3.702,3.721,3.618,55638.0,002083,0.01787,-0.01986,0.0101,0.01787,-0.03165,0.11843,3.6834,3.6551,3.69337,3.5887,3.66646
2013-12-05,3.702,3.693,3.73,3.683,52147.0,002083,-0.00243,-0.0173,0.020730000000000002,0.025830000000000002,-0.02943,0.09715,3.6704,3.65867,3.69487,3.58779,3.66779
2013-12-06,3.693,3.758,3.777,3.693,70037.0,002083,0.0176,0.0050799999999999994,0.052070000000000005,0.030719999999999997,-0.00503,0.13535,3.6742,3.6675199999999997,3.69668,3.5876300000000003,3.66961
2013-12-09,3.758,3.767,3.795,3.739,54819.0,002083,0.0023899999999999998,0.05194,0.06292,0.02531,0.01236,0.20583,3.7114,3.67814,3.6981800000000002,3.5880099999999997,3.6722300000000003
2013-12-10,3.767,3.758,3.777,3.739,41657.0,002083,-0.0023899999999999998,0.03327,0.0468,0.02036,0.0387,0.16455,3.7356,3.68614,3.69939,3.58915,3.6743900000000003
2013-12-11,3.758,3.786,3.814,3.739,113429.0,002083,0.00745,0.022690000000000002,0.05167000000000001,0.01257,0.059910000000000005,0.06558,3.7524,3.695,3.70015,3.5908900000000004,3.67533
2013-12-12,3.786,3.842,3.889,3.777,165932.0,002083,0.014790000000000001,0.04035,0.08409,0.03782,0.1104,0.08134,3.7822,3.70919,3.7024,3.5939900000000002,3.67651
2013-12-13,3.833,3.795,3.851,3.767,79651.0,002083,-0.01223,0.00985,0.0766,0.01989,0.08242999999999999,0.06541,3.7896,3.72205,3.7036,3.59634,3.67746
2013-12-16,3.795,3.73,3.833,3.721,61217.0,002083,-0.017130000000000003,-0.00982,0.04161,0.0,0.03611,0.03096,3.7822,3.72914,3.7036,3.5974,3.67791
2013-12-17,3.73,3.777,3.805,3.711,54377.0,002083,0.0126,0.00506,0.03338,-0.00238,0.04917,0.028030000000000003,3.786,3.73495,3.70345,3.59884,3.6783300000000003
2013-12-18,3.777,3.851,3.861,3.767,81159.0,002083,0.01959,0.017169999999999998,0.05075,0.01959,0.07811,0.08113,3.799,3.74381,3.70465,3.60111,3.6795
2013-12-19,3.851,3.777,3.907,3.767,100129.0,002083,-0.019219999999999998,-0.016919999999999998,0.01778,0.0126,0.09477999999999999,-0.00474,3.786,3.74695,3.7054,3.60376,3.6794300000000004
2013-12-20,3.758,3.898,3.898,3.73,158399.0,002083,0.03204,0.027139999999999997,0.04504,0.055510000000000004,0.12986,0.03478,3.8066,3.75495,3.70871,3.60741,3.67996
2013-12-23,3.889,3.917,4.056,3.861,262500.0,002083,0.00487,0.05013,0.060660000000000006,0.07168,0.19347999999999999,0.05807999999999999,3.844,3.7656199999999997,3.71294,3.61257,3.6808400000000003
2013-12-24,3.907,3.898,3.963,3.861,116034.0,002083,-0.00485,0.03204,0.03204,0.06357,0.1741,0.027139999999999997,3.8682,3.77138,3.7166900000000003,3.6172699999999995,3.68126
2013-12-25,3.889,3.898,3.954,3.833,103117.0,002083,0.0,0.0122,0.03725,0.03725,0.15805,0.06097,3.8776,3.77805,3.71895,3.6215900000000003,3.6821699999999997
2013-12-26,3.879,3.963,4.056,3.879,258416.0,002083,0.01668,0.04925,0.04925,0.06791,0.16765,0.04152,3.9148,3.7869,3.7230199999999996,3.6262199999999996,3.68281
2013-12-27,3.945,4.056,4.0939999999999985,3.926,184977.0,002083,0.023469999999999998,0.040530000000000004,0.0793,0.0874,0.19505,0.03549,3.9464,3.8011,3.7282699999999998,3.6316,3.6833699999999996
2013-12-30,4.084,4.019,4.103,3.973,145406.0,002083,-0.00912,0.026039999999999997,0.07489,0.11083,0.19399999999999998,0.05127,3.9668,3.81443,3.73474,3.63691,3.6841699999999995
2013-12-31,4.01,3.982,4.038,3.935,99107.0,002083,-0.00921,0.02155,0.11198,0.09486,0.18617999999999998,0.054279999999999995,3.9836,3.8335199999999996,3.74031,3.6419900000000003,3.685
2014-01-02,3.982,4.066,4.084,3.945,134922.0,002083,0.02109,0.0431,0.11795,0.10941,0.1721,0.07141,4.0172,3.85395,3.7467699999999997,3.64685,3.6861099999999998
2014-01-03,4.066,3.907,4.084,3.898,165649.0,002083,-0.0391,-0.014130000000000002,0.05538,0.052820000000000006,0.13543,0.05538,4.006,3.8637099999999998,3.74994,3.6506300000000005,3.6869400000000003
2014-01-06,3.898,3.786,3.907,3.767,129294.0,002083,-0.030969999999999998,-0.06657,0.02518,0.00987,0.1155,0.02021,3.952,3.8681400000000004,3.7505300000000004,3.6538199999999996,3.68724
2014-01-07,3.777,3.814,3.833,3.749,68312.0,002083,0.0074,-0.05101,0.0149,0.024990000000000002,0.16529000000000002,0.0098,3.911,3.8708099999999996,3.7520300000000004,3.6582199999999996,3.68739
2014-01-08,3.795,3.739,3.842,3.721,91877.0,002083,-0.01966,-0.061020000000000005,-0.00743,-0.00743,0.13924,-0.03609,3.8624,3.8694800000000003,3.75158,3.6619300000000004,3.6868300000000005
2014-01-09,3.721,3.73,3.786,3.711,64854.0,002083,-0.0024100000000000002,-0.08263999999999999,-0.00745,-0.02433,0.10814000000000001,-0.00507,3.7952,3.8681400000000004,3.75008,3.66489,3.68675
2014-01-10,3.711,3.777,3.805,3.665,83303.0,002083,0.0126,-0.03327,-0.00238,-0.0097,0.09477999999999999,0.010159999999999999,3.7692,3.8677099999999998,3.74948,3.66755,3.6869
2014-01-13,3.795,3.721,3.805,3.721,45805.0,002083,-0.014830000000000001,-0.017169999999999998,-0.03149,-0.0024100000000000002,0.09312999999999999,-0.00747,3.7562,3.86195,3.74934,3.6701300000000003,3.6867900000000002
2014-01-14,3.73,3.795,3.795,3.674,58346.0,002083,0.01989,-0.00498,0.0,0.0,0.09398,-0.01938,3.7524,3.86195,3.74934,3.6727800000000004,3.6864800000000004
2014-01-15,3.786,3.814,3.814,3.73,71387.0,002083,0.0050100000000000006,0.020059999999999998,0.02252,0.0,0.09065,-0.01676,3.7674,3.86595,3.74934,3.67536,3.6862199999999996
2014-01-16,3.795,3.805,3.851,3.786,50241.0,002083,-0.00236,0.02011,0.007409999999999999,-0.0168,0.1178,-0.02386,3.7824,3.86729,3.7482900000000003,3.6786199999999996,3.6858400000000002
2014-01-17,3.777,3.749,3.795,3.749,40484.0,002083,-0.014719999999999999,-0.007409999999999999,-0.026489999999999996,-0.02421,0.11977,-0.03822,3.7768,3.8624300000000003,3.7467900000000003,3.6818800000000005,3.6852400000000003
2014-01-20,3.73,3.833,3.833,3.721,49915.0,002083,0.02241,0.0301,0.014830000000000001,0.02241,0.16116,-0.052879999999999996,3.7992,3.8651,3.74815,3.6862,3.68437
2014-01-21,3.823,3.833,3.87,3.795,59972.0,002083,0.0,0.01001,-0.01668,0.02514,0.16116,-0.009559999999999999,3.8068,3.862,3.74966,3.6905300000000003,3.68422
2014-01-22,3.842,3.87,3.889,3.814,92013.0,002083,0.00965,0.01468,-0.012,0.05335,0.14328,-0.01426,3.818,3.8597599999999996,3.75282,3.69447,3.68399
2014-01-23,3.87,3.889,3.926,3.861,82179.0,002083,0.00491,0.022080000000000002,-0.00231,0.053070000000000006,0.12725,-0.02775,3.8348,3.8593300000000004,3.75598,3.69804,3.6835400000000003
2014-01-24,3.879,3.879,3.926,3.87,74093.0,002083,-0.00257,0.03468,-0.00487,0.0775,0.14899,-0.041510000000000005,3.8608,3.8584300000000002,3.7604800000000003,3.7021300000000004,3.68285
2014-01-27,3.879,3.823,3.879,3.814,73101.0,002083,-0.01444,-0.0026100000000000003,-0.03533,0.05114,0.13881,-0.030930000000000003,3.8588,3.85176,3.7634800000000004,3.70592,3.6823599999999996
2014-01-28,3.833,3.833,3.861,3.814,46283.0,002083,0.00262,0.0,-0.054979999999999994,0.05943,0.12305999999999999,-0.03524,3.8588,3.84114,3.76695,3.7093300000000005,3.6817900000000003
2014-01-29,3.833,3.889,3.898,3.823,67094.0,002083,0.01461,0.00491,-0.03235,0.06402000000000001,0.12725,-0.01644,3.8626,3.83495,3.7707300000000004,3.7129,3.68152
2014-01-30,3.889,3.879,3.917,3.861,56265.0,002083,-0.00257,-0.00257,-0.025869999999999997,0.06391000000000001,0.13355,0.0,3.8606,3.83005,3.7744800000000005,3.71662,3.68152
2014-02-07,3.87,3.917,3.917,3.823,58416.0,002083,0.0098,0.0098,-0.03665,0.06876,0.11723,0.01952,3.8682,3.82295,3.77855,3.71996,3.68183
2014-02-10,3.917,3.982,3.982,3.907,123425.0,002083,0.01659,0.041589999999999995,0.0192,0.10061,0.14163,0.05707,3.9,3.82652,3.78442,3.7239800000000005,3.6827
2014-02-11,3.973,4.01,4.0280000000000005,3.935,109453.0,002083,0.00703,0.04618,0.05917000000000001,0.12262,0.1405,0.061689999999999995,3.9354,3.83719,3.7914800000000004,3.72799,3.68365
2014-02-12,4.0,4.0,4.019,3.945,109751.0,002083,-0.00249,0.02854,0.04877,0.12867,0.12580999999999998,0.04112,3.9576,3.84605,3.79884,3.7316300000000004,3.6842900000000003
2014-02-13,3.991,3.926,4.019,3.898,112866.0,002083,-0.0185,0.01212,0.05001,0.09358999999999999,0.11375999999999999,0.02426,3.967,3.85495,3.8042599999999998,3.73489,3.6846699999999997
2014-02-14,3.917,4.3180000000000005,4.3180000000000005,3.907,221314.0,002083,0.09985,0.10237,0.15764,0.19944,0.2281,0.12127,4.0472,3.88295,3.81584,3.7414099999999997,3.6865699999999997
2014-02-17,4.551,4.523,4.7,4.439,693993.0,002083,0.04748,0.13585999999999998,0.19751,0.27624,0.27985,0.19183,4.1554,3.91848,3.83163,3.74945,3.6895300000000004
2014-02-18,4.504,4.793,4.886,4.476,562477.0,002083,0.05969,0.19526,0.28809,0.35972,0.33845,0.24461,4.312,3.9695199999999997,3.8520800000000004,3.7593,3.6933599999999998
2014-02-19,4.737,4.728,4.802,4.672,305795.0,002083,-0.01356,0.182,0.24585,0.3203,0.31333,0.23060999999999998,4.4576,4.01395,3.8705800000000004,3.7684699999999998,3.69696
2014-02-20,4.7189999999999985,4.523,4.793,4.504,261292.0,002083,-0.04336,0.15206,0.18589,0.23748000000000002,0.27624,0.18002,4.577,4.0477099999999995,3.88458,3.7764300000000004,3.69976
2014-02-21,4.532,4.523,4.569,4.4289999999999985,163177.0,002083,0.0,0.04748,0.1887,0.23410999999999998,0.28312,0.18589,4.618,4.0819,3.8984199999999998,3.7845400000000002,3.70265
2014-02-24,4.532,4.672,4.691,4.485,213147.0,002083,0.03294,0.03294,0.2462,0.25895999999999997,0.336,0.22785999999999998,4.6478,4.125859999999999,3.9139199999999996,3.7941,3.7061699999999997
2014-02-25,4.644,4.327,4.7,4.206,279468.0,002083,-0.07384,-0.09723,0.12888,0.16005,0.22439,0.12624000000000002,4.5546,4.149380000000001,3.92355,3.8005400000000003,3.70814
2014-02-26,4.29,4.401,4.4110000000000005,4.206,170132.0,002083,0.0171,-0.06916,0.14819000000000002,0.19171,0.25171,0.12644,4.4892,4.17643,3.93497,3.8077400000000003,3.71015
2014-02-27,4.383,4.29,4.485,4.271,141375.0,002083,-0.02522,-0.05151,0.10853,0.13582,0.21702,0.09272000000000001,4.4426,4.19643,3.9432400000000003,3.81396,3.7116300000000004
2014-02-28,4.308,4.448,4.476,4.243,136352.0,002083,0.03683,-0.01658,0.14374,0.18361,0.24524,0.12237999999999999,4.4276,4.22305,3.9543699999999995,3.8210800000000003,3.7136
2014-03-03,4.448,4.485,4.504,4.383,131537.0,002083,0.008320000000000001,-0.04003,0.15623,0.18745,0.26552,0.16162,4.3902,4.2519,3.96579,3.82873,3.71614
2014-03-04,4.448,4.42,4.476,4.346,109476.0,002083,-0.014490000000000001,0.021490000000000002,0.15616,0.17615999999999998,0.22778,0.14775,4.4088,4.28033,3.9764699999999995,3.8354,3.71845
2014-03-05,4.467,4.513,4.6530000000000005,4.42,196154.0,002083,0.02104,0.02545,0.17740999999999998,0.20701,0.23779,0.15511,4.4312,4.31271,3.98895,3.84245,3.72091
2014-03-06,4.476,4.513,4.532,4.373,105059.0,002083,0.0,0.05198,0.16045,0.26026,0.25361,0.15216,4.4758,4.34243,4.00398,3.8498699999999997,3.7233400000000003
2014-03-07,4.523,4.467,4.625,4.439,124014.0,002083,-0.010190000000000001,0.00427,0.15159,0.22821,0.22821,0.14332999999999999,4.4796,4.370430000000001,4.01737,3.8566199999999995,3.7256099999999996
2014-03-10,4.448,4.224,4.448,4.215,131877.0,002083,-0.0544,-0.05819,0.07837999999999999,0.141,0.17332999999999998,0.03428,4.4274,4.38505,4.02579,3.8616900000000003,3.7261800000000003
2014-03-11,4.206,4.178,4.224,4.122,88967.0,002083,-0.01089,-0.05475,0.04922,0.13133,0.14590999999999998,0.02528,4.379,4.39438,4.0336099999999995,3.86602,3.7266
2014-03-12,4.159,4.215,4.243,4.112,70582.0,002083,0.00886,-0.06602999999999999,0.05112,0.12161,0.14725,0.07361000000000001,4.3194,4.40414,4.04098,3.8704099999999997,3.72778
2014-03-13,4.215,4.224,4.271,4.206,64037.0,002083,0.00214,-0.06404,0.055999999999999994,0.12132000000000001,0.14689000000000002,0.06586,4.2616,4.41481,4.04835,3.8748099999999996,3.72884
2014-03-14,4.1960000000000015,4.168,4.206,4.14,47654.0,002083,-0.01326,-0.06694,0.06164,0.1091,0.11474000000000001,0.027610000000000003,4.2018,4.42633,4.05497,3.8783,3.72929
2014-03-17,4.178,4.262,4.262,4.159,64173.0,002083,0.02255,0.009000000000000001,-0.012969999999999999,0.12573,0.15127000000000002,0.07274,4.2094,4.4236699999999995,4.06265,3.88285,3.7304699999999995
2014-03-18,4.28,4.243,4.29,4.224,60958.0,002083,-0.00446,0.01556,-0.06191,0.10437,0.14028,0.07827,4.2224,4.41033,4.06911,3.8871,3.7317199999999997
2014-03-19,4.234,4.243,4.243,4.168,57452.0,002083,0.0,0.006640000000000001,-0.11475,0.11805,0.13752999999999999,0.07827,4.228,4.38414,4.07634,3.8912699999999996,3.73297
2014-03-20,4.243,4.234,4.383,4.206,131130.0,002083,-0.00212,0.00237,-0.10447999999999999,0.13512000000000002,0.11832999999999999,0.13512000000000002,4.23,4.36062,4.08447,3.89491,3.7350199999999996
2014-03-21,4.206,4.327,4.346,4.131,99964.0,002083,0.02197,0.03815,-0.04333,0.14562,0.14562,0.17168,4.2618,4.3512900000000005,4.09334,3.8993800000000003,3.7376
2014-03-24,4.364,4.364,4.42,4.299,93121.0,002083,0.00855,0.02393,-0.03515,0.13321,0.16997,0.17882,4.2822,4.34371,4.10161,3.9045400000000003,3.7402900000000003
2014-03-25,4.355,4.373,4.448,4.336,75231.0,002083,0.00206,0.030639999999999997,-0.064,0.1578,0.18413,0.18413,4.3082,4.32948,4.11123,3.9100699999999997,3.74305
2014-03-26,4.383,4.401,4.448,4.364,65762.0,002083,0.0064,0.037239999999999995,0.0171,0.12904000000000002,0.2041,0.22899,4.3398,4.333,4.11934,3.9161300000000003,3.7463900000000003
2014-03-27,4.4110000000000005,4.346,4.4289999999999985,4.3180000000000005,76106.0,002083,-0.0125,0.02645,-0.0125,0.10952,0.18581,0.20421,4.3622,4.33038,4.12626,3.9216699999999998,3.7493800000000004
2014-03-28,4.336,4.234,4.364,4.206,77230.0,002083,-0.025769999999999998,-0.021490000000000002,-0.01305,0.0862,0.12666,0.14371,4.3436,4.32771,4.13168,3.9255400000000003,3.7515400000000003
2014-03-31,4.206,4.224,4.262,4.187,35758.0,002083,-0.00236,-0.032080000000000004,-0.05036,0.08363,0.13824,0.141,4.3156,4.31705,4.13694,3.92971,3.7536699999999996
2014-04-01,4.224,4.1960000000000015,4.262,4.168,55437.0,002083,-0.00663,-0.04048,-0.06444,0.058789999999999995,0.12493,0.1362,4.2802,4.3032900000000005,4.14069,3.9335,3.7557099999999997
2014-04-02,4.187,4.206,4.243,4.178,41120.0,002083,0.00238,-0.04431,-0.04842,0.03698,0.16252,0.13890999999999998,4.2412,4.2931,4.14311,3.9382800000000002,3.7578
2014-04-03,4.187,4.178,4.243,4.14,50472.0,002083,-0.006659999999999999,-0.03866,-0.07422999999999999,0.039560000000000005,0.14875,0.12282,4.2076,4.27714,4.1456800000000005,3.9426699999999997,3.75965
2014-04-04,4.159,4.224,4.243,4.14,42182.0,002083,0.011009999999999999,-0.00236,-0.06404,0.060770000000000005,0.15252000000000002,0.14689000000000002,4.2056,4.263380000000001,4.14958,3.9472199999999997,3.76185
2014-04-08,4.206,4.28,4.28,4.1960000000000015,60223.0,002083,0.01326,0.01326,-0.04186,0.052629999999999996,0.15333,0.20767,4.2168,4.25448,4.15303,3.95185,3.76485
2014-04-09,4.29,4.308,4.336,4.271,58599.0,002083,0.006540000000000001,0.02669,0.01989,0.10264000000000001,0.14911,0.21902,4.2392,4.2584800000000005,4.1595,3.9563900000000003,3.76799
2014-04-10,4.299,4.3180000000000005,4.364,4.29,57098.0,002083,0.00232,0.02663,0.033510000000000005,0.14052,0.16044,0.2184,4.2616,4.26514,4.168080000000001,3.96124,3.77114
2014-04-11,4.3180000000000005,4.262,4.3180000000000005,4.252,41367.0,002083,-0.012969999999999999,0.02011,0.01115,0.11746,0.1314,0.20908000000000002,4.2784,4.26738,4.17531,3.96527,3.7741300000000004
2014-04-14,4.252,4.401,4.42,4.243,92940.0,002083,0.03261,0.0419,0.0419,0.17705,0.15119000000000002,0.26175,4.3138,4.27581,4.185980000000001,3.9699699999999996,3.77785
2014-04-15,4.401,4.355,4.4110000000000005,4.346,47282.0,002083,-0.01045,0.017519999999999997,0.04487,0.16756,0.14185,0.23546,4.3288,4.28471,4.19606,3.9743699999999995,3.78122
2014-04-16,4.355,4.448,4.476,4.327,83167.0,002083,0.02135,0.0325,0.04364,0.17765,0.19249000000000002,0.25508000000000003,4.3568,4.29357,4.2068900000000005,3.9802,3.7848900000000003
2014-04-17,4.467,4.355,4.476,4.327,82347.0,002083,-0.020909999999999998,0.00857,0.0264,0.17038,0.14756,0.22263000000000002,4.3642,4.2989,4.21711,3.9847599999999996,3.7881199999999997
2014-04-18,4.346,4.373,4.392,4.308,50435.0,002083,0.00413,0.026039999999999997,0.030639999999999997,0.15231,0.14657,0.23740999999999998,4.3864,4.3051,4.22644,3.9893,3.7915300000000003
2014-04-21,4.346,4.159,4.364,4.159,67188.0,002083,-0.04894,-0.05499,-0.01771,0.09046,0.07468,0.18288,4.338,4.30152,4.232,3.99165,3.79414
2014-04-22,4.178,4.15,4.1960000000000015,4.084,69550.0,002083,-0.00216,-0.04707,-0.04091,0.09067,0.08017,0.16802999999999998,4.297,4.2931,4.23756,3.99415,3.7965699999999996
2014-04-23,4.15,4.14,4.187,4.112,35367.0,002083,-0.0024100000000000002,-0.06924,-0.051329999999999994,0.10429000000000001,0.10429000000000001,0.16227,4.2354,4.282430000000001,4.243869999999999,3.9973300000000003,3.79892
2014-04-24,4.131,4.038,4.131,4.038,50467.0,002083,-0.024640000000000002,-0.07279,-0.07661,0.05347999999999999,0.07997,0.1365,4.172,4.2664800000000005,4.24718,3.9997599999999998,3.8008900000000003
2014-04-25,4.038,3.963,4.056,3.963,56950.0,002083,-0.01857,-0.09376,-0.09952000000000001,0.03392,0.07866000000000001,0.12426,4.09,4.24562,4.24927,4.00211,3.8026699999999996
2014-04-28,3.945,3.87,3.954,3.814,48139.0,002083,-0.023469999999999998,-0.06949,-0.10953,0.0,0.04793,0.0807,4.0322,4.22295,4.24927,4.00355,3.80385
2014-04-29,3.851,3.917,3.926,3.842,32307.0,002083,0.01214,-0.056139999999999995,-0.07487,0.0072,0.08806,0.09109,3.9856,4.20786,4.2497300000000005,4.006130000000001,3.8051699999999995
2014-04-30,3.926,3.917,3.945,3.879,23970.0,002083,0.0,-0.053860000000000005,-0.07268,0.0098,0.07699,0.11405,3.9410000000000003,4.19324,4.2503400000000005,4.00841,3.8068
2014-05-05,3.945,4.019,4.047,3.889,35564.0,002083,0.026039999999999997,-0.00471,-0.04218,0.05127,0.11083,0.1283,3.9372,4.18481,4.2535,4.01167,3.8086599999999997
2014-05-06,4.01,3.973,4.019,3.945,35796.0,002083,-0.01145,0.00252,-0.0554,0.03652,0.087,0.10947,3.9392,4.17371,4.2557599999999995,4.01425,3.81026
2014-05-07,3.973,3.87,3.973,3.861,32621.0,002083,-0.02592,0.0,-0.07372000000000001,-0.00489,0.061439999999999995,0.07232000000000001,3.9392,4.15905,4.25545,4.01607,3.81132
2014-05-08,3.87,3.861,3.945,3.823,36310.0,002083,-0.00233,-0.0143,-0.08594,-0.00464,0.05347999999999999,0.05897,3.928,4.14176,4.25516,4.01767,3.81219
2014-05-09,3.861,3.889,3.907,3.833,23113.0,002083,0.00725,-0.00715,-0.09136,-0.00715,0.0749,0.06112000000000001,3.9224,4.12314,4.25471,4.01987,3.8131
2014-05-12,3.907,3.991,4.0,3.898,42767.0,002083,0.02623,-0.0069700000000000005,-0.07357999999999999,0.0022600000000000003,0.1173,0.08628,3.9168,4.10805,4.25485,4.023280000000001,3.81439
2014-05-13,4.01,3.973,4.01,3.945,30518.0,002083,-0.00451,0.0,-0.0799,-0.00923,0.12105,0.08968999999999999,3.9168,4.09162,4.2542599999999995,4.0267599999999995,3.81572
2014-05-14,3.973,3.991,4.0280000000000005,3.954,35759.0,002083,0.004529999999999999,0.03127,-0.06359,-0.00225,0.1117,0.09462000000000001,3.9410000000000003,4.07871,4.25411,4.0300199999999995,3.8171199999999996
2014-05-15,3.991,3.889,3.991,3.879,27993.0,002083,-0.02556,0.00725,-0.11634000000000001,-0.00942,0.08027999999999999,0.0749,3.9466,4.05433,4.25352,4.032369999999999,3.8182199999999997
2014-05-16,3.889,3.898,3.907,3.851,17487.0,002083,0.00231,0.00231,-0.10494,-0.09727000000000001,0.09988999999999999,0.06648,3.9484,4.03257,4.24674,4.03525,3.81921
2014-05-19,3.879,3.926,3.963,3.861,34175.0,002083,0.00718,-0.01629,-0.11735999999999999,-0.13199,0.11375999999999999,0.06598,3.9354,4.007709999999999,4.2371099999999995,4.03851,3.8202
2014-05-20,3.935,3.898,3.991,3.898,25357.0,002083,-0.00713,-0.01888,-0.10494,-0.18673,0.08852,0.06097,3.9204,3.98595,4.22268,4.0410900000000005,3.82111
2014-05-21,3.898,3.945,3.963,3.87,20117.0,002083,0.01206,-0.01153,-0.09787,-0.16560999999999998,0.07934,0.07376,3.9112,3.9655699999999996,4.21005,4.04345,3.8222099999999997
2014-05-22,3.954,3.945,3.991,3.935,29218.0,002083,0.0,0.0144,-0.05145,-0.12779000000000001,0.0764,0.0602,3.9224,3.9553800000000003,4.20073,4.045719999999999,3.82312
2014-05-23,3.945,3.973,3.973,3.917,19299.0,002083,0.0071,0.01924,-0.04265,-0.1216,0.0706,0.054689999999999996,3.9374,3.94695,4.19185,4.04785,3.82396
2014-05-26,3.973,3.982,3.991,3.954,26963.0,002083,0.00227,0.01426,-0.03816,-0.14769000000000002,0.06756000000000001,0.04405,3.9486,3.93943,4.1807300000000005,4.0499,3.82464
2014-05-27,3.982,3.954,4.019,3.945,30384.0,002083,-0.00703,0.014369999999999999,-0.0208,-0.0862,0.07067000000000001,0.03157,3.9598,3.93543,4.17471,4.05202,3.82513
2014-05-28,3.954,3.991,4.01,3.917,35277.0,002083,0.00936,0.01166,0.00707,-0.09316,0.05666,0.03127,3.969,3.93676,4.1681,4.05376,3.8256300000000003
2014-05-29,3.991,3.917,3.991,3.907,27053.0,002083,-0.01854,-0.0071,0.01214,-0.08695,0.04231,0.03707,3.9634,3.9389999999999996,4.1620800000000004,4.05506,3.8262
2014-05-30,3.917,3.926,3.945,3.87,26281.0,002083,0.0023,-0.01183,0.0023,-0.11735999999999999,0.03945,0.02186,3.9539999999999997,3.93943,4.1536599999999995,4.05627,3.82654
2014-06-03,3.926,3.907,3.954,3.907,25501.0,002083,-0.00484,-0.01883,-0.00255,-0.12887,0.03965,0.0,3.9389999999999996,3.93895,4.144340000000001,4.05748,3.82654
2014-06-04,3.889,3.823,3.917,3.805,49114.0,002083,-0.0215,-0.03313,-0.04877,-0.13507,0.02247,-0.0215,3.9128,3.92962,4.13471,4.05816,3.8262
2014-06-05,3.833,3.823,3.833,3.758,45147.0,002083,0.0,-0.042089999999999995,-0.03775,-0.15289,0.06758,-0.01924,3.8792,3.92248,4.1235800000000005,4.06013,3.8258900000000002
2014-06-06,3.814,3.823,3.861,3.767,39900.0,002083,0.0,-0.024,-0.01214,-0.15289,0.05114,-0.01444,3.8604,3.92024,4.11245,4.061640000000001,3.82566
2014-06-09,3.823,3.758,3.851,3.758,38819.0,002083,-0.017,-0.042789999999999995,-0.026680000000000002,-0.15872,0.015130000000000001,-0.017,3.8268,3.9153300000000004,4.10102,4.0621,3.8254
2014-06-10,3.777,3.805,3.814,3.739,52426.0,002083,0.01251,-0.02611,-0.0216,-0.0992,0.030330000000000003,0.0,3.8064,3.9113300000000004,4.09426,4.06301,3.8254
2014-06-11,3.805,3.814,3.823,3.786,31897.0,002083,0.00237,-0.00235,-0.04435,-0.08712,0.0149,0.0098,3.8046,3.9029,4.08839,4.06346,3.82555
2014-06-12,3.814,3.758,3.814,3.758,35695.0,002083,-0.01468,-0.017,-0.05412,-0.10842,-0.0023899999999999998,0.009940000000000001,3.7916,3.89267,4.08102,4.06339,3.8257
2014-06-13,3.758,3.823,3.823,3.749,44078.0,002083,0.0173,0.0,-0.042089999999999995,-0.09493,0.0173,0.05666,3.7916,3.88467,4.07455,4.0639199999999995,3.8265300000000004
2014-06-16,3.833,3.861,3.861,3.823,50147.0,002083,0.009940000000000001,0.027410000000000004,-0.0072,-0.07366,0.019809999999999998,0.08091,3.8122,3.8833300000000004,4.0696,4.06453,3.8277099999999997
2014-06-17,3.851,3.805,3.851,3.795,28466.0,002083,-0.0145,0.0,-0.02386,-0.10722999999999999,-0.00963,0.09971000000000001,3.8122,3.8789,4.0622300000000005,4.06423,3.82911
2014-06-18,3.805,3.767,3.823,3.758,34513.0,002083,-0.00999,-0.012320000000000001,-0.0405,-0.11218,-0.007379999999999999,0.07443999999999999,3.8028,3.8713300000000004,4.05455,4.064,3.83017
2014-06-19,3.767,3.693,3.805,3.683,40192.0,002083,-0.01964,-0.0173,-0.05259,-0.12963,-0.00992,0.025830000000000002,3.7898,3.8615699999999995,4.04568,4.0637,3.83055
2014-06-20,3.702,3.702,3.721,3.627,23938.0,002083,0.00244,-0.03165,-0.0616,-0.12565,-0.01986,0.02833,3.7656,3.85,4.0371,4.06309,3.8309599999999997
2014-06-23,3.702,3.721,3.739,3.693,28212.0,002083,0.00513,-0.03626,-0.05678,-0.14005,-0.033760000000000005,0.041710000000000004,3.7376,3.8393300000000004,4.02732,4.06203,3.8315699999999997
2014-06-24,3.721,3.739,3.749,3.702,27433.0,002083,0.00484,-0.01735,-0.0589,-0.14322000000000001,-0.01006,0.08377000000000001,3.7244,3.82819,4.01724,4.061719999999999,3.8327400000000003
2014-06-25,3.739,3.683,3.749,3.665,26933.0,002083,-0.014980000000000002,-0.0223,-0.07509,-0.15779,-0.05516,0.06754,3.7076,3.81395,4.00611,4.05998,3.8336900000000003
2014-06-26,3.674,3.749,3.749,3.674,31424.0,002083,0.01792,0.01516,-0.05185,-0.14815,-0.04289,0.14229,3.7188,3.80419,3.9956,4.05861,3.8355900000000003
2014-06-27,3.749,3.767,3.805,3.711,38539.0,002083,0.0048,0.01756,-0.05612999999999999,-0.13323,-0.03361,0.13464,3.7318,3.7935199999999996,3.9862599999999997,4.05754,3.8374099999999998
2014-06-30,3.777,3.814,3.833,3.758,42772.0,002083,0.01248,0.024990000000000002,-0.0263,-0.0992,-0.02155,0.1331,3.7504,3.78862,3.97948,4.0568599999999995,3.83923
2014-07-01,3.805,3.889,3.898,3.795,67867.0,002083,0.01966,0.040119999999999996,-0.00942,-0.07931,-0.01867,0.14585,3.7804,3.78686,3.9740800000000003,4.05626,3.84124
2014-07-02,3.917,3.907,3.945,3.87,87738.0,002083,0.00463,0.060820000000000006,0.0,-0.06888,-0.036739999999999995,0.15115,3.8252,3.78686,3.9694199999999995,4.05505,3.8433300000000004
2014-07-03,3.889,3.917,3.945,3.889,63501.0,002083,0.00256,0.04481,0.02459,-0.06871000000000001,-0.02538,0.1637,3.8588,3.7913300000000003,3.96476,4.05422,3.8455699999999995
2014-07-04,3.917,3.898,3.917,3.861,51657.0,002083,-0.00485,0.03478,0.01962,-0.06702000000000001,-0.02109,0.16116,3.885,3.7949,3.96024,4.05354,3.84776
2014-07-07,3.907,3.898,3.907,3.851,42646.0,002083,0.0,0.022019999999999998,0.01962,-0.07718,-0.041319999999999996,0.12367,3.9018,3.79848,3.9549800000000004,4.052169999999999,3.84951
2014-07-08,3.889,3.935,3.973,3.861,51020.0,002083,0.00949,0.01183,0.0471,-0.08061,0.00717,0.14356,3.911,3.8069,3.94942,4.0524,3.85152
2014-07-09,3.964,3.849,3.973,3.849,61976.0,002083,-0.02186,-0.01485,0.011559999999999999,-0.10655,0.016640000000000002,0.13405999999999998,3.8994,3.8089999999999997,3.94202,4.05291,3.8533699999999995
2014-07-10,3.859,3.849,3.887,3.84,39075.0,002083,0.0,-0.01736,0.009179999999999999,-0.10862000000000001,0.009179999999999999,0.17599,3.8858,3.8106699999999996,3.93445,4.0532,3.8557099999999997
2014-07-11,3.859,3.926,3.926,3.849,43333.0,002083,0.02001,0.00718,0.0447,-0.07884,0.05001,0.19622,3.8914,3.8186699999999996,3.9290300000000005,4.05472,3.8583300000000005
2014-07-14,3.926,4.012,4.021,3.926,73257.0,002083,0.02191,0.02925,0.04944,-0.08839,0.0756,0.19192,3.9142,3.82767,3.92276,4.05701,3.86095
2014-07-15,4.012,4.145,4.327,3.993,190064.0,002083,0.03315,0.05337000000000001,0.07356,-0.04822,0.09742999999999999,0.20145,3.9562,3.84119,3.91937,4.06,3.86378
2014-07-16,4.117,4.069,4.136,4.04,85173.0,002083,-0.018340000000000002,0.05716,0.06938,-0.08521000000000001,0.09352,0.19535999999999998,4.0002,3.85376,3.9132599999999997,4.06283,3.86648
2014-07-17,4.059,4.059,4.107,4.0310000000000015,48903.0,002083,-0.00246,0.054560000000000004,0.07752,-0.06797,0.06957,0.17008,4.0422,3.8676699999999995,3.9084800000000004,4.06498,3.8688800000000003
2014-07-18,4.059,4.069,4.078,4.012,48229.0,002083,0.00246,0.03642,0.10181,-0.06952,0.06686,0.16357,4.0708,3.8855699999999995,3.9035800000000003,4.06705,3.8712
2014-07-21,4.069,4.088,4.107,4.04,36899.0,002083,0.0046700000000000005,0.018940000000000002,0.10427,-0.01707,0.07438,0.20094,4.086,3.90395,3.9024400000000004,4.06935,3.8739800000000004
2014-07-22,4.088,4.136,4.174,4.069,81197.0,002083,0.01174,-0.00217,0.11152999999999999,-0.00337,0.10323,0.23535999999999999,4.0842,3.92371,3.9022099999999997,4.0725,3.87719
2014-07-23,4.145,4.078,4.174,4.059,54185.0,002083,-0.01402,0.00221,0.09067,-0.014980000000000002,0.06392,0.23538,4.086,3.93986,3.90121,4.07449,3.88035
2014-07-24,4.098,4.088,4.107,4.0310000000000015,56397.0,002083,0.00245,0.0071400000000000005,0.10995999999999999,0.01238,0.06652999999999999,0.23840999999999998,4.0918,3.95914,3.90202,4.07656,3.88354
2014-07-25,4.098,4.126,4.126,4.05,58163.0,002083,0.0093,0.01401,0.10056,0.04113,0.06615,0.21891,4.1032,3.9771,3.90465,4.07864,3.88656
2014-07-28,4.126,4.174,4.1930000000000005,4.126,89608.0,002083,0.01163,0.02104,0.10804000000000001,0.07855,0.07328,0.20986,4.1204,3.9964800000000005,3.90955,4.08096,3.8895
2014-07-29,4.164,4.174,4.231,4.136,89353.0,002083,0.0,0.00919,0.09439,0.06561,0.07605,0.23636999999999997,4.128,4.0136199999999995,3.9136900000000003,4.08336,3.8927400000000003
2014-07-30,4.184,4.184,4.222,4.155,70920.0,002083,0.0024,0.02599,0.07585,0.06816,0.09443,0.24635,4.1492,4.02767,3.918,4.08629,3.8961099999999997
2014-07-31,4.1930000000000005,4.2410000000000005,4.2410000000000005,4.174,68549.0,002083,0.013619999999999998,0.03743,0.08549,0.05524,0.10644,0.2426,4.1798,4.04357,3.9215800000000005,4.0896099999999995,3.8994699999999995
2014-08-01,4.222,4.145,4.25,4.126,99508.0,002083,-0.02264,0.0046,0.058210000000000005,0.043289999999999995,0.06583,0.20145,4.1836,4.05443,3.92435,4.09169,3.9023
2014-08-04,4.145,4.231,4.2410000000000005,4.145,77004.0,002083,0.02075,0.01366,0.08542999999999999,0.09328,0.09075,0.23640999999999998,4.195,4.07029,3.9301800000000005,4.09455,3.90559
2014-08-05,4.2410000000000005,4.279,4.279,4.212,104316.0,002083,0.011340000000000001,0.02516,0.09774,0.10826,0.09242,0.22048,4.216,4.088430000000001,3.9369199999999998,4.0975,3.9087300000000003
2014-08-06,4.27,4.27,4.298,4.231,77395.0,002083,-0.0021,0.02055,0.08513,0.09797,0.07232999999999999,0.2242,4.2332,4.10438,3.94306,4.09984,3.9119099999999998
2014-08-07,4.279,4.184,4.298,4.174,84113.0,002083,-0.02014,-0.01344,0.08703999999999999,0.04836,0.04339,0.18999000000000002,4.2218,4.12033,3.9461800000000005,4.10125,3.9146199999999998
2014-08-08,4.203,4.203,4.231,4.174,51157.0,002083,0.00454,0.01399,0.09197000000000001,0.05789,0.05075,0.18294000000000002,4.2334,4.13719,3.9498900000000003,4.1029,3.9172599999999997
2014-08-11,4.203,4.27,4.27,4.1930000000000005,81240.0,002083,0.01594,0.00922,0.08762,0.06991,0.08762,0.21135,4.2412,4.153569999999999,3.95439,4.1057,3.92029
2014-08-12,4.27,4.26,4.279,4.231,77154.0,002083,-0.00234,-0.0044399999999999995,0.061810000000000004,0.0954,-0.013430000000000001,0.2116,4.2374,4.16538,3.9603699999999997,4.105230000000001,3.92332
2014-08-13,4.26,4.355,4.47,4.212,199309.0,002083,0.0223,0.01991,0.050660000000000004,0.11724000000000001,-0.03714,0.23231,4.2544,4.1753800000000005,3.96774,4.10386,3.92665
2014-08-14,4.327,4.298,4.365,4.289,125986.0,002083,-0.013090000000000001,0.02725,0.05628,0.09475,-0.10328,0.20022,4.2772,4.1862900000000005,3.9737400000000003,4.09984,3.9295699999999996
2014-08-15,4.298,4.327,4.355,4.279,81312.0,002083,0.00675,0.0295,0.06602999999999999,0.11005999999999999,-0.08481,0.20194,4.302,4.19905,3.98066,4.09658,3.93252
2014-08-18,4.384,4.4030000000000005,4.441,4.355,120494.0,002083,0.01756,0.03115,0.08208,0.1161,-0.02653,0.24238,4.3286,4.21495,3.98805,4.0956,3.9360199999999996
2014-08-19,4.4030000000000005,4.422,4.461,4.365,113743.0,002083,0.00432,0.03803,0.0817,0.12090999999999999,-0.022330000000000003,0.25447,4.361000000000001,4.23086,3.99574,4.09478,3.93966
2014-08-20,4.432,4.4030000000000005,4.441,4.384,93101.0,002083,-0.0043,0.01102,0.06456,0.10822999999999999,-0.05757999999999999,0.25908000000000003,4.3706,4.24357,4.002680000000001,4.09259,3.94335
2014-08-21,4.394,4.375,4.4030000000000005,4.308,102740.0,002083,-0.00636,0.01792,0.07282999999999999,0.09869,0.011090000000000001,0.23797,4.386,4.257709999999999,4.00902,4.092980000000001,3.94676
2014-08-22,4.394,4.432,4.48,4.365,122407.0,002083,0.013030000000000002,0.02427,0.08415,0.12089000000000001,0.00704,0.26052,4.407,4.2741,4.01673,4.09324,3.9504900000000003
2014-08-25,4.432,4.365,4.432,4.346,70600.0,002083,-0.015119999999999998,-0.00863,0.057929999999999995,0.09371,0.017480000000000002,0.2383,4.3994,4.285480000000001,4.02276,4.09385,3.9539
2014-08-26,4.346,4.212,4.365,4.212,114772.0,002083,-0.03505,-0.04749,0.0091,0.07531,-0.05306,0.17917,4.3574,4.2872900000000005,4.02752,4.0919300000000005,3.9565
2014-08-27,4.203,4.231,4.27,4.1930000000000005,62699.0,002083,0.00451,-0.039060000000000004,0.01366,0.07769,-0.05662999999999999,0.19385,4.323,4.29,4.03244,4.08986,3.9593
2014-08-28,4.231,4.222,4.289,4.212,60987.0,002083,-0.00213,-0.03497,0.00908,0.08062000000000001,-0.0448,0.17278,4.2924,4.29181,4.03752,4.08825,3.9618300000000004
2014-08-29,4.25,4.27,4.27,4.203,52325.0,002083,0.01137,-0.03655,0.006840000000000001,0.11692000000000001,-0.05384,0.17115,4.26,4.29319,4.04473,4.08628,3.9643599999999997
2014-09-01,4.27,4.375,4.384,4.27,76139.0,002083,0.02459,0.00229,0.05549,0.14439000000000002,-0.03058,0.21528000000000003,4.262,4.30414,4.05363,4.08515,3.96751
2014-09-02,4.375,4.4030000000000005,4.413,4.346,97268.0,002083,0.0064,0.04535,0.04065,0.15170999999999998,-0.01433,0.21061,4.3002,4.31233,4.0629800000000005,4.084630000000001,3.9706300000000003
2014-09-03,4.422,4.4510000000000005,4.47,4.384,152453.0,002083,0.0109,0.052000000000000005,0.0402,0.18441,0.053739999999999996,0.23639000000000002,4.3442,4.32052,4.07416,4.08648,3.9740900000000003
2014-09-04,4.441,4.47,4.47,4.4030000000000005,139145.0,002083,0.00427,0.05874,0.04684,0.17477,0.06989,0.226,4.3938,4.33005,4.084890000000001,4.08885,3.9774300000000005
2014-09-05,4.47,4.461,4.48,4.422,101480.0,002083,-0.00201,0.04473,0.0662,0.16964,0.05836,0.21420999999999998,4.4319999999999995,4.34324,4.09532,4.09085,3.98063
2014-09-09,4.4510000000000005,4.556,4.585,4.4030000000000005,217778.0,002083,0.0213,0.04137,0.08399,0.21235,0.0786,0.23704,4.4682,4.36005,4.1081900000000005,4.09355,3.9841800000000003
2014-09-10,4.527,4.604,4.632,4.499,164507.0,002083,0.01054,0.04565,0.07822,0.20429,0.10461,0.23135,4.5084,4.37595,4.12079,4.0971,3.9877
2014-09-11,4.5939999999999985,4.604,4.709,4.537,241501.0,002083,0.0,0.03437,0.08075,0.19244,0.08023999999999999,0.24365,4.539,4.39233,4.13277,4.099880000000001,3.99137
2014-09-12,4.5939999999999985,4.671,4.68,4.566,147997.0,002083,0.01455,0.044969999999999996,0.07256,0.2276,0.10087,0.25531,4.5792,4.40738,4.14674,4.1033599999999995,3.9952300000000003
2014-09-15,4.671,4.718,4.728,4.632,150259.0,002083,0.01006,0.05761,0.09772,0.25246,0.11195,0.26488,4.6306,4.42738,4.1620800000000004,4.10722,3.9992400000000004
2014-09-16,4.728,4.547,4.747,4.518,215209.0,002083,-0.036239999999999994,-0.00198,0.050839999999999996,0.23125,0.07393,0.201,4.6288,4.43786,4.17585,4.10976,4.00234
2014-09-17,4.604,4.766,4.919,4.527,315689.0,002083,0.04816,0.03519,0.08244,0.28741,0.10146000000000001,0.26185,4.6612,4.45514,4.19302,4.11333,4.00636
2014-09-18,4.738,4.785,4.862,4.699,205517.0,002083,0.00399,0.039310000000000005,0.08209,0.28594,0.09647,0.28284000000000004,4.6974,4.47243,4.21018,4.11676,4.01065
2014-09-19,4.785,4.776,4.795,4.671,153940.0,002083,-0.0018800000000000002,0.02248,0.08471000000000001,0.27735,0.09216,0.29325999999999997,4.7184,4.49019,4.2269,4.12003,4.01505
2014-09-22,4.776,4.766,4.871,4.738,167012.0,002083,-0.00209,0.01017,0.08937,0.29405,0.08294,0.30396999999999996,4.728,4.5088099999999995,4.24437,4.123,4.01957
2014-09-23,4.738,4.852,4.871,4.738,165111.0,002083,0.01804,0.06708,0.09477000000000001,0.29420999999999997,0.11642999999999999,0.32387,4.789,4.52881,4.26216,4.12711,4.02439
2014-09-24,4.824,4.9860000000000015,4.9860000000000015,4.814,265497.0,002083,0.02762,0.04616,0.14227,0.3236,0.17761,0.32677,4.833,4.5583800000000005,4.28182,4.13323,4.029380000000001
2014-09-25,4.967,4.938,5.053,4.881,206040.0,002083,-0.00963,0.03197,0.17235999999999999,0.2947,0.16902999999999999,0.33064,4.8636,4.59295,4.29995,4.13903,4.03437
2014-09-26,4.9289999999999985,5.129,5.186,4.9289999999999985,333706.0,002083,0.03868,0.07391,0.21224,0.31885,0.22235,0.37506999999999996,4.9342,4.6357099999999996,4.31995,4.1466199999999995,4.0400599999999995
2014-09-29,5.158,5.1960000000000015,5.397,5.1389999999999985,332429.0,002083,0.013059999999999999,0.09022000000000001,0.2307,0.32992,0.23538,0.43615,5.0202,4.6821,4.34074,4.154669999999999,4.046469999999999
2014-09-30,5.206,5.206,5.32,5.1389999999999985,182471.0,002083,0.0019199999999999998,0.07296,0.2192,0.32908000000000004,0.24605,0.4314,5.091,4.7266699999999995,4.36153,4.1630199999999995,4.05285
2014-10-08,5.206,5.1960000000000015,5.234,5.148,154862.0,002083,-0.0019199999999999998,0.04212,0.18766,0.33299,0.23010999999999998,0.41773999999999994,5.132999999999999,4.76576,4.38247,4.17093,4.059069999999999
2014-10-09,5.215,5.167000000000002,5.292000000000002,5.072,268385.0,002083,-0.00558,0.046380000000000005,0.17352,0.32555,0.20724,0.39235,5.1788,4.8021400000000005,4.40294,4.17814,4.06499
2014-10-10,5.129,5.1,5.1960000000000015,5.091,193219.0,002083,-0.012969999999999999,-0.00565,0.14581,0.29606,0.18384,0.36036,5.172999999999999,4.83305,4.42173,4.18458,4.07048
2014-10-13,5.1,5.1770000000000005,5.1960000000000015,5.081,162449.0,002083,0.0151,-0.00366,0.15817,0.34502,0.19893,0.39129,5.1692,4.866709999999999,4.44315,4.19156,4.0764
2014-10-14,5.1770000000000005,5.1960000000000015,5.292000000000002,5.1389999999999985,167708.0,002083,0.00367,-0.0019199999999999998,0.16476,0.34996,0.21915,0.37935,5.1672,4.90171,4.4648699999999995,4.19915,4.08221
2014-10-15,5.167000000000002,5.12,5.1960000000000015,5.015,148592.0,002083,-0.01463,-0.01463,0.12379000000000001,0.30413,0.16337000000000002,0.33926,5.152,4.92857,4.48413,4.205,4.08748
2014-10-16,5.1,5.1389999999999985,5.252999999999999,5.053,190243.0,002083,0.00371,-0.00542,0.1162,0.28091,0.18002,0.3474,5.1464,4.95405,4.50231,4.21137,4.09287
2014-10-17,5.1389999999999985,4.909,5.148,4.8039999999999985,205350.0,002083,-0.04476,-0.03745,0.06625,0.18432,0.10364000000000001,0.31609,5.1082,4.96857,4.51463,4.21512,4.097659999999999
2014-10-20,4.919,4.938,4.967,4.89,87925.0,002083,0.00591,-0.046169999999999996,0.05716,0.21356999999999998,0.13387000000000002,0.30119,5.0604,4.98129,4.52865,4.21986,4.10231
2014-10-21,4.957,4.89,5.015,4.881,122168.0,002083,-0.00972,-0.05889,0.03646,0.20473,0.11823,0.28212,4.9992,4.98948,4.54205,4.224069999999999,4.10668
2014-10-22,4.881,4.757,4.919,4.747,131080.0,002083,-0.0272,-0.0709,0.04618,0.16908,0.14378,0.2292,4.9266,4.99948,4.55315,4.22893,4.11029
2014-10-23,4.69,4.632,4.776,4.604,134675.0,002083,-0.02628,-0.09866,-0.02812,0.13307,0.11614000000000001,0.20561999999999997,4.8252,4.9931,4.56192,4.23285,4.1135
2014-10-24,4.652,4.6610000000000005,4.68,4.613,74966.0,002083,0.00626,-0.050519999999999995,-0.025910000000000002,0.12693,0.12585,0.24326,4.7756,4.98719,4.57039,4.237080000000001,4.11721
2014-10-27,4.613,4.699,4.699,4.604,69240.0,002083,0.00815,-0.0484,-0.01612,0.15228,0.16369,0.25675,4.7278,4.9835199999999995,4.5804,4.2424599999999995,4.12111
2014-10-28,4.69,4.8039999999999985,4.814,4.671,142622.0,002083,0.02235,-0.01759,0.00797,0.17515,0.21220999999999998,0.30756999999999995,4.7106,4.98533,4.59195,4.24929,4.1257
2014-10-29,4.8039999999999985,4.824,4.862,4.776,160734.0,002083,0.0041600000000000005,0.01408,-0.00577,0.16917000000000001,0.24650999999999998,0.30626,4.724,4.984,4.60321,4.25705,4.1303
2014-10-30,4.8039999999999985,4.814,4.862,4.795,134763.0,002083,-0.00207,0.03929,-0.0345,0.15333,0.22899999999999998,0.33721999999999996,4.7604,4.97581,4.61353,4.26434,4.1352400000000005
2014-10-31,4.814,4.919,4.957,4.757,202282.0,002083,0.02181,0.05535,-0.00385,0.17849,0.25581,0.35249,4.812,4.9749,4.62555,4.27249,4.14045
2014-11-03,4.89,4.957,4.995,4.871,174081.0,002083,0.00773,0.05491,-0.033530000000000004,0.18475,0.23339000000000001,0.37009000000000003,4.8636,4.96671,4.63802,4.28011,4.1458900000000005
2014-11-04,4.957,4.995,5.015,4.919,146247.0,002083,0.007670000000000001,0.039760000000000004,-0.03868,0.17779,0.25724,0.36662,4.9018,4.95714,4.650180000000001,4.2884199999999995,4.15134
2014-11-05,4.976,4.967,5.053,4.957,134337.0,002083,-0.00561,0.029639999999999996,-0.04591,0.19831,0.28346,0.36230999999999997,4.9304,4.94576,4.6634400000000005,4.29734,4.1567099999999995
2014-11-06,4.957,4.957,4.976,4.871,111798.0,002083,-0.00201,0.029710000000000004,-0.046,0.17159000000000002,0.28386,0.35252,4.959,4.93438,4.67515,4.30625,4.16196
2014-11-07,4.957,4.871,5.034,4.852,135454.0,002083,-0.01735,-0.00976,-0.05729,0.13835,0.25251,0.34631999999999996,4.9494,4.9202900000000005,4.68469,4.31424,4.16705
2014-11-10,4.862,4.9,4.919,4.833,105157.0,002083,0.00595,-0.0115,-0.03922,0.14754,0.22776,0.37178,4.938,4.91076,4.69485,4.32163,4.17245
2014-11-11,4.909,4.728,4.909,4.642,166241.0,002083,-0.0351,-0.05345,-0.08673,0.13002,0.19003,0.33409,4.8846,4.88938,4.70363,4.32776,4.1772599999999995
2014-11-12,4.795,4.814,4.824,4.738,81967.0,002083,0.01819,-0.0308,-0.07352,0.14537,0.20621,0.34095,4.854,4.87119,4.713480000000001,4.33446,4.18224
2014-11-13,4.8039999999999985,4.738,4.8039999999999985,4.699,78009.0,002083,-0.015790000000000002,-0.044180000000000004,-0.07461,0.1096,0.21831,0.31611,4.8102,4.853,4.721030000000001,4.34136,4.18687
2014-11-14,4.738,4.699,4.747,4.652,84115.0,002083,-0.00823,-0.03531,-0.08562,0.10305,0.20549,0.3259,4.7758,4.83205,4.72811,4.3478699999999995,4.19156
2014-11-17,4.699,4.738,4.757,4.652,63567.0,002083,0.0083,-0.03306,-0.03483,0.08794,0.20683,0.34410999999999997,4.7434,4.8239,4.7342900000000006,4.35447,4.19649
2014-11-18,4.738,4.8039999999999985,4.8039999999999985,4.718,80138.0,002083,0.013930000000000001,0.016069999999999997,-0.027139999999999997,0.11773,0.23243000000000003,0.34152,4.7586,4.81752,4.74245,4.36184,4.20146
2014-11-19,4.785,4.8039999999999985,4.824,4.766,68788.0,002083,0.0,-0.0020800000000000003,-0.01759,0.11024,0.21774000000000002,0.31436,4.7566,4.81343,4.75015,4.3688199999999995,4.20613
2014-11-20,4.785,4.852,4.9,4.776,115923.0,002083,0.00999,0.024059999999999998,0.019969999999999998,0.10198,0.22991,0.32387,4.7794,4.81795,4.75739,4.3762,4.21096
2014-11-21,4.862,4.871,4.881,4.824,90039.0,002083,0.00392,0.0366,0.0516,0.10153999999999999,0.22603,0.31258,4.8138,4.829330000000001,4.76463,4.3835,4.215669999999999
2014-11-24,4.871,4.919,4.948,4.843,172081.0,002083,0.00985,0.0382,0.05535,0.11719,0.23531,0.31877,4.85,4.84162,4.77295,4.39111,4.22051
2014-11-25,4.919,4.919,4.9289999999999985,4.852,161991.0,002083,0.0,0.02394,0.04682,0.12434,0.24406,0.33198,4.873,4.8521,4.7817300000000005,4.39896,4.22549
2014-11-26,4.9289999999999985,4.919,4.938,4.862,131982.0,002083,0.0,0.02394,0.02394,0.10987999999999999,0.23251999999999998,0.30236,4.896,4.85757,4.78958,4.4065,4.23013
2014-11-27,4.919,4.976,5.015,4.9,211243.0,002083,0.011590000000000001,0.02556,0.03151,0.13998,0.27036,0.32411,4.9208,4.864809999999999,4.79944,4.415109999999999,4.2350900000000005
2014-11-28,4.976,5.005,5.043,4.948,185048.0,002083,0.00583,0.027510000000000003,0.03968,0.18827,0.27483,0.32513000000000003,4.9476,4.8739,4.8122300000000005,4.42389,4.24008
2014-12-01,4.9860000000000015,4.919,5.005,4.881,187452.0,002083,-0.01718,0.0,0.0,0.16261,0.25902,0.30894,4.9476,4.8739,4.82332,4.43211,4.2448
2014-12-02,4.9,4.957,4.976,4.89,167776.0,002083,0.00773,0.00773,0.0,0.17409000000000002,0.29663,0.32576,4.9552,4.8739,4.83518,4.441330000000001,4.24975
2014-12-03,5.005,5.081,5.081,4.957,283878.0,002083,0.02502,0.03293,0.01722,0.18993,0.32905999999999996,0.41888000000000003,4.9876,4.878,4.84826,4.45156,4.25585
2014-12-04,5.081,5.11,5.1389999999999985,5.053,224054.0,002083,0.00571,0.026930000000000003,0.028789999999999996,0.168,0.33665,0.405,5.0144,4.88481,4.86011,4.46202,4.261830000000001
2014-12-05,5.1,4.862,5.11,4.776,269930.0,002083,-0.048530000000000004,-0.028569999999999998,-0.01916,0.10425,0.29377,0.31334,4.9858,4.8802900000000005,4.86752,4.471,4.26655
2014-12-08,4.843,4.881,4.909,4.8039999999999985,155472.0,002083,0.00391,-0.00773,0.00205,0.09661,0.28279,0.32169000000000003,4.9782,4.8807599999999995,4.87445,4.47975,4.271380000000001
2014-12-09,4.862,4.68,4.862,4.68,245854.0,002083,-0.04118,-0.05587999999999999,-0.0449,0.04698,0.22705999999999998,0.24534,4.9228,4.87029,4.87784,4.48679,4.27513
2014-12-10,4.69,4.814,4.814,4.671,118161.0,002083,0.028630000000000003,-0.05255,0.01819,0.07912999999999999,0.281,0.27794,4.8694,4.87438,4.88353,4.495369999999999,4.279380000000001
2014-12-11,4.814,4.938,4.948,4.776,178640.0,002083,0.02576,-0.03366,0.02576,0.08385,0.29166,0.314,4.835,4.8802900000000005,4.88969,4.50444,4.28418
2014-12-12,4.948,4.995,5.024,4.9289999999999985,176875.0,002083,0.01154,0.02735,0.05424,0.08492999999999999,0.29370999999999997,0.31933,4.8616,4.892519999999999,4.896,4.51366,4.28909
2014-12-15,5.015,5.062,5.072,4.995,222244.0,002083,0.01341,0.03708,0.07725,0.09948,0.33035,0.31754,4.8978,4.90981,4.90339,4.52388,4.29405
2014-12-16,5.072,5.015,5.091,4.967,150415.0,002083,-0.00928,0.07157999999999999,0.058460000000000005,0.07365,0.3313,0.32148000000000004,4.9648,4.923,4.90894,4.53402,4.29901
2014-12-17,5.015,4.938,5.024,4.9,140366.0,002083,-0.01535,0.02576,0.027889999999999998,0.04663,0.33712,0.32386,4.9896,4.92938,4.91248,4.54415,4.30392
2014-12-18,4.967,4.919,4.976,4.909,98237.0,002083,-0.00385,-0.00385,0.02394,0.08181000000000001,0.32874000000000003,0.30236,4.9858,4.93486,4.918480000000001,4.5540400000000005,4.30857
2014-12-19,4.909,4.824,4.909,4.757,159764.0,002083,-0.01931,-0.034230000000000003,-0.00577,0.01217,0.29643,0.25266,4.9516,4.93352,4.91942,4.56301,4.31252
2014-12-22,4.814,4.69,4.814,4.6610000000000005,143653.0,002083,-0.027780000000000003,-0.07349,-0.037160000000000006,-0.01985,0.25435,0.24173000000000003,4.8772,4.9249,4.91789,4.57074,4.31623
2014-12-23,4.699,4.718,4.795,4.632,84481.0,002083,0.0059700000000000005,-0.05922,-0.04086,-0.01214,0.28102,0.21036,4.8178,4.91533,4.91695,4.57915,4.31957
2014-12-24,4.728,4.795,4.795,4.699,102879.0,002083,0.016319999999999998,-0.028960000000000003,-0.02521,0.0060799999999999995,0.27901,0.22415,4.7892,4.90943,4.91742,4.58766,4.32313
2014-12-25,4.795,4.814,4.843,4.757,85616.0,002083,0.00396,-0.02135,-0.02135,-0.00783,0.27794,0.23499,4.7682,4.9044300000000005,4.91681,4.59617,4.32686
2014-12-26,4.824,4.795,4.843,4.766,93586.0,002083,-0.00395,-0.00601,-0.03637,-0.038310000000000004,0.25721,0.23012,4.7624,4.89581,4.91373,4.60415,4.3305
2014-12-29,4.785,4.709,4.795,4.69,116608.0,002083,-0.01794,0.00405,-0.05914,-0.046380000000000005,0.21085,0.18824000000000002,4.7662,4.88171,4.91003,4.61081,4.33354
2014-12-30,4.718,4.6610000000000005,4.718,4.652,78828.0,002083,-0.010190000000000001,-0.01208,-0.05245,-0.09125,0.19299000000000002,0.14916,4.7548,4.86943,4.902480000000001,4.6169400000000005,4.336
2014-12-31,4.68,4.709,4.709,4.652,73194.0,002083,0.0103,-0.01794,-0.05003,-0.09373,0.2022,0.17168,4.7376,4.85762,4.89463,4.62338,4.3388
2015-01-05,4.709,4.862,4.871,4.709,164797.0,002083,0.03249,0.00997,-0.0431,-0.06608,0.24731,0.22099000000000002,4.7472,4.84719,4.88908,4.63122,4.34238
2015-01-06,4.871,4.871,4.881,4.8039999999999985,113796.0,002083,0.00185,0.01585,-0.04677,-0.06255,0.24961999999999998,0.19798,4.7624,4.8358099999999995,4.88384,4.639130000000001,4.34565
2015-01-07,4.852,4.862,4.871,4.814,88085.0,002083,-0.00185,0.03249,0.0,-0.05902999999999999,0.23558,0.24443,4.793,4.8358099999999995,4.87892,4.646669999999999,4.349530000000001
2015-01-08,4.871,4.9,4.995,4.833,258322.0,002083,0.00782,0.05127999999999999,0.00389,-0.03922,0.27305999999999997,0.29424,4.8408,4.83671,4.8756900000000005,4.65521,4.35406
2015-01-09,4.89,4.824,4.9289999999999985,4.824,140881.0,002083,-0.01551,0.024419999999999997,0.03077,-0.06819,0.25331,0.26481,4.8638,4.84357,4.87,4.66314,4.358169999999999
2015-01-12,4.824,4.718,4.843,4.699,103713.0,002083,-0.02197,-0.02962,-0.01994,-0.09199,0.20173,0.26183,4.835,4.8389999999999995,4.86229,4.669580000000001,4.36215
2015-01-13,4.718,4.785,4.785,4.709,52102.0,002083,0.0142,-0.01766,-0.03098,-0.06543,0.19267,0.28284000000000004,4.8178,4.83171,4.85689,4.67586,4.36643
2015-01-14,4.795,4.718,4.824,4.69,67123.0,002083,-0.013999999999999999,-0.02962,-0.05546,-0.08192,0.13824,0.24914,4.789,4.8185199999999995,4.8501,4.68052,4.37026
2015-01-15,4.728,4.824,4.824,4.718,71629.0,002083,0.02247,-0.01551,-0.04702,-0.01732,0.18555,0.29643,4.7738,4.80719,4.848730000000001,4.68666,4.37474
2015-01-16,4.833,4.843,4.852,4.776,85947.0,002083,0.00394,0.00394,-0.0343,-0.01924,0.19315,0.27615,4.7776,4.7989999999999995,4.84719,4.69303,4.379
2015-01-19,4.785,4.738,4.938,4.69,213030.0,002083,-0.02168,0.00424,-0.0405,-0.03108,0.16441,0.24226999999999999,4.7816,4.78948,4.84474,4.6984699999999995,4.38276
2015-01-20,4.766,4.89,4.909,4.747,176646.0,002083,0.032080000000000004,0.02194,-0.0059,0.027960000000000002,0.19618,0.28515,4.8026,4.7881,4.84689,4.7049900000000004,4.387169999999999
2015-01-21,4.9,4.976,4.976,4.871,244381.0,002083,0.01759,0.05467999999999999,0.03151,0.07427,0.20309000000000002,0.32729,4.8542,4.79533,4.8524400000000005,4.7118199999999995,4.39216
2015-01-22,4.976,5.015,5.015,4.938,222774.0,002083,0.00784,0.03959,0.0693,0.07595,0.22976999999999997,0.30837,4.8924,4.81081,4.85815,4.7194400000000005,4.39696
2015-01-23,5.024,4.957,5.034,4.909,177610.0,002083,-0.01157,0.023540000000000002,0.050660000000000004,0.05491,0.21256999999999998,0.29324,4.9152,4.82219,4.86231,4.7265,4.40153
2015-01-26,4.976,5.091,5.11,4.957,252639.0,002083,0.027030000000000002,0.0745,0.06172999999999999,0.059739999999999994,0.23388,0.3155,4.9858,4.83629,4.8669400000000005,4.73435,4.4065
2015-01-27,5.1389999999999985,5.158,5.301,5.081,416079.0,002083,0.01316,0.054810000000000005,0.07146,0.06924,0.23575,0.3263,5.0394,4.85267,4.872319999999999,4.74235,4.41165
2015-01-28,5.11,5.11,5.234,5.072,221164.0,002083,-0.009309999999999999,0.026930000000000003,0.06569,0.061489999999999996,0.22425,0.31735,5.0662,4.8676699999999995,4.8771,4.74996,4.41666
2015-01-29,5.062,5.043,5.158,5.024,151850.0,002083,-0.01311,0.00558,0.07092999999999999,0.02521,0.20531,0.31911999999999996,5.0718,4.88357,4.8791,4.75694,4.42162
2015-01-30,5.043,4.9860000000000015,5.091,4.976,135837.0,002083,-0.0113,0.00585,0.06973,0.00585,0.17567,0.30080999999999997,5.0776,4.89905,4.87956,4.763,4.4263
2015-02-02,4.957,5.034,5.062,4.9289999999999985,142757.0,002083,0.00963,-0.0112,0.06902,0.007809999999999999,0.21448000000000003,0.29441999999999996,5.0662,4.9145199999999996,4.88019,4.770230000000001,4.43096
2015-02-03,5.062,5.206,5.252999999999999,5.062,294520.0,002083,0.03417,0.009309999999999999,0.07075,0.048119999999999996,0.23044,0.3421,5.0758,4.9309,4.88405,4.77815,4.43635
2015-02-04,5.206,5.11,5.252999999999999,5.091,179191.0,002083,-0.01844,0.0,0.049069999999999996,0.030869999999999998,0.1942,0.30457,5.0758,4.94229,4.88652,4.78491,4.4412
2015-02-05,5.158,5.024,5.1770000000000005,5.015,148129.0,002083,-0.01683,-0.0037700000000000003,0.033319999999999995,0.03141,0.17658,0.26168,5.072,4.95,4.88898,4.79104,4.4454400000000005
2015-02-06,5.034,4.9860000000000015,5.091,4.967,126226.0,002083,-0.007559999999999999,0.0,0.01755,0.01755,0.19168,0.24339,5.072,4.9541,4.89037,4.79756,4.449409999999999
2015-02-09,4.9860000000000015,4.852,5.015,4.776,117518.0,002083,-0.02688,-0.03615,0.0058,0.02623,0.15441,0.213,5.0356,4.955430000000001,4.89237,4.80284,4.45287
2015-02-10,4.843,4.89,4.948,4.824,77687.0,002083,0.00783,-0.0607,0.03646,0.015790000000000002,0.1452,0.24554,4.9724,4.96362,4.8936,4.80788,4.45679
2015-02-11,4.909,4.957,4.967,4.9,61615.0,002083,0.0137,-0.029939999999999998,0.03595,0.04622,0.16362000000000002,0.14799,4.9418,4.97181,4.897130000000001,4.81354,4.45939
2015-02-12,4.948,4.967,4.9860000000000015,4.9289999999999985,67583.0,002083,0.00202,-0.01135,0.052779999999999994,0.05703,0.14053,0.09816,4.9304,4.98367,4.90145,4.8185199999999995,4.46119
2015-02-13,5.015,5.053,5.081,4.9860000000000015,113221.0,002083,0.01731,0.01344,0.04747,0.06648,0.17565999999999998,0.05425,4.9438,4.9945699999999995,4.90653,4.82466,4.46225
2015-02-16,5.053,5.129,5.148,5.043,101752.0,002083,0.015040000000000001,0.057089999999999995,0.05905,0.06765,0.18535,0.08481,4.9992,5.00819,4.91177,4.831180000000001,4.4638800000000005
2015-02-17,5.129,5.1389999999999985,5.148,5.091,122576.0,002083,0.00195,0.05092,0.08463,0.06973,0.16716,0.13619,5.0489999999999995,5.02729,4.91718,4.83716,4.46638
2015-02-25,5.1389999999999985,5.1389999999999985,5.244,5.12,208815.0,002083,0.0,0.036719999999999996,0.05092,0.05915,0.16214,0.13619,5.0854,5.03914,4.92181,4.84299,4.46889
2015-02-26,5.1389999999999985,5.167000000000002,5.206,5.12,176853.0,002083,0.00545,0.04027,0.038380000000000004,0.060770000000000005,0.17352,0.10595,5.1254,5.04824,4.92658,4.8492,4.4709
2015-02-27,5.167000000000002,5.444,5.53,5.148,489170.0,002083,0.053610000000000005,0.07737999999999999,0.08553999999999999,0.10672999999999999,0.24434,0.25815,5.2036,5.06867,4.93505,4.85789,4.47544
2015-03-02,5.425,5.587999999999999,5.674,5.358,535066.0,002083,0.02645,0.08949,0.12729000000000001,0.136,0.26083,0.26971,5.2954,5.09871,4.9458400000000005,4.867290000000001,4.4802599999999995
2015-03-03,5.54,5.597,5.75,5.473,356385.0,002083,0.00161,0.08912,0.09938999999999999,0.13783,0.28225,0.30466,5.3870000000000005,5.122809999999999,4.95677,4.87731,4.485580000000001
2015-03-04,5.5779999999999985,5.6160000000000005,5.654,5.521,215972.0,002083,0.00339,0.09282,0.08879,0.12862,0.33333,0.26259,5.4824,5.14462,4.9671,4.888719999999999,4.49033
2015-03-05,5.607,5.76,5.8260000000000005,5.502000000000002,365458.0,002083,0.025639999999999996,0.11477000000000001,0.1272,0.15085,0.36138000000000003,0.28428000000000003,5.601,5.17557,4.97927,4.90115,4.4955099999999995
2015-03-06,5.731,5.549,5.779,5.549,261534.0,002083,-0.03663,0.01929,0.10034,0.12807000000000002,0.31431,0.25543000000000005,5.622000000000001,5.199669999999999,4.98944,4.91194,4.5001
2015-03-09,5.483,5.664,5.721,5.444,234455.0,002083,0.02072,0.0136,0.13598,0.14263,0.32646,0.25504,5.6372,5.23195,5.00084,4.92328,4.50478
2015-03-10,5.664,5.817,5.97,5.645,342438.0,002083,0.027010000000000003,0.039310000000000005,0.15554,0.14485,0.3296,0.28894000000000003,5.6812,5.26924,5.01271,4.935,4.51008
2015-03-11,5.8260000000000005,5.912000000000001,5.96,5.74,292215.0,002083,0.01633,0.05271,0.13560999999999998,0.15695,0.34271999999999997,0.32348000000000005,5.7404,5.30286,5.02565,4.94727,4.51595
2015-03-12,5.912000000000001,5.75,5.9510000000000005,5.683,247217.0,002083,-0.0274,-0.0017399999999999998,0.12524000000000002,0.18264,0.29184,0.36127,5.7384,5.33333,5.039969999999999,4.95783,4.52215
2015-03-13,5.731,5.769,5.807,5.702000000000001,134997.0,002083,0.0033,0.03965,0.14829,0.18193,0.2906,0.3808,5.7824,5.36881,5.05429,4.96839,4.52862
2015-03-16,5.797999999999999,5.874,5.903,5.74,212061.0,002083,0.0182,0.03708,0.1781,0.25513,0.31675,0.39359,5.8244,5.4111,5.07355,4.9798800000000005,4.5353699999999995
2015-03-17,5.893,5.912000000000001,5.997999999999998,5.8260000000000005,314397.0,002083,0.00647,0.01633,0.21846999999999997,0.22808,0.29763,0.39962,5.8434,5.46157,5.09126,4.9909,4.54223
2015-03-18,5.9220000000000015,5.96,5.97,5.865,297144.0,002083,0.00812,0.00812,0.21881,0.20697,0.29453,0.42994,5.853,5.512519999999999,5.10774,5.001930000000001,4.54951
2015-03-19,5.931,6.142,6.199,5.903,377384.0,002083,0.030539999999999998,0.06817000000000001,0.23906,0.22963000000000003,0.33405999999999997,0.44111000000000006,5.9314,5.56895,5.12624,5.01443,4.55715
2015-03-20,6.151,6.151,6.207999999999998,6.046,278566.0,002083,0.00147,0.06622,0.23836999999999997,0.21513000000000002,0.31685,0.44968,6.0078,5.62533,5.14381,5.02646,4.56491
2015-03-23,6.207999999999998,6.285,6.352,6.103,325698.0,002083,0.02179,0.06997,0.24381999999999998,0.25324,0.33213000000000004,0.48126,6.09,5.684,5.16429,5.0392,4.5732099999999996
2015-03-24,6.3610000000000015,6.142,6.409,5.931,428938.0,002083,-0.02275,0.0389,0.1975,0.24381999999999998,0.35078000000000004,0.45064,6.136,5.73224,5.18371,5.052169999999999,4.58097
2015-03-25,6.142,6.1610000000000005,6.199,5.997999999999998,292463.0,002083,0.00309,0.03372,0.19887,0.25249,0.2927,0.42385,6.1762,5.7809,5.20374,5.06351,4.588419999999999
2015-03-26,6.228,6.399,6.438,6.113,504185.0,002083,0.03863,0.041839999999999995,0.24518,0.32649,0.3373,0.46631999999999996,6.2276,5.8409,5.22915,5.076630000000001,4.5967
2015-03-27,6.352,6.38,6.542999999999998,6.294,261606.89,002083,-0.00297,0.03723,0.23476,0.36034,0.33585,0.45895,6.2734,5.89867,5.2564,5.08967,4.60485
2015-03-30,6.371,6.399,6.466,6.285,338198.0,002083,0.00298,0.01814,0.17542,0.3563,0.34264,0.45398999999999995,6.2962,5.94414,5.283519999999999,5.10295,4.61298
2015-03-31,6.39,6.476,6.648,6.3039999999999985,413967.0,002083,0.012029999999999999,0.05438,0.15891,0.35057,0.33471,0.49011000000000005,6.3629999999999995,5.98643,5.310630000000001,5.11615,4.621630000000001
2015-04-01,6.542999999999998,6.676,6.734,6.495,433448.0,002083,0.03088,0.08359,0.19278,0.38679,0.33895,0.57676,6.466,6.0378099999999995,5.34066,5.1298900000000005,4.6315599999999995
2015-04-02,6.734,6.734,6.801,6.581,360628.0,002083,0.00869,0.05235,0.19907,0.40438,0.36371,0.59422,6.5329999999999995,6.09105,5.37194,5.1445,4.64176
2015-04-03,6.686,7.097,7.154,6.6,520399.0,002083,0.05391,0.11238,0.23212,0.5071100000000001,0.3837,0.6913699999999999,6.6764,6.15471,5.41045,5.1605,4.65356
2015-04-07,7.0779999999999985,7.278,7.336,6.973,422035.0,002083,0.0255,0.13737,0.31159000000000003,0.56147,0.40069,0.73039,6.8522,6.23705,5.45266,5.17742,4.66604
2015-04-08,7.278,7.0870000000000015,7.307,6.925,404628.0,002083,-0.02624,0.09435,0.25124,0.5049899999999999,0.36130999999999996,0.69627,6.9744,6.30481,5.49102,5.19272,4.6778699999999995
2015-04-09,7.0870000000000015,6.839,7.0870000000000015,6.591,363749.0,002083,-0.03499,0.024419999999999997,0.17569,0.40662,0.3162,0.61908,7.007000000000001,6.35348,5.5229,5.2060699999999995,4.6885
2015-04-10,6.801,6.962999999999999,7.03,6.752999999999999,260217.0,002083,0.01813,0.034010000000000006,0.17777,0.42948000000000003,0.34759,0.6268699999999999,7.0528,6.403519999999999,5.55665,5.22067,4.699409999999999
2015-04-13,6.973,7.211,7.307,6.934,360904.0,002083,0.03562,0.016059999999999998,0.25409,0.48313,0.41391999999999995,0.67386,7.0756,6.4731,5.594530000000001,5.23784,4.7112099999999995
2015-04-14,7.211,7.059,7.2879999999999985,6.982,302448.0,002083,-0.02108,-0.03009,0.22361,0.44061000000000006,0.36353,0.63478,7.0318,6.53452,5.62935,5.25314,4.72235
2015-04-15,7.02,6.772,7.03,6.667000000000002,339971.0,002083,-0.04066,-0.04445,0.15288,0.40381,0.30330999999999997,0.5889300000000001,6.9688,6.57729,5.660769999999999,5.26595,4.73255
2015-04-16,6.715,6.829,6.9529999999999985,6.61,254317.0,002083,0.00842,-0.00146,0.15511,0.44743999999999995,0.33379000000000003,0.55169,6.9668,6.62095,5.69482,5.27985,4.74242
2015-04-17,6.925,6.8679999999999986,7.154,6.791,394604.0,002083,0.00571,-0.013640000000000001,0.15235,0.43532,0.33645,0.57704,6.9478,6.66419,5.72842,5.2939,4.75264
2015-04-20,6.772,6.5520000000000005,6.829,6.542999999999998,381020.0,002083,-0.04601,-0.09139,0.06675,0.38871999999999995,0.33469,0.47302,6.816,6.6837100000000005,5.757999999999999,5.307259999999999,4.76119
2015-04-21,6.5520000000000005,6.877000000000002,6.877000000000002,6.533,263689.0,002083,0.0496,-0.02578,0.11803,0.42558,0.39266999999999996,0.5791,6.7796,6.71829,5.79111,5.32302,4.77144
2015-04-22,7.011,7.106,7.202000000000001,6.9060000000000015,476921.0,002083,0.0333,0.049319999999999996,0.13063,0.46726999999999996,0.45316999999999996,0.62497,6.8464,6.75738,5.82761,5.3410400000000005,4.78255
2015-04-23,7.144,7.258999999999999,7.326,7.001,525499.0,002083,0.02153,0.06297,0.18186,0.53208,0.52596,0.74537,6.9324,6.810569999999999,5.86827,5.3613800000000005,4.79515
2015-04-24,7.135,7.517,7.593,7.03,581482.0,002083,0.035539999999999995,0.0945,0.22009,0.53722,0.62284,0.81133,7.0622,6.875139999999999,5.91065,5.3848400000000005,4.80884
2015-04-27,7.487999999999999,7.441,7.612999999999999,7.2970000000000015,465768.0,002083,-0.01011,0.13568,0.16284,0.49538000000000004,0.59644,0.7973399999999999,7.24,6.924760000000001,5.9504,5.40744,4.82226
2015-04-28,7.4689999999999985,7.049,7.5070000000000014,6.992000000000001,372400.0,002083,-0.05268,0.02501,0.10486,0.40558,0.50011,0.7456699999999999,7.2744,6.95662,5.98321,5.42654,4.8345
2015-04-29,7.049,7.154,7.211,6.9060000000000015,253349.0,002083,0.0149,0.00675,0.11799000000000001,0.44321000000000005,0.48918,0.8052,7.284,6.99257,6.01865,5.44565,4.8474699999999995
2015-04-30,7.183,7.1160000000000005,7.336,7.106,281828.0,002083,-0.0053100000000000005,-0.0197,0.09883,0.39776,0.47512,0.8387600000000001,7.2554,7.02305,6.05131,5.4642800000000005,4.86067
2015-05-04,7.106,7.135,7.154,6.934,213226.0,002083,0.00267,-0.05082,0.06875,0.38329,0.48213999999999996,0.82155,7.178999999999999,7.0449,6.08319,5.48315,4.87375
2015-05-05,7.307,7.03,7.402,6.962999999999999,393339.0,002083,-0.014719999999999999,-0.055229999999999994,0.04396,0.37573,0.42915,0.79474,7.0968,7.059,6.11416,5.500319999999999,4.8864
2015-05-06,6.962999999999999,6.676,7.0870000000000015,6.581,281252.0,002083,-0.05036,-0.05292,-0.059320000000000005,0.32382,0.34678000000000003,0.6611100000000001,7.0222,7.03895,6.1405,5.51429,4.8972
2015-05-07,6.6960000000000015,6.352,6.7620000000000005,6.3039999999999985,265114.0,002083,-0.048530000000000004,-0.11210999999999999,-0.12722999999999998,0.27397,0.27166999999999997,0.5987899999999999,6.8618,6.994860000000001,6.16253,5.52533,4.90687
2015-05-08,6.428,6.61,6.629,6.39,228972.0,002083,0.040619999999999996,-0.07111,-0.06731000000000001,0.31306999999999996,0.33078,0.70801,6.7606,6.97214,6.18795,5.53868,4.91801
2015-05-11,6.6960000000000015,6.934,6.9529999999999985,6.619,278675.0,002083,0.04902,-0.02817,0.013890000000000001,0.33192,0.39883,0.79591,6.7204,6.9766699999999995,6.21582,5.55476,4.9305
2015-05-12,6.9529999999999985,6.982,7.049,6.848,284193.0,002083,0.00692,-0.00683,0.0027300000000000002,0.36634,0.43338000000000004,0.79532,6.7108,6.97757,6.24602,5.5719199999999995,4.94308
2015-05-13,6.982,7.068,7.278,6.925,396287.0,002083,0.012320000000000001,0.05872,-0.01983,0.40685,0.44245,0.77098,6.7892,6.97076,6.278980000000001,5.58954,4.95559
2015-05-14,7.068,7.1160000000000005,7.144,6.982,303420.0,002083,0.006790000000000001,0.12028,0.00807,0.4272,0.50508,0.79109,6.942,6.97348,6.31334,5.60896,4.96836
2015-05-15,7.125,6.962999999999999,7.125,6.82,310602.0,002083,-0.0215,0.0534,0.0282,0.43508,0.44641000000000003,0.74468,7.0126,6.98257,6.34739,5.62643,4.98044
2015-05-18,6.877000000000002,7.382999999999999,7.421,6.848,597291.0,002083,0.060320000000000006,0.06475,0.08112,0.5098199999999999,0.55825,0.89843,7.1024,7.00895,6.3876,5.647930000000001,4.99465
2015-05-19,7.374,7.565,7.641,7.258999999999999,632411.0,002083,0.02465,0.0835,0.10149,0.52612,0.60992,0.9407399999999999,7.218999999999999,7.04214,6.42966,5.67124,5.00955
2015-05-20,7.574,7.622000000000001,8.109,7.497999999999998,667229.0,002083,0.007529999999999999,0.07837999999999999,0.16330999999999998,0.5345300000000001,0.6087,0.94142,7.3298,7.0931,6.47248,5.69468,5.02458
2015-05-21,7.612999999999999,7.937,7.937,7.603,533384.0,002083,0.04133,0.11537,0.15414,0.57075,0.6521600000000001,1.03617,7.494,7.1435699999999995,6.519,5.72015,5.041
2015-05-22,8.081,8.014,8.147,7.765,525922.0,002083,0.0097,0.15094000000000002,0.12778,0.5624899999999999,0.66819,1.0314299999999998,7.7042,7.18681,6.56553,5.74625,5.05754
2015-05-25,7.956,8.262,8.31,7.842,658290.0,002083,0.03095,0.11905999999999999,0.13817000000000002,0.6077100000000001,0.7028,1.0943,7.88,7.23457,6.6159,5.77398,5.07509
2015-05-26,8.262,8.635,8.692,8.186,656131.0,002083,0.04515,0.14144,0.14873,0.68029,0.77274,1.1734200000000001,8.094,7.28781,6.672289999999999,5.8045800000000005,5.094040000000001
2015-05-27,8.959,8.663,8.959,8.491,612013.0,002083,0.00324,0.13658,0.16423,0.6766,0.76113,1.17554,8.3022,7.346,6.728680000000001,5.83502,5.11307
2015-05-28,8.596,7.917999999999998,8.978,7.89,732733.0,002083,-0.086,-0.0023899999999999998,0.12328,0.45445,0.60968,1.00253,8.2984,7.38738,6.76858,5.8594,5.12918
2015-05-29,7.917999999999998,8.052,8.214,7.45,506502.0,002083,0.016919999999999998,0.00474,0.12552,0.44093999999999994,0.6369199999999999,1.01754,8.306000000000001,7.43014,6.80832,5.884869999999999,5.14569
2015-06-01,8.09,8.635,8.663,8.023,518708.0,002083,0.0724,0.04515,0.21345999999999998,0.54279,0.73533,1.20449,8.3806,7.50248,6.85732,5.914619999999999,5.16487
2015-06-02,8.644,9.255,9.437,8.51,704629.0,002083,0.0718,0.0718,0.29713,0.6479699999999999,0.84915,1.3573600000000001,8.5046,7.60343,6.91602,5.94917,5.18653
2015-06-03,9.313,9.637,9.809,9.169,688976.0,002083,0.04127,0.11243,0.37084,0.67309,0.95914,1.4666,8.6994,7.72757,6.97855,5.9875300000000005,5.20982
2015-06-04,9.628,9.446,9.676,8.787,574872.0,002083,-0.019819999999999997,0.19297999999999998,0.41491999999999996,0.70229,0.90559,1.4708299999999999,9.005,7.8594800000000005,7.0414,6.02402,5.23268
2015-06-05,9.58,9.647,9.934,9.274,661965.0,002083,0.02128,0.19809000000000002,0.51873,0.70321,0.89864,1.52341,9.324,8.01638,7.10565,6.06115,5.25635
2015-06-08,9.762,9.953,10.182,9.571,665454.0,002083,0.03172,0.15263,0.50575,0.71102,0.94775,1.60345,9.5876,8.17557,7.17235,6.1005199999999995,5.28127
2015-06-09,9.981,9.685,9.981,9.532,497729.0,002083,-0.026930000000000003,0.04646,0.39674,0.6381899999999999,0.99198,1.5771700000000002,9.6736,8.306569999999999,7.233210000000001,6.13973,5.30537
2015-06-10,9.58,9.742,9.914,9.418,496889.0,002083,0.00589,0.0109,0.3953,0.69426,0.9959,1.5603200000000002,9.6946,8.437999999999999,7.2976,6.17925,5.3295
2015-06-11,9.742,10.048,10.105,9.551,531058.0,002083,0.03141,0.06373,0.42162,0.7417199999999999,1.14701,1.6345,9.815,8.5799,7.3666100000000005,6.2228900000000005,5.35484
2015-06-12,10.048,10.459,10.602,10.019,649756.0,002083,0.0409,0.08417000000000001,0.46979,0.78056,1.17262,1.7831299999999999,9.9774,8.7391,7.4405600000000005,6.26879,5.38208
2015-06-15,10.507,11.509,11.509,10.507,729160.0,002083,0.10039,0.15633,0.65288,0.9467200000000001,1.3307,2.0104599999999997,10.2886,8.95557,7.5308399999999995,6.32221,5.41333
2015-06-16,11.653,10.87,11.911,10.612,1183251.0,002083,-0.05552000000000001,0.12235,0.4723,0.82383,1.17618,1.8153299999999999,10.5256,9.12162,7.61003,6.36998,5.44182
2015-06-17,10.707,11.261,11.462,9.8,794722.0,002083,0.03597,0.15592,0.48857,0.83344,1.22461,1.95953,10.8294,9.29762,7.6926,6.42037,5.47213
2015-06-18,11.08,10.898,11.672,10.793,676931.0,002083,-0.03224,0.08459,0.42981,0.77174,1.17308,1.8930200000000001,10.9994,9.453619999999999,7.76916,6.4682,5.50111
2015-06-19,10.487,9.809,10.593,9.809,471970.0,002083,-0.09992999999999999,-0.06215,0.23586,0.5607,0.9864299999999999,1.6561099999999997,10.8694,9.542760000000001,7.8260000000000005,6.5078,5.525980000000001
2015-06-23,9.599,9.666,10.0,8.826,478275.0,002083,-0.014580000000000001,-0.16014,0.20614000000000002,0.57375,0.9650299999999999,1.6110200000000001,10.5008,9.62143,7.88284,6.5464,5.5502199999999995
2015-06-24,9.79,9.886,9.981,9.322,508243.0,002083,0.02276,-0.09052,0.19655999999999998,0.6046100000000001,1.04934,1.65681,10.304,9.69876,7.94292,6.58755,5.57528
2015-06-25,10.21,9.504,10.382,9.169,552721.0,002083,-0.03864,-0.15603,0.10064,0.48523,1.02644,1.54186,9.9526,9.74014,7.992999999999999,6.626689999999999,5.59872
2015-06-26,9.064,8.558,9.208,8.558,415804.0,002083,-0.09954,-0.21472,-0.01212,0.34138,0.8139,1.32365,9.4846,9.73514,8.02813,6.65791,5.618530000000001
2015-06-29,8.873,7.707999999999998,8.94,7.697999999999999,516958.0,002083,-0.09932,-0.21419000000000002,-0.02652,0.20456,0.60751,1.0560100000000001,9.0644,9.72514,8.04924,6.681589999999999,5.6346300000000005
2015-06-30,7.6789999999999985,8.377,8.405,6.934,541233.0,002083,0.08678999999999999,-0.13335,0.04036,0.29355,0.7401300000000001,1.22379,8.8066,9.74062,8.0799,6.710560000000001,5.65337
2015-07-01,8.318999999999999,7.928,8.854,7.689,545220.0,002083,-0.0536,-0.19805999999999999,-0.08188,0.18754,0.6533899999999999,1.07866,8.415,9.70695,8.1001,6.73603,5.67009
2015-07-02,8.004,7.278,8.119,7.164,431780.0,002083,-0.08199,-0.23421999999999998,-0.21361,0.08077999999999999,0.54555,0.8714299999999999,7.9698,9.612810000000001,8.10887,6.75692,5.68387
2015-07-03,7.154,6.782,7.689,6.5710000000000015,470320.0,002083,-0.06815,-0.20753000000000002,-0.29625,-0.04438,0.45505,0.7358600000000001,7.6146,9.47686,8.10379,6.77416,5.69555
2015-07-06,7.46,6.849,7.46,6.239,548529.0,002083,0.00988,-0.11144000000000001,-0.27493,-0.05894,0.45445,0.74853,7.4428,9.35319,8.09687,6.7915600000000005,5.70747
2015-07-07,6.587999999999999,6.162000000000001,6.84,6.162000000000001,318421.0,002083,-0.10031,-0.26441,-0.36125,-0.13052,0.26738,0.58081,6.9998,9.18724,8.08195,6.80213,5.71667
2015-07-08,5.542000000000002,5.542000000000002,5.9,5.542000000000002,680260.0,002083,-0.10062,-0.30096,-0.44318,-0.18965,0.13775,0.42175,6.5226,8.97719,8.06103,6.807589999999999,5.72336
2015-07-09,5.445,6.0939999999999985,6.0939999999999985,5.299,386914.0,002083,0.0996,-0.16268,-0.37078,-0.1248,0.25339,0.54867,6.2858,8.806189999999999,8.04702,6.8176,5.732130000000001
2015-07-10,6.587999999999999,6.704,6.704,6.278,228516.0,002083,0.1001,-0.0115,-0.31185,-0.07031,0.36816,0.74175,6.2702,8.66152,8.038839999999999,6.832269999999999,5.74374
2015-07-13,7.1789999999999985,7.372999999999998,7.372999999999998,6.985,528441.0,002083,0.09979,0.07651000000000001,-0.26621999999999996,0.04448,0.5284,0.91556,6.375,8.534139999999999,8.0439,6.852989999999999,5.75807
2015-07-14,7.402,7.44,7.944,7.169,654486.0,002083,0.00909,0.2074,-0.28865,0.09863999999999999,0.57694,0.8950600000000001,6.6306,8.39038,8.054680000000001,6.87512,5.77235
2015-07-15,7.218,6.782,7.362999999999999,6.694,444482.0,002083,-0.08843999999999999,0.22375,-0.41072,-0.00688,0.41735,0.69043,6.8786,8.165289999999999,8.05392,6.891360000000001,5.7836099999999995
2015-07-16,6.782,7.042999999999998,7.247000000000001,6.346,346757.0,002083,0.03848,0.15573,-0.35207,0.025480000000000003,0.49278999999999995,0.69916,7.0684,7.98305,8.05674,6.910260000000001,5.79539
2015-07-17,7.121,7.537000000000001,7.654,7.042999999999998,318663.0,002083,0.07014,0.12425,-0.3307,0.15034,0.5624,0.8523,7.235,7.80571,8.07263,6.93232,5.80949
2015-07-20,7.528,7.566,7.78,7.362999999999999,420696.0,002083,0.00385,0.026180000000000002,-0.30574,0.10019,0.56225,0.8640100000000001,7.2736,7.64705,8.083739999999999,6.954460000000001,5.82374
2015-07-21,7.46,7.692,7.75,7.295,337713.0,002083,0.01665,0.03387,-0.21581999999999998,0.08247,0.62347,0.89039,7.324,7.546239999999999,8.09319,6.97847,5.83847
2015-07-22,7.7120000000000015,7.605,7.7120000000000015,7.314,308875.0,002083,-0.011309999999999999,0.12135,-0.21322,0.04766,0.55521,0.8603200000000001,7.4886,7.4481,8.09877,7.000539999999999,5.85277
2015-07-23,7.672999999999999,7.896,8.031,7.557,426025.0,002083,0.03826,0.12111,-0.20129,0.05042,0.58682,0.90909,7.6592,7.353330000000001,8.10489,7.02428,5.86805
2015-07-24,7.896,7.7120000000000015,8.002,7.507999999999999,430059.0,002083,-0.0233,0.023219999999999998,-0.18855,0.03642,0.53779,0.89112,7.6942,7.268,8.10926,7.04621,5.88283
2015-07-27,7.489,6.937,7.692,6.937,355065.0,002083,-0.10049,-0.08313999999999999,-0.18941,-0.01589,0.39944,0.69692,7.5684,7.190810000000001,8.10745,7.062310000000001,5.89441
2015-07-28,6.268,6.636,7.034,6.268,323230.0,002083,-0.04339,-0.13729,-0.13908,-0.07241,0.30348,0.60834,7.3572,7.139760000000001,8.0991,7.07487,5.90461
2015-07-29,6.752999999999999,7.121,7.121,6.4910000000000005,267387.0,002083,0.07309,-0.06364,-0.14993,0.0007,0.38056999999999996,0.70604,7.2604,7.07995,8.09918,7.09083,5.91659
2015-07-30,6.975,6.752999999999999,7.207999999999998,6.733,240871.0,002083,-0.05168,-0.14476,-0.14820999999999998,-0.05354,0.32153000000000004,0.61787,7.0318,7.024,8.09302,7.104189999999999,5.92707
2015-07-31,6.685,6.646,6.83,6.501,186139.0,002083,-0.01584,-0.13823,-0.08684,-0.05462,0.31787,0.58843,6.8186,6.9939,8.08682,7.11722,5.93708
2015-08-03,6.665,6.569,6.849,6.317,204804.0,002083,-0.011590000000000001,-0.05305,-0.03141,-0.016030000000000003,0.31749,0.54893,6.745,6.98376,8.0851,7.130089999999999,5.94654
2015-08-04,6.539,7.0139999999999985,7.024,6.539,228121.0,002083,0.06774,0.056960000000000004,0.02409,0.10422000000000001,0.39333,0.69216,6.8206,6.991619999999999,8.09577,7.14619,5.95821
2015-08-05,7.0139999999999985,6.811,7.042999999999998,6.7620000000000005,236780.0,002083,-0.028939999999999997,-0.04353,0.10532000000000001,0.030410000000000003,0.3083,0.60978,6.7586,7.02252,8.09902,7.15924,5.9687
2015-08-06,6.685,6.811,6.908,6.607,147240.0,002083,0.0,0.00859,0.22898000000000002,-0.017740000000000002,0.33288,0.59173,6.7702,7.08295,8.09703,7.17307,5.9789900000000005
2015-08-07,6.82,7.004,7.0139999999999985,6.82,215583.0,002083,0.028339999999999997,0.05387,0.14933,0.00315,0.39411,0.6402800000000001,6.8418,7.126289999999999,8.097389999999999,7.18916,5.9901
2015-08-10,7.063,7.605,7.6629999999999985,6.985,379251.0,002083,0.08581,0.15771,0.1344,0.07597999999999999,0.52527,0.8176399999999999,7.0489999999999995,7.1691899999999995,8.10605,7.21046,6.00401
2015-08-11,7.557,8.37,8.37,7.46,824428.0,002083,0.10059,0.19333,0.13522,0.17622000000000002,0.72506,0.9914299999999999,7.3202,7.21667,8.12627,7.23906,6.02095
2015-08-12,8.408999999999999,8.671,8.991,8.283,1390888.0,002083,0.03596,0.27309,0.16546,0.2453,0.7732100000000001,1.0306799999999998,7.6922,7.275289999999999,8.15382,7.2698,6.03884
2015-08-13,8.332,8.593,8.642000000000001,8.138,764443.0,002083,-0.009000000000000001,0.26164,0.26703000000000005,0.16389,0.73351,1.01714,8.0486,7.36152,8.17334,7.299360000000001,6.05645
2015-08-14,8.613,8.322000000000001,8.69,8.274,602906.0,002083,-0.03154,0.18818,0.1816,0.10007,0.6754600000000001,0.91091,8.3122,7.42243,8.18555,7.326630000000001,6.07258
2015-08-17,8.157,8.341000000000001,8.4,8.041,420827.0,002083,0.00228,0.09677999999999999,0.10667,0.09433,0.6507,0.9406700000000001,8.4594,7.460710000000001,8.19715,7.35337,6.08901
2015-08-18,8.38,7.507999999999999,8.419,7.507999999999999,536242.0,002083,-0.09987,-0.10299000000000001,-0.007670000000000001,-0.05405,0.46383,0.73515,8.287,7.45795,8.19023,7.3727100000000005,6.10194
2015-08-19,7.266,7.837999999999999,7.867000000000001,6.908,403967.0,002083,0.04395,-0.09607,0.01898,-0.02196,0.5252,0.78015,8.1204,7.4649,8.187389999999999,7.39465,6.1159099999999995
2015-08-20,7.692,7.528,7.867000000000001,7.46,274718.0,002083,-0.03955,-0.12394000000000001,-0.01012,-0.08884,0.46488,0.7024,7.9074,7.461239999999999,8.17555,7.41407,6.1285300000000005
2015-08-21,7.285,7.034,7.518,6.975,257241.0,002083,-0.06562,-0.15477,-0.10917,-0.18541,0.36133000000000004,0.59755,7.6498,7.42019,8.14973,7.42925,6.13923
2015-08-24,6.782,6.3260000000000005,6.782,6.3260000000000005,239202.0,002083,-0.10065,-0.24158000000000002,-0.17972,-0.26976999999999995,0.16201,0.44593999999999995,7.2468,7.354189999999999,8.11203,7.43642,6.1471599999999995
2015-08-25,5.726,5.697,6.055,5.697,287777.0,002083,-0.09942999999999999,-0.24120999999999998,-0.17875,-0.2805,0.01951,0.28542,6.8846,7.295139999999999,8.076210000000001,7.437310000000001,6.1523
2015-08-26,5.823,5.8610000000000015,6.249,5.6,372664.0,002083,0.028789999999999996,-0.25223,-0.11679,-0.27211,0.04717,0.34273000000000003,6.4892,7.25824,8.04087,7.43946,6.15838
2015-08-27,5.978,6.122999999999998,6.132999999999999,5.774,255428.0,002083,0.0447,-0.18664,-0.14015,-0.29091,0.09028,0.4537,6.2082,7.210710000000001,8.00035,7.44358,6.16615
2015-08-28,6.22,6.539,6.5779999999999985,6.103,322523.0,002083,0.06794,-0.07037,-0.031689999999999996,-0.29346,0.13524,0.5455,6.1092,7.20052,7.95655,7.449910000000001,6.17553
2015-08-31,6.404,6.084,6.404,6.084,230139.0,002083,-0.06957999999999999,-0.03825,-0.08456,-0.36868,0.09641,0.44101999999999997,6.0608,7.173760000000001,7.89924,7.4542600000000006,6.1831
2015-09-01,6.084,5.6770000000000005,6.0939999999999985,5.619,207145.0,002083,-0.0669,-0.00351,-0.13579000000000002,-0.39899999999999997,0.0023,0.32950999999999997,6.0568,7.131289999999999,7.83845,7.45437,6.18882
2015-09-02,5.425,5.561,5.957999999999998,5.337999999999999,160363.0,002083,-0.02043,-0.05119,-0.20715999999999998,-0.42355,-0.04401,0.27109,5.9968,7.0621,7.77255,7.45228,6.19364
2015-09-07,5.716,5.706,5.939,5.658,148210.0,002083,0.02607,-0.0681,-0.16224,-0.42671000000000003,-0.034839999999999996,0.29593,5.9134,7.00948,7.70405,7.45061,6.19894
2015-09-08,5.716,5.997000000000001,6.026,5.619,131614.0,002083,0.051,-0.08288999999999999,-0.11950999999999999,-0.3808,0.042960000000000005,0.34734,5.805,6.97071,7.64456,7.45262,6.20522
2015-09-09,6.026,6.181,6.239,5.997000000000001,226240.0,002083,0.030680000000000002,0.01594,-0.1175,-0.36553,0.07142000000000001,0.38277,5.8244,6.93152,7.58713,7.45597,6.21218
2015-09-10,6.0360000000000005,5.978,6.152,5.939,142840.0,002083,-0.03284,0.053020000000000005,-0.21394000000000002,-0.40506,0.01771,0.34006,5.8846,6.85405,7.52148,7.456810000000001,6.21835
2015-09-11,6.0360000000000005,6.084,6.142,5.957999999999998,118593.0,002083,0.017730000000000003,0.09405,-0.27312,-0.4183,0.029089999999999998,0.33538,5.9892,6.745189999999999,7.45092,7.45821,6.224559999999999
2015-09-14,6.103,5.474,6.113,5.474,194817.0,002083,-0.10026,-0.04066,-0.3687,-0.52437,-0.08154,0.18897,5.9428,6.59295,7.35358,7.4542600000000006,6.22809
2015-09-15,5.3279999999999985,5.086,5.464,5.038,136745.0,002083,-0.07088,-0.15191,-0.40812,-0.5321100000000001,-0.17193,0.10469,5.7606,6.42595,7.2602899999999995,7.44567,6.23005
2015-09-16,5.154,5.551,5.6,5.144,161474.0,002083,0.09143,-0.10192999999999999,-0.33297,-0.5070600000000001,-0.09755,0.1884,5.6346,6.294,7.168189999999999,7.4408,6.233630000000001
2015-09-17,5.474,5.396,5.658,5.396,214223.0,002083,-0.02792,-0.09736,-0.35308,-0.5048600000000001,-0.14145,0.1437,5.5182,6.15376,7.07945,7.43357,6.23639
2015-09-18,5.4060000000000015,5.435,5.513,5.309,97747.0,002083,0.0072299999999999994,-0.10667,-0.27610999999999997,-0.44592,-0.11510999999999999,0.19529000000000002,5.3884,6.05505,7.0089,7.42782,6.24
2015-09-21,5.3279999999999985,5.619,5.638,5.319,130842.0,002083,0.03385,0.026489999999999996,-0.28311,-0.41868,-0.08797,0.17898,5.4174,5.949380000000001,6.943630000000001,7.4234100000000005,6.24346
2015-09-22,5.648,5.6770000000000005,5.726,5.542000000000002,181570.0,002083,0.010320000000000001,0.1162,-0.24588000000000002,-0.42575,-0.11283,0.18642,5.5356,5.8612400000000004,6.8757399999999995,7.41754,6.24709
2015-09-23,5.542000000000002,5.4929999999999986,5.629,5.445,130109.0,002083,-0.03241,-0.01045,-0.21908000000000002,-0.42203,-0.13903,0.15012999999999999,5.524,5.78786,6.81105,7.41033,6.25
2015-09-24,5.4929999999999986,5.6,5.609,5.4929999999999986,104735.0,002083,0.01948,0.03781,-0.11475999999999999,-0.34564,-0.12485999999999998,0.17499,5.5648,5.75329,6.7633399999999995,7.40384,6.2533900000000004
2015-09-25,5.58,5.483,5.609,5.3279999999999985,119724.0,002083,-0.02089,0.00883,-0.03756,-0.28865999999999997,-0.15334,0.13005,5.5744,5.7431,6.72745,7.395760000000001,6.25596
2015-09-28,5.435,5.745,5.745,5.377000000000002,149389.0,002083,0.04778,0.02242,-0.019790000000000002,-0.31419,-0.13945,0.15223,5.5996,5.73757,6.685,7.3882,6.25904
2015-09-29,5.648,5.532,5.687,5.513,148172.0,002083,-0.03708,-0.02554,-0.09652000000000001,-0.30222,-0.1785,0.12029000000000001,5.5706,5.70943,6.64635,7.378419999999999,6.26146
2015-09-30,5.561,5.561,5.6,5.502999999999999,93715.0,002083,0.00524,0.01238,-0.14956,-0.23592,-0.21643,0.08423,5.5842,5.66286,6.61866,7.3659300000000005,6.26322
2015-10-08,5.716,5.792999999999998,5.792999999999998,5.658,183457.0,002083,0.04172,0.034460000000000005,-0.047830000000000004,-0.14583,-0.20404,0.1149,5.6228,5.649,6.602710000000001,7.353860000000001,6.26564
2015-10-09,5.784,5.823,5.8610000000000015,5.706,175626.0,002083,0.00518,0.06201,0.02572,-0.1498,-0.17835,0.11852,5.6908,5.65595,6.5861600000000005,7.34359,6.26815
2015-10-12,5.8420000000000005,6.055,6.0939999999999985,5.813,228667.0,002083,0.03984,0.05396,0.08882999999999999,-0.01736,-0.11464,0.16532,5.7528,5.67948,6.58444,7.337210000000001,6.2716400000000005
2015-10-13,6.0070000000000014,6.229,6.257999999999999,5.968,265768.0,002083,0.028739999999999998,0.12599000000000002,0.09166,0.12395999999999999,-0.10540999999999999,0.20554,5.8922,5.7043800000000005,6.59552,7.331239999999999,6.2759599999999995
2015-10-14,6.191,6.055,6.22,6.0360000000000005,198243.0,002083,-0.02793,0.08882999999999999,0.00967,-0.0064,-0.16030999999999998,0.18725,5.9910000000000005,5.70714,6.5948899999999995,7.32185,6.27984
2015-10-15,6.142,6.249,6.249,6.0070000000000014,226336.0,002083,0.03204,0.07872,0.011000000000000001,-0.06787,-0.11475,0.20706999999999998,6.0822,5.710380000000001,6.58755,7.31526,6.2842
2015-10-16,6.268,6.268,6.317,6.122999999999998,253927.0,002083,0.0030399999999999997,0.07642,0.048510000000000005,-0.14987,-0.07442,0.20631,6.1712,5.72419,6.56973,7.311160000000001,6.2885599999999995
2015-10-19,6.2879999999999985,6.384,6.452000000000001,6.21,310963.0,002083,0.01851,0.05434,0.04931,-0.14194,-0.06516,0.24686999999999998,6.237,5.73848,6.55269,7.3075399999999995,6.2937
2015-10-20,6.307,6.394,6.414,6.229,275036.0,002083,0.00157,0.026489999999999996,0.16807,-0.057210000000000004,-0.06902,0.24420999999999998,6.27,5.78229,6.5464400000000005,7.30369,6.2988
2015-10-21,6.433,5.852,6.433,5.813,292833.0,002083,-0.08477,-0.033530000000000004,0.15061,-0.1691,-0.10684,0.1921,6.2294,5.81876,6.52723,7.297999999999999,6.302630000000001
2015-10-22,5.8420000000000005,6.181,6.181,5.8420000000000005,202308.0,002083,0.056220000000000006,-0.010879999999999999,0.11349000000000001,-0.17991,-0.10121000000000001,0.25172,6.2158,5.8487599999999995,6.50535,7.292339999999999,6.30768
2015-10-23,6.2,6.3260000000000005,6.394,6.084,256188.0,002083,0.023459999999999998,0.00925,0.17235,-0.16389,-0.10977,0.29366,6.2274,5.89305,6.48535,7.2860000000000005,6.31352
2015-10-26,6.394,6.443,6.443,6.307,287173.0,002083,0.0185,0.00924,0.18545999999999999,-0.16238,-0.11241,0.35443,6.2392,5.94105,6.46521,7.27937,6.32037
2015-10-27,6.587999999999999,6.7429999999999986,6.782,6.443,490926.0,002083,0.046560000000000004,0.05458,0.20004,-0.11335,-0.10297,0.45574,6.309,5.9945699999999995,6.451309999999999,7.27307,6.3289599999999995
2015-10-28,6.636,6.452000000000001,6.675,6.414,272984.0,002083,-0.043160000000000004,0.10253,0.13652,-0.18288,-0.13291,0.38425,6.428999999999999,6.03148,6.42802,7.26503,6.33624
2015-10-29,6.539,6.549,6.636,6.4620000000000015,187839.0,002083,0.015030000000000002,0.059539999999999996,0.19224000000000002,-0.1508,-0.07092999999999999,0.3937,6.5026,6.08176,6.40926,7.2609699999999995,6.34376
2015-10-30,6.685,6.714,6.9460000000000015,6.675,453573.0,002083,0.02519,0.061329999999999996,0.19893,-0.03215,-0.0615,0.39759,6.5802,6.13481,6.40566,7.257389999999999,6.35152
2015-11-02,6.539,6.481,6.7429999999999986,6.414,243705.0,002083,-0.0347,0.0059,0.18202000000000002,-0.02336,-0.08924,0.34349,6.5878,6.18233,6.40316,7.25223,6.35826
2015-11-03,6.549,6.4620000000000015,6.5779999999999985,6.394,138510.0,002083,-0.00293,-0.04167,0.1248,-0.09254,-0.09432,0.34233,6.5316,6.216480000000001,6.392530000000001,7.246760000000001,6.36496
2015-11-04,6.51,6.801,6.82,6.51,281386.0,002083,0.05246,0.05409,0.22939,0.007109999999999999,-0.03257,0.3826,6.6014,6.2769,6.39331,7.24489,6.37261
2015-11-05,6.83,6.752999999999999,6.869,6.636,402132.0,002083,-0.0070599999999999994,0.03115,0.21435,0.0161,0.01153,0.36232,6.6422,6.33367,6.39503,7.24552,6.37991
2015-11-06,6.733,6.9270000000000005,6.995,6.714,321951.0,002083,0.025769999999999998,0.03172,0.19575,0.0545,0.09052,0.38679,6.6848,6.38767,6.40081,7.2502,6.38776
2015-11-09,6.859,6.917000000000002,7.004,6.782,349230.0,002083,-0.00144,0.06727000000000001,0.18788,-0.01383,0.046439999999999995,0.39259,6.772,6.43976,6.39924,7.252689999999999,6.39569
2015-11-10,6.849,6.937,7.024,6.82,276887.0,002083,0.0028899999999999998,0.07351,0.14565999999999998,0.0185,0.00043,0.39944,6.867000000000001,6.4817599999999995,6.401269999999999,7.25272,6.40374
2015-11-11,6.9460000000000015,7.053,7.072,6.917000000000002,283277.0,002083,0.01672,0.03705,0.13228,0.03553,0.01017,0.44796,6.9174,6.521,6.4051800000000005,7.25329,6.41261
2015-11-12,7.053,6.937,7.1110000000000015,6.849,303093.0,002083,-0.01645,0.02725,0.14565999999999998,-0.00957,-0.01853,0.41571,6.9542,6.563,6.4041,7.25223,6.42089
2015-11-13,6.849,6.782,6.898,6.7429999999999986,258963.0,002083,-0.022340000000000002,-0.02093,0.08528999999999999,-0.10822000000000001,-0.046939999999999996,0.43443000000000004,6.9252,6.58838,6.39082,7.249510000000001,6.42924
2015-11-16,6.627000000000002,6.908,6.917000000000002,6.607,177420.0,002083,0.018580000000000003,-0.0013,0.10211,-0.17467,-0.0079,0.43498000000000003,6.9234,6.618860000000001,6.36724,7.24907,6.43775
2015-11-17,6.9460000000000015,6.869,7.0139999999999985,6.83,311288.0,002083,-0.00565,-0.0098,0.07597000000000001,-0.20781999999999998,-0.06962,0.44977,6.9098,6.64195,6.33818,7.24489,6.44641
2015-11-18,6.879,6.7429999999999986,6.917000000000002,6.733,178676.0,002083,-0.018340000000000002,-0.04395,0.05458,-0.21529,-0.10865999999999999,0.43499,6.8478,6.65857,6.30834,7.2382,6.45472
2015-11-19,6.791,6.888,6.888,6.752999999999999,146731.0,002083,0.0215,-0.0070599999999999994,0.17703,-0.17231,-0.0963,0.45378,6.837999999999999,6.7079,6.28521,7.232239999999999,6.4634599999999995
2015-11-20,6.888,7.121,7.207999999999998,6.869,620516.0,002083,0.03383,0.04999,0.15208,-0.14627,-0.10280999999999998,0.48231,6.9058,6.752669999999999,6.26553,7.2256,6.47288
2015-11-23,7.0920000000000005,7.024,7.207999999999998,6.995,310804.0,002083,-0.013619999999999998,0.01679,0.11034000000000001,-0.06446,-0.12353,0.46211,6.928999999999999,6.7859,6.2577300000000005,7.21755,6.4819
2015-11-24,7.0139999999999985,7.0920000000000005,7.15,6.9460000000000015,269634.0,002083,0.00968,0.03246,0.10073,-0.09518,-0.14160999999999999,0.46166999999999997,6.9736,6.81681,6.24569,7.20804,6.49101
2015-11-25,7.072,7.305,7.314,7.053,422527.0,002083,0.03003,0.08335,0.08335,-0.02962,-0.15402000000000002,0.49968999999999997,7.086,6.84357,6.2421,7.19723,6.5009
2015-11-26,7.314,7.14,7.314,7.13,327006.0,002083,-0.02259,0.03659,0.10662999999999999,0.015069999999999998,-0.17581,0.45151,7.1364,6.87633,6.24381,7.18485,6.509930000000001
2015-11-27,7.0920000000000005,6.752999999999999,7.159,6.607,367607.0,002083,-0.0542,-0.05168,0.03115,0.0675,-0.14712999999999998,0.37284,7.0628,6.88605,6.2506900000000005,7.17537,6.51739
2015-11-30,6.782,7.189,7.218,6.598,473225.0,002083,0.06456,0.02349,0.07075,0.26189,-0.10718,0.46148,7.0958,6.90867,6.27476,7.168360000000001,6.52661
2015-12-01,7.237,7.256,7.44,7.0920000000000005,508971.0,002083,0.00932,0.023119999999999998,0.11957999999999999,0.23801,-0.1597,0.4582,7.1286,6.94557,6.29726,7.15715,6.535880000000001
2015-12-02,7.227,7.14,7.256,6.879,268051.0,002083,-0.01599,-0.02259,0.10492,0.1661,-0.22853,0.42657,7.0956,6.977860000000001,6.31366,7.13995,6.54456
2015-12-03,7.121,7.256,7.295,7.072,284608.0,002083,0.01625,0.01625,0.0669,0.10965,-0.24706999999999998,0.4751,7.1188,6.9995199999999995,6.32523,7.120589999999999,6.554060000000001
2015-12-04,7.247000000000001,7.411,7.507999999999999,7.207999999999998,625945.0,002083,0.02136,0.09744,0.09744,0.21811,-0.21544000000000002,0.49506000000000006,7.2504,7.0308600000000006,6.34663,7.10405,6.564039999999999
2015-12-07,7.411,7.45,7.644,7.362999999999999,437610.0,002083,0.00526,0.03631,0.0755,0.31231,-0.22774,0.46625,7.3026,7.05576,6.37523,7.086189999999999,6.57367
2015-12-08,7.362999999999999,7.362999999999999,7.576,7.159,414989.0,002083,-0.01168,0.01475,0.06448,0.32404,-0.26022,0.4409,7.324,7.077000000000001,6.4042900000000005,7.06513,6.58283
2015-12-09,7.305,7.218,7.411,7.121,276552.0,002083,-0.01969,0.010920000000000001,0.040510000000000004,0.26498,-0.25472,0.48457,7.3396,7.090380000000001,6.42868,7.04507,6.5924
2015-12-10,7.218,7.402,7.576,7.218,354057.0,002083,0.025490000000000002,0.02012,0.04948,0.23428000000000002,-0.2402,0.51649,7.3688,7.107,6.45134,7.02605,6.60265
2015-12-11,7.362999999999999,7.809,7.925,7.324,652487.0,002083,0.05499,0.0537,0.1257,0.26339,-0.22283000000000003,0.66859,7.4484,7.1485199999999995,6.4776,7.00785,6.6153699999999995
2015-12-14,7.692,7.78,7.818,7.566,483499.0,002083,-0.00371,0.0443,0.14715,0.30144,-0.25614000000000003,0.61612,7.5144,7.19605,6.50666,6.98607,6.62743
2015-12-15,7.77,7.857,7.876,7.625,426206.0,002083,0.0099,0.06709,0.13738,0.29141999999999996,-0.31732,0.59113,7.6132,7.2412399999999995,6.53526,6.95637,6.639289999999999
2015-12-16,7.837999999999999,7.896,8.08,7.798999999999999,414104.0,002083,0.00496,0.09393,0.14951,0.44246,-0.2736,0.58078,7.7488,7.290139999999999,6.574319999999999,6.9322,6.651089999999999
2015-12-17,7.915,8.002,8.07,7.857,501872.0,002083,0.01342,0.08106000000000001,0.18671,0.57334,-0.28941,0.5808,7.8688,7.3501,6.62135,6.9057,6.66304
2015-12-18,7.963999999999999,7.78,8.012,7.731,415523.0,002083,-0.027739999999999997,-0.00371,0.1295,0.40155,-0.28611,0.55135,7.8629999999999995,7.39257,6.657310000000001,6.88035,6.67428
2015-12-21,7.731,7.867000000000001,7.876,7.692,265083.0,002083,0.011179999999999999,0.011179999999999999,0.10475999999999999,0.45793,-0.19798,0.59316,7.8804,7.4281,6.69716,6.864560000000001,6.68618
2015-12-22,7.847,7.818,7.857,7.721,234686.0,002083,-0.006229999999999999,-0.00496,0.11304000000000002,0.43845,-0.19119,0.58935,7.8726,7.4659,6.7356,6.849539999999999,6.69797
2015-12-23,7.818,7.683,7.905,7.654,267601.0,002083,-0.017269999999999997,-0.02698,0.08333,0.36733000000000005,-0.22284,0.5926600000000001,7.83,7.49405,6.76889,6.8316300000000005,6.7095899999999995
2015-12-24,7.672999999999999,7.76,7.809,7.557,253427.0,002083,0.010020000000000001,-0.030239999999999996,0.06229,0.36691999999999997,-0.1835,0.65458,7.7816,7.51571,6.80248,6.81745,6.7220699999999995
2015-12-25,7.8279999999999985,7.76,7.8279999999999985,7.702000000000001,147261.0,002083,0.0,-0.00257,0.08682999999999999,0.41271,-0.09325,0.64476,7.7776,7.54524,6.83905,6.810960000000001,6.734430000000001
2015-12-28,7.809,7.586,7.876,7.586,245135.0,002083,-0.02242,-0.03572,0.12335,0.35464,-0.01583,0.58206,7.7214,7.5849,6.87108,6.80997,6.74578
2015-12-29,7.586,7.6629999999999985,7.692,7.479,163731.0,002083,0.01015,-0.01983,0.06592999999999999,0.39759,-0.08523,0.59182,7.6904,7.607480000000001,6.9062399999999995,6.80416,6.75736
2015-12-30,7.702000000000001,7.857,7.876,7.6629999999999985,240416.0,002083,0.02532,0.02265,0.08283,0.36762,-0.00896,0.63858,7.7252,7.6361,6.94031,6.80359,6.7698100000000005
2015-12-31,7.876,7.75,7.886,7.721,180431.0,002083,-0.013619999999999998,-0.0012900000000000001,0.08542999999999999,0.40094,0.06485,0.64578,7.7232,7.665139999999999,6.9760800000000005,6.80742,6.78217
2016-01-04,7.741,7.207999999999998,7.741,7.1110000000000015,199682.0,002083,-0.06994,-0.07113,-0.00662,0.29617,0.06281,0.54645,7.6128,7.66286,7.00265,6.81089,6.79252
2016-01-05,6.83,7.063,7.247000000000001,6.83,263593.0,002083,-0.02012,-0.06894,-0.04696,0.21923,0.03125,0.49988999999999995,7.5082,7.64629,7.02313,6.81263,6.80209
2016-01-06,7.0920000000000005,7.46,7.507999999999999,7.0139999999999985,235231.0,002083,0.05621,-0.026489999999999996,0.00134,0.28113,0.21065,0.53435,7.4676,7.6467600000000004,7.04953,6.823180000000001,6.81265
2016-01-07,7.353,6.782,7.518,6.724,87682.0,002083,-0.09087999999999999,-0.13682,-0.07891000000000001,0.12007000000000001,0.22375,0.39232,7.2526,7.6191,7.061260000000001,6.833260000000001,6.8204199999999995
2016-01-08,7.082000000000002,7.159,7.256,6.782,281563.0,002083,0.05559,-0.07626000000000001,-0.00817,0.1493,0.17476,0.47243999999999997,7.1344,7.616289999999999,7.07626,6.84192,6.82976
2016-01-11,6.879,6.539,7.13,6.443,275806.0,002083,-0.0866,-0.09281,-0.11659000000000001,0.07993,-0.02461,0.33449,7.0006,7.575189999999999,7.084060000000001,6.84058,6.8364199999999995
2016-01-12,6.452000000000001,6.539,6.675,6.2970000000000015,176193.0,002083,0.0,-0.07418999999999999,-0.16263,0.04641,-0.11312,0.35551,6.8958,7.514710000000001,7.08874,6.8338,6.843389999999999
2016-01-13,6.587999999999999,6.21,6.646,6.21,130251.0,002083,-0.05031,-0.16756,-0.2018,-0.00925,-0.16532,0.31624,6.6458,7.43995,7.08781,6.8238,6.8494600000000005
2016-01-14,5.91,6.355,6.404,5.881,155593.0,002083,0.02335,-0.06296,-0.19117,-0.00454,-0.06296,0.32811,6.5604,7.36843,7.087339999999999,6.82033,6.85584
2016-01-15,6.346,5.8610000000000015,6.346,5.792999999999998,174480.0,002083,-0.07773,-0.18131,-0.25773,-0.08336,-0.16783,0.24226,6.3008,7.27152,7.07874,6.81072,6.8604899999999995
2016-01-18,5.774,5.9289999999999985,6.045,5.697,105820.0,002083,0.0116,-0.09329,-0.25906,0.01316,-0.21335,0.22905999999999999,6.1788,7.172810000000001,7.07998,6.7976399999999995,6.86498
2016-01-19,5.939,6.152,6.171,5.9,109950.0,002083,0.037610000000000005,-0.059179999999999996,-0.20925,-0.00469,-0.18689,0.27029000000000003,6.1014,7.095289999999999,7.07952,6.78615,6.8703
2016-01-20,6.113,6.142,6.2,6.016,119771.0,002083,-0.0016300000000000002,-0.01095,-0.21927,-0.029089999999999998,-0.20151,0.29633000000000004,6.0878,7.013139999999999,7.07655,6.77354,6.876010000000001
2016-01-21,6.026,5.957999999999998,6.171,5.957999999999998,104481.0,002083,-0.029960000000000004,-0.062470000000000005,-0.23790999999999998,-0.07528,-0.21656999999999998,0.2184,6.0084,6.92457,7.06873,6.76015,6.88035
2016-01-22,6.0070000000000014,6.0070000000000014,6.065,5.852,89817.0,002083,0.00822,0.024909999999999998,-0.21814,-0.10915,-0.23924,0.20719,6.0376,6.844760000000001,7.05685,6.7448,6.884539999999999
2016-01-25,6.055,6.0360000000000005,6.132999999999999,5.987,87833.0,002083,0.00483,0.01805,-0.22216,-0.06448,-0.21731999999999999,0.20359000000000002,6.059,6.76267,7.05015,6.73117,6.8886899999999995
2016-01-26,5.968,5.561,5.978,5.532,132744.0,002083,-0.07869,-0.09607,-0.28338,-0.15086,-0.19835999999999998,0.12185,5.9408,6.65795,7.034210000000001,6.7199800000000005,6.89115
2016-01-27,5.619,5.687,5.726,5.358,130005.0,002083,0.02266,-0.07408,-0.25033,-0.15295999999999998,-0.14301,0.11707000000000001,5.8498,6.56752,7.01765,6.712269999999999,6.8935699999999995
2016-01-28,5.629,5.445,5.667999999999998,5.367000000000001,88552.0,002083,-0.04255,-0.0861,-0.28944000000000003,-0.15985,-0.23535999999999999,0.055639999999999995,5.7472,6.4619,7.000939999999999,6.698639999999999,6.89474
2016-01-29,5.4060000000000015,5.619,5.697,5.4060000000000015,100814.0,002083,0.03196,-0.06459,-0.28484,-0.13045,-0.16793,0.09961,5.6696,6.35533,6.98734,6.68942,6.8968
2016-02-01,5.629,5.619,5.687,5.542000000000002,61809.0,002083,0.0,-0.06909,-0.27497,-0.1738,-0.15453,0.11422,5.5862,6.2538599999999995,6.9682699999999995,6.68107,6.89915
2016-02-02,5.6,5.755,5.813,5.6,93090.0,002083,0.0242,0.03489,-0.20158,-0.14779,-0.12392,0.15423,5.625,6.18467,6.95218,6.674460000000001,6.90227
2016-02-03,5.697,5.745,5.7639999999999985,5.6,73396.0,002083,-0.0017399999999999998,0.0102,-0.18661,-0.17064000000000001,-0.18092,0.14124,5.6366,6.1219,6.933110000000001,6.66414,6.90516
2016-02-04,5.7639999999999985,5.852,5.9,5.745,93078.0,002083,0.018619999999999998,0.07475,-0.21555,-0.15397,-0.1408,0.12409,5.718,6.04533,6.915939999999999,6.656339999999999,6.907789999999999
2016-02-05,5.8610000000000015,5.823,5.9289999999999985,5.774,82013.0,002083,-0.00496,0.03631,-0.1414,-0.16059,-0.14506,0.13953,5.7588,5.99967,6.89797,6.64831,6.91069
2016-02-15,5.619,5.755,5.792999999999998,5.59,75604.0,002083,-0.01168,0.0242,-0.19612000000000002,-0.18404,-0.17833,0.1455,5.7860000000000005,5.93281,6.87703,6.63815,6.91366
2016-02-16,5.774,5.939,6.016,5.7639999999999985,135892.0,002083,0.03197,0.03197,-0.09176000000000001,-0.14387,-0.21907,0.19114,5.8228,5.90424,6.860939999999999,6.6246100000000006,6.91753
2016-02-17,5.939,5.957999999999998,5.968,5.881,101061.0,002083,0.0032,0.03708,-0.08885,-0.1215,-0.28817,0.22795,5.8654,5.87657,6.84765,6.605,6.92203
2016-02-18,5.987,5.939,6.016,5.9289999999999985,109112.0,002083,-0.0031899999999999997,0.01487,-0.04364,-0.14027,-0.31506999999999996,0.21452,5.8828,5.86367,6.83202,6.582789999999999,6.92629
2016-02-19,5.91,5.957999999999998,6.0070000000000014,5.91,81285.0,002083,0.0032,0.023180000000000003,-0.062470000000000005,-0.13262000000000002,-0.30664,0.20194,5.9098,5.84476,6.81732,6.56137,6.93036
2016-02-22,6.0070000000000014,6.084,6.084,5.968,128821.0,002083,0.02115,0.057170000000000006,0.03805,-0.09773,-0.26893,0.22488000000000002,5.9756,5.85538,6.80669,6.54317,6.9349
2016-02-23,6.084,6.0070000000000014,6.0939999999999985,5.919,108696.0,002083,-0.01266,0.01145,0.01316,-0.1279,-0.27981999999999996,0.1888,5.9892,5.8591,6.79248,6.5242,6.93878
2016-02-24,5.978,6.065,6.074,5.9289999999999985,88819.0,002083,0.00966,0.01796,-0.01414,-0.14829,-0.19219,0.18249,6.0106,5.85495,6.77545,6.51246,6.942589999999999
2016-02-25,6.0360000000000005,5.619,6.055,5.532,165114.0,002083,-0.07354,-0.05388,-0.08515,-0.20002999999999999,-0.28311,0.0934,5.9466,5.83005,6.752789999999999,6.49442,6.944539999999999
2016-02-26,5.706,5.638,5.784,5.58,70887.0,002083,0.0033799999999999998,-0.05371,-0.05371,-0.20501999999999998,-0.25106,0.0971,5.8826,5.81481,6.72934,6.47906,6.9465699999999995
2016-02-29,5.6770000000000005,5.396,5.697,5.29,127755.0,002083,-0.04292,-0.11308,-0.10171000000000001,-0.26133,-0.23287,0.04432,5.745,5.78571,6.69855,6.46574,6.9475
2016-03-01,5.435,5.551,5.59,5.377000000000002,83278.0,002083,0.02872,-0.07591,-0.08035,-0.22255,-0.12251,0.01965,5.6538,5.76262,6.6729199999999995,6.45944,6.94793
2016-03-02,5.561,5.792999999999998,5.823,5.532,107002.0,002083,0.0436,-0.04485,0.04172,-0.14215999999999998,0.01685,0.03669,5.5994,5.77367,6.657439999999999,6.46022,6.948760000000001
2016-03-03,5.774,5.832000000000002,5.9,5.7639999999999985,106088.0,002083,0.00673,0.03791,0.0255,-0.18875999999999998,-0.00495,0.04199,5.642,5.78057,6.63555,6.459980000000001,6.94972
2016-03-04,5.803,5.706,5.852,5.629,83100.0,002083,-0.0216,0.01206,0.04793,-0.21361999999999998,-0.0681,0.016030000000000003,5.6556,5.792999999999999,6.61055,6.45659,6.950089999999999
2016-03-07,5.745,5.9289999999999985,5.9289999999999985,5.716,117989.0,002083,0.039080000000000004,0.09877999999999999,0.055170000000000004,-0.16960999999999998,-0.09329,0.029339999999999998,5.7622,5.80776,6.591019999999999,6.451630000000001,6.9507699999999994
2016-03-08,5.881,5.871,5.91,5.697,108453.0,002083,-0.00978,0.05765,0.04485,-0.19088,-0.03501,0.05803,5.8262,5.81976,6.5686800000000005,6.4499,6.9520800000000005
2016-03-09,5.755,5.735,5.792999999999998,5.697,67601.0,002083,-0.02316,-0.01001,-0.0034799999999999996,-0.22615,0.01022,0.01254,5.8146,5.81881,6.54165,6.4503699999999995,6.952369999999999
2016-03-10,5.735,5.687,5.823,5.667999999999998,53000.0,002083,-0.00837,-0.02486,-0.0101,-0.23664000000000002,0.02266,-0.02235,5.7856,5.81605,6.51321,6.4514,6.95184
2016-03-11,5.667999999999998,5.648,5.716,5.6,48250.0,002083,-0.00686,-0.010159999999999999,-0.03486,-0.23292,-0.010159999999999999,-0.04465,5.774,5.80633,6.48555,6.4509300000000005,6.9507699999999994
2016-03-14,5.7639999999999985,5.803,5.881,5.687,99867.0,002083,0.02744,-0.02125,-0.00343,-0.19604000000000002,-0.03235,0.00922,5.7488,5.80538,6.4627300000000005,6.44935,6.95098
2016-03-15,5.7639999999999985,5.7639999999999985,5.852,5.716,60399.0,002083,-0.00672,-0.01823,0.00156,-0.22129000000000001,-0.06746,-0.0008699999999999999,5.7274,5.80581,6.43631,6.4459599999999995,6.95096
2016-03-16,5.784,5.726,5.823,5.648,59412.0,002083,-0.00659,-0.00157,-0.03586,-0.26674000000000003,-0.04215,-0.0252,5.7256,5.795669999999999,6.40271,6.44391,6.950360000000001
2016-03-17,5.726,5.871,5.89,5.716,111051.0,002083,0.02532,0.03235,-0.0146,-0.24536999999999998,-0.03501,-0.006940000000000001,5.7624,5.791519999999999,6.371919999999999,6.4421800000000005,6.9502
2016-03-18,5.8610000000000015,6.026,6.045,5.8610000000000015,168378.0,002083,0.0264,0.06692999999999999,0.01465,-0.23304,0.10084,0.01107,5.837999999999999,5.795669999999999,6.34239,6.44667,6.9504600000000005
2016-03-21,6.074,6.074,6.103,6.016,171513.0,002083,0.00797,0.0467,0.019469999999999998,-0.23075,0.19426,-0.01107,5.8922,5.80119,6.313,6.4547,6.950189999999999
2016-03-22,6.0360000000000005,6.055,6.0939999999999985,5.987,115678.0,002083,-0.00313,0.05049,-0.00477,-0.24331,0.09079,-0.015609999999999999,5.9504,5.79981,6.2816,6.4588,6.9498
2016-03-23,6.0360000000000005,6.113,6.132999999999999,6.0360000000000005,114983.0,002083,0.00958,0.06759,0.01765,-0.21427,0.13288,-0.02737,6.0278,5.80486,6.25471,6.4646300000000005,6.9491
2016-03-24,6.074,5.978,6.074,5.978,115114.0,002083,-0.022080000000000002,0.01823,-0.01434,-0.24011999999999997,0.09991,-0.0267,6.0492,5.80071,6.22424,6.469040000000001,6.94843
2016-03-25,5.978,6.026,6.0360000000000005,5.957999999999998,64179.0,002083,0.008029999999999999,0.0,0.07243,-0.22921,0.07243,-0.02191,6.0492,5.8201,6.19534,6.47235,6.9478800000000005
2016-03-28,6.065,6.0360000000000005,6.132999999999999,6.0070000000000014,89644.0,002083,0.0016600000000000002,-0.00626,0.07059,-0.21436999999999998,0.06324,-0.056729999999999996,6.0416,5.83905,6.168769999999999,6.47527,6.94641
2016-03-29,6.026,5.987,6.074,5.968,81661.0,002083,-0.00812,-0.01123,0.10953,-0.22848000000000002,0.08993,-0.0616,6.028,5.86719,6.14018,6.47928,6.94481
2016-03-30,6.016,6.162000000000001,6.162000000000001,6.016,128749.0,002083,0.029230000000000003,0.008020000000000001,0.11007,-0.20593000000000003,0.10036,-0.03704,6.0378,5.8962900000000005,6.1144,6.48385,6.94385
2016-03-31,6.152,6.113,6.181,6.0939999999999985,129767.0,002083,-0.00795,0.022580000000000003,0.05524,-0.19417,0.1149,-0.05605,6.0648,5.911519999999999,6.09065,6.488980000000001,6.9423699999999995
2016-04-01,6.055,6.016,6.084,5.9,129608.0,002083,-0.01587,-0.0016600000000000002,0.03155,-0.21493,0.04717,-0.09886,6.0628,5.9202900000000005,6.064080000000001,6.49118,6.93969
2016-04-05,5.978,6.394,6.443,5.957999999999998,258908.0,002083,0.06283,0.05931,0.12057000000000001,-0.1862,0.15582000000000001,-0.05049,6.1344,5.95305,6.0404800000000005,6.49819,6.9383
2016-04-06,6.414,6.355,6.501,6.249,256693.0,002083,-0.0061,0.061470000000000004,0.07185,-0.18,0.14278,-0.10455,6.207999999999999,5.973330000000001,6.0179800000000006,6.50464,6.935289999999999
2016-04-07,6.404,6.191,6.414,6.181,144360.0,002083,-0.025810000000000003,0.00471,0.05451,-0.14109000000000002,0.0687,-0.14935,6.2138,5.988569999999999,6.001580000000001,6.50788,6.93087
2016-04-08,6.132999999999999,6.268,6.2970000000000015,6.103,110387.0,002083,0.012440000000000001,0.02536,0.09294,-0.11256,0.07642,-0.11556,6.2448,6.01395,5.98876,6.5115,6.92754
2016-04-11,6.257999999999999,6.336,6.414,6.257999999999999,123939.0,002083,0.01085,0.05319,0.11412,-0.15067,0.04641,-0.07355,6.3088,6.04486,5.97063,6.513780000000001,6.9255
2016-04-12,6.355,6.307,6.365,6.229,80206.0,002083,-0.00458,-0.013609999999999999,0.11667999999999999,-0.07003999999999999,0.01252,-0.09421,6.2914,6.07624,5.962969999999999,6.51441,6.92283
2016-04-13,6.3260000000000005,6.422999999999999,6.539,6.3260000000000005,174921.0,002083,0.01839,0.0107,0.10684,-0.10280999999999998,0.060779999999999994,-0.10928,6.305,6.10576,5.9511,6.51741,6.919630000000001
2016-04-14,6.481,6.452000000000001,6.4910000000000005,6.394,89866.0,002083,0.004520000000000001,0.04216,0.11936,-0.0133,0.03249,-0.08599,6.3572,6.13852,5.94969,6.51906,6.917160000000001
2016-04-15,6.433,6.481,6.501,6.394,88727.0,002083,0.00449,0.03398,0.13185,-0.008870000000000001,0.03398,-0.04297,6.3998,6.17448,5.94876,6.52079,6.91598
2016-04-18,6.481,6.3260000000000005,6.481,6.268,109280.0,002083,-0.02392,-0.00158,0.0775,0.018680000000000002,-0.00909,-0.07366,6.3978,6.19614,5.95063,6.52032,6.913930000000001
2016-04-19,6.365,6.394,6.481,6.336,85831.0,002083,0.01075,0.01379,0.061070000000000006,0.00614,0.0,-0.06902,6.4152,6.21367,5.9512599999999996,6.52032,6.912000000000001
2016-04-20,6.414,6.132999999999999,6.422999999999999,6.0070000000000014,124501.0,002083,-0.04082,-0.04515,0.00971,0.04641,0.04802,-0.06395,6.3572,6.216480000000001,5.95565,6.5226,6.9103
2016-04-21,6.0939999999999985,6.045,6.162000000000001,6.026,76469.0,002083,-0.01435,-0.06308,-0.00165,0.01956,-0.022000000000000002,-0.12097999999999999,6.2758,6.216,5.95752,6.5215,6.9069199999999995
2016-04-22,6.026,6.113,6.142,5.957999999999998,63417.0,002083,0.01125,-0.05678,0.0,-0.00634,-0.03367,-0.13974,6.2022,6.216,5.9568900000000005,6.51976,6.902880000000001
2016-04-25,6.074,6.132999999999999,6.171,6.016,64783.0,002083,0.0032700000000000003,-0.030510000000000002,0.02593,-0.00147,-0.04811,-0.15512,6.1636,6.223380000000001,5.95674,6.51724,6.8983
2016-04-26,6.152,6.249,6.268,6.132999999999999,75109.0,002083,0.01891,-0.022680000000000002,0.03701,0.048839999999999995,-0.07326,-0.16868,6.1346,6.234,5.9614400000000005,6.51323,6.89315
2016-04-27,6.239,6.181,6.268,6.162000000000001,48921.0,002083,-0.010879999999999999,0.00783,0.02402,0.02897,-0.042,-0.16933,6.1442,6.2409,5.96424,6.511019999999999,6.8880300000000005
2016-04-28,6.181,6.21,6.239,6.065,63448.0,002083,0.00469,0.0273,0.03725,0.02883,-0.05176,-0.11902,6.1772,6.251519999999999,5.96705,6.5082699999999996,6.88462
2016-04-29,6.171,6.2,6.2879999999999985,6.162000000000001,76764.0,002083,-0.00161,0.014230000000000001,0.00617,0.11490999999999998,-0.07656,-0.13335,6.1946,6.25333,5.97735,6.50409,6.880739999999999
2016-05-03,6.16,6.36,6.37,6.15,146710.0,002083,0.025810000000000003,0.03701,0.04041,0.11834000000000001,-0.01867,-0.10624000000000001,6.24,6.2651,5.98821,6.5031099999999995,6.877669999999999
2016-05-04,6.32,6.29,6.37,6.27,97603.0,002083,-0.011009999999999999,0.00656,0.04555,0.15519000000000002,-0.026619999999999998,-0.11843,6.2482,6.2781400000000005,6.0018400000000005,6.50171,6.874230000000001
2016-05-05,6.22,6.32,6.35,6.22,70660.0,002083,0.00477,0.02249,-0.01157,0.12476,-0.07072,-0.10099999999999999,6.276,6.27462,6.01315,6.4978,6.87135
2016-05-06,6.34,6.09,6.36,6.08,114907.0,002083,-0.03639,-0.01932,-0.0417,0.08382,-0.09817999999999999,-0.08778,6.252000000000001,6.2620000000000005,6.02074,6.49241,6.86896
2016-05-09,6.1,5.87,6.15,5.83,89439.0,002083,-0.03612,-0.05322999999999999,-0.05185,0.01998,-0.15259,-0.07587999999999999,6.186,6.24671,6.0226,6.48381,6.867000000000001
2016-05-10,5.86,5.89,5.94,5.86,34821.0,002083,0.0034100000000000003,-0.0739,-0.06031,0.025240000000000002,-0.14847,-0.10893,6.0920000000000005,6.2287099999999995,6.02494,6.47546,6.86408
2016-05-11,5.93,5.83,5.95,5.83,59333.0,002083,-0.010190000000000001,-0.07313,-0.07986,-0.0037600000000000003,-0.15958,-0.15922,6.0,6.204619999999999,6.02458,6.46646,6.85959
2016-05-12,5.77,5.78,5.8,5.68,54326.0,002083,-0.008579999999999999,-0.08544,-0.08356,-0.007379999999999999,-0.18049,-0.17215999999999998,5.892,6.17952,6.02389,6.45611,6.8547
2016-05-13,5.78,5.74,5.84,5.71,43770.0,002083,-0.00692,-0.05747000000000001,-0.10634,-0.0026100000000000003,-0.17255,-0.18789,5.822,6.147,6.02365,6.44638,6.8493
2016-05-16,5.7,5.89,5.89,5.7,70741.0,002083,0.02613,0.0034100000000000003,-0.0871,-0.00825,-0.13152,-0.17229,5.8260000000000005,6.12024,6.02285,6.4391300000000005,6.84432
2016-05-17,5.89,5.83,5.9,5.76,55793.0,002083,-0.010190000000000001,-0.010190000000000001,-0.10045,-0.021480000000000003,-0.15605,-0.16272,5.814,6.08924,6.02079,6.43037,6.83972
2016-05-18,5.8,5.7,5.8,5.66,50683.0,002083,-0.0223,-0.0223,-0.09896,-0.04024,-0.17018,-0.22796,5.787999999999999,6.05943,6.01694,6.42086,6.83287
2016-05-19,5.7,5.72,5.8,5.69,46002.0,002083,0.00351,-0.01038,-0.10540999999999999,-0.03995,-0.15170999999999998,-0.24389,5.776,6.02733,6.0131,6.41254,6.8253699999999995
2016-05-20,5.72,5.76,5.77,5.69,40154.0,002083,0.0069900000000000006,0.0034799999999999996,-0.060820000000000006,-0.05325,-0.16376,-0.24429,5.78,6.00957,6.00787,6.40337,6.8178
2016-05-23,5.77,5.85,5.86,5.75,64908.0,002083,0.015619999999999998,-0.006790000000000001,-0.032260000000000004,-0.026139999999999997,-0.17849,-0.26295,5.772,6.000290000000001,6.00534,6.39304,6.80932
2016-05-24,5.84,5.78,5.85,5.71,54383.0,002083,-0.01197,-0.008579999999999999,-0.054470000000000005,-0.04699,-0.17711,-0.27876,5.7620000000000005,5.984430000000001,6.00074,6.38293,6.80024
2016-05-25,5.82,5.87,5.88,5.76,69341.0,002083,0.015569999999999999,0.02982,-0.04288,0.04467,-0.17231,-0.28952,5.796,5.9719,6.00479,6.37299,6.79052
2016-05-26,5.82,5.87,5.88,5.73,66570.0,002083,0.0,0.02622,-0.06065,0.04115,-0.19644,-0.32021,5.8260000000000005,5.95386,6.00853,6.361330000000001,6.77928
2016-05-27,5.86,5.87,5.89,5.81,45570.0,002083,0.0,0.0191,-0.05032,0.08784,-0.17787,-0.32241,5.848,5.93905,6.01618,6.351,6.767919999999999
2016-05-30,5.84,5.9,5.94,5.79,65181.0,002083,0.00511,0.00855,-0.04992,0.06287000000000001,-0.12630999999999998,-0.25486,5.858,5.92429,6.021809999999999,6.344069999999999,6.75972
2016-05-31,5.88,6.09,6.1,5.86,121111.0,002083,0.0322,0.05363,-0.017740000000000002,0.05127,-0.15287,-0.24366999999999997,5.92,5.91905,6.0266,6.33513,6.75174
2016-06-01,6.09,6.07,6.12,6.04,78750.0,002083,-0.00328,0.034069999999999996,-0.0456,0.04081,-0.16345,-0.29705,5.96,5.90524,6.0304400000000005,6.32549,6.74132
2016-06-02,6.07,6.08,6.1,6.01,62789.0,002083,0.00165,0.03578,-0.033389999999999996,0.06555,-0.14845999999999998,-0.34306,6.002000000000001,5.89524,6.03647,6.31687,6.72841
2016-06-03,6.08,6.11,6.14,6.02,77344.0,002083,0.0049299999999999995,0.040889999999999996,-0.03323,0.03053,-0.15794,-0.36599,6.05,5.8852400000000005,6.03939,6.30755,6.7140699999999995
2016-06-06,6.13,6.07,6.14,6.03,67911.0,002083,-0.00655,0.028810000000000002,-0.00328,0.0339,-0.18095,-0.3574,6.084,5.88429,6.0426,6.29665,6.70035
2016-06-07,6.07,6.06,6.12,6.0,84552.0,002083,-0.00165,-0.0049299999999999995,0.032369999999999996,0.056670000000000005,-0.18658,-0.37183,6.077999999999999,5.893330000000001,6.04784,6.28535,6.68577
2016-06-08,6.05,5.97,6.05,5.95,90966.0,002083,-0.01485,-0.01647,0.013580000000000002,0.049760000000000006,-0.18919,-0.40018000000000004,6.058,5.89714,6.0524,6.27402,6.669580000000001
2016-06-13,5.93,5.7,5.93,5.69,135864.0,002083,-0.04523,-0.0625,-0.0223,0.00921,-0.21031,-0.41146000000000005,5.982,5.89095,6.05324,6.26168,6.65338
2016-06-14,5.69,5.7,5.74,5.65,80118.0,002083,0.0,-0.0671,-0.01384,-0.01775,-0.22994,-0.4149,5.9,5.8871400000000005,6.05158,6.24785,6.63695
2016-06-15,5.65,5.82,5.86,5.63,74262.0,002083,0.02105,-0.04119,0.013940000000000001,0.00972,-0.25471,-0.42078000000000004,5.85,5.89095,6.05248,6.231669999999999,6.61976
2016-06-16,5.83,5.95,6.05,5.79,174881.0,002083,0.022340000000000002,-0.01815,0.010190000000000001,0.03912,-0.23521999999999998,-0.43111000000000005,5.827999999999999,5.89381,6.0561,6.2168,6.601430000000001
2016-06-17,5.96,6.01,6.09,5.92,161379.0,002083,0.01008,0.0067,0.030869999999999998,0.02368,-0.23508,-0.4778,5.836,5.90238,6.05834,6.20178,6.57908
2016-06-20,6.01,6.05,6.08,5.91,108828.0,002083,0.006659999999999999,0.0614,0.0614,0.00398,-0.23379,-0.44342,5.906000000000001,5.91905,6.058730000000001,6.18677,6.559480000000001
2016-06-21,6.06,5.95,6.08,5.91,73299.0,002083,-0.01653,0.04386,0.04021,-0.02041,-0.25644,-0.47163,5.956,5.93,6.05673,6.17009,6.53789
2016-06-22,5.94,6.01,6.02,5.91,40625.0,002083,0.01008,0.03265,0.0434,-0.00743,-0.22751,-0.44852,5.994,5.9419,6.056,6.1557,6.51802
2016-06-23,5.99,5.96,6.03,5.93,55810.0,002083,-0.008320000000000001,0.00168,0.0188,-0.02503,-0.2424,-0.39239,5.996,5.94714,6.05353,6.1402,6.5023800000000005
2016-06-24,5.98,5.92,6.0,5.81,87528.0,002083,-0.00671,-0.014980000000000002,0.02422,-0.0097,-0.24276999999999999,-0.38754,5.978,5.95381,6.0526,6.12476,6.48715
2016-06-27,5.89,6.05,6.07,5.89,100092.0,002083,0.02196,0.0,0.030660000000000003,0.00398,-0.21255,-0.38802,5.978,5.9623800000000005,6.052980000000001,6.11149,6.47156
2016-06-28,6.03,6.11,6.13,6.02,128256.0,002083,0.00992,0.026889999999999997,0.040889999999999996,0.01226,-0.21263,-0.35711,6.01,5.97381,6.054180000000001,6.09807,6.4577599999999995
2016-06-29,6.12,6.1,6.14,6.07,88437.0,002083,-0.00164,0.014980000000000002,0.03918,0.018869999999999998,-0.21391999999999997,-0.28722,6.028,5.98476,6.056,6.08458,6.447769999999999
2016-06-30,6.12,6.3,6.44,6.11,304137.0,002083,0.03279,0.05705,0.0678,0.0224,-0.16952,-0.18267,6.096,6.00381,6.05823,6.07412,6.44204
2016-07-01,6.26,6.17,6.29,6.17,158360.0,002083,-0.020630000000000003,0.042230000000000004,0.01314,0.00932,-0.19483,-0.26345999999999997,6.146,6.007619999999999,6.05915,6.06198,6.43307
2016-07-04,6.15,6.29,6.32,6.11,138290.0,002083,0.01945,0.03967,0.036239999999999994,0.04555,-0.19944,-0.20661,6.194,6.0181,6.06356,6.04924,6.42641
2016-07-05,6.3,6.28,6.31,6.23,101874.0,002083,-0.00159,0.027819999999999998,0.032889999999999996,-0.017830000000000002,-0.18968,-0.13713,6.228,6.02762,6.061730000000001,6.0372900000000005,6.42236
2016-07-06,6.26,6.34,6.4,6.26,153081.0,002083,0.00955,0.03934,0.03764,-0.00236,-0.12042,-0.06517,6.276,6.03857,6.06148,6.03024,6.42056
2016-07-07,6.34,6.28,6.37,6.22,101902.0,002083,-0.00946,-0.00317,0.0346,0.01438,-0.11085999999999999,-0.08308,6.272,6.04857,6.06292,6.02387,6.41825
2016-07-08,6.26,6.25,6.29,6.23,59345.0,002083,-0.0047799999999999995,0.012969999999999999,0.03135,-0.0028699999999999997,-0.1622,0.014280000000000001,6.287999999999999,6.05762,6.06263,6.01403,6.41861
2016-07-11,6.25,6.24,6.31,6.23,66869.0,002083,-0.0016,-0.00795,0.04523,-0.01515,-0.07992,0.12595,6.278,6.07048,6.0610800000000005,6.0096300000000005,6.4214400000000005
2016-07-12,6.25,6.31,6.32,6.2,106190.0,002083,0.01122,0.0047799999999999995,0.10702,0.00047999999999999996,-0.11859000000000001,0.03544,6.284,6.09952,6.06113,6.00272,6.42232
2016-07-13,6.31,6.34,6.35,6.28,120398.0,002083,0.00475,0.0,0.11227999999999999,-0.01292,-0.030430000000000002,-0.0543,6.284,6.13,6.0597900000000005,6.00111,6.42084
2016-07-14,6.33,6.33,6.38,6.31,97692.0,002083,-0.00158,0.00796,0.08763,-0.01891,-0.03196,-0.14146,6.294,6.1542900000000005,6.0578199999999995,5.99941,6.4166
2016-07-15,6.33,6.34,6.35,6.3,65011.0,002083,0.00158,0.0144,0.06555,-0.021759999999999998,0.02093,-0.14785,6.312,6.17286,6.05555,6.0004599999999995,6.41213
2016-07-18,6.34,6.36,6.39,6.29,89013.0,002083,0.00315,0.01923,0.05824,0.005370000000000001,0.00079,-0.062220000000000004,6.336,6.18952,6.0561,6.0005,6.41041
2016-07-19,6.39,6.52,6.53,6.39,198231.0,002083,0.02516,0.033280000000000004,0.07769,0.01971,0.11244000000000001,-0.07426,6.377999999999999,6.2119,6.05813,6.00586,6.40829
2016-07-20,6.49,6.45,6.53,6.41,111379.0,002083,-0.010740000000000001,0.01735,0.08403,0.05169,0.08787,-0.14422000000000001,6.4,6.23571,6.06324,6.0101,6.4038699999999995
2016-07-21,6.45,6.44,6.49,6.42,68422.0,002083,-0.00155,0.01738,0.07155,0.06534,0.046810000000000004,-0.14882,6.422000000000001,6.25619,6.06961,6.01244,6.399290000000001
2016-07-22,6.43,6.3,6.45,6.28,84887.0,002083,-0.02174,-0.0063100000000000005,0.05705,0.03059,0.02572,-0.18097,6.414,6.27238,6.07263,6.013719999999999,6.39363
2016-07-25,6.27,6.4,6.43,6.26,82454.0,002083,0.01587,0.00629,0.08108,0.04353,0.07418999999999999,-0.15845,6.422000000000001,6.29524,6.0769400000000005,6.01732,6.38874
2016-07-26,6.4,6.45,6.45,6.35,88921.0,002083,0.007809999999999999,-0.010740000000000001,0.06612,0.03217,0.07375,-0.18313,6.4079999999999995,6.31429,6.08018,6.020919999999999,6.38286
2016-07-27,6.45,6.24,6.47,6.2,139892.0,002083,-0.032560000000000006,-0.032560000000000006,0.02128,0.00955,0.0338,-0.19087,6.3660000000000005,6.32048,6.08113,6.0225800000000005,6.376869999999999
2016-07-28,6.24,6.3,6.31,6.21,74596.0,002083,0.00962,-0.02174,0.03279,0.014490000000000001,0.13289,-0.09183,6.337999999999999,6.33,6.08258,6.02859,6.374280000000001
2016-07-29,6.31,6.23,6.31,6.22,60104.0,002083,-0.01111,-0.01111,-0.01111,0.00484,0.09548,-0.06118,6.324,6.32667,6.08306,6.0329999999999995,6.37263
2016-08-01,6.2,6.23,6.24,6.11,96880.0,002083,0.0,-0.026560000000000004,0.00972,-0.02044,0.14417,-0.12512,6.29,6.32952,6.08097,6.03938,6.36901
2016-08-02,6.21,6.25,6.26,6.19,45119.0,002083,0.00321,-0.031010000000000003,-0.00636,-0.00636,0.1123,-0.07449,6.25,6.32762,6.0803199999999995,6.04451,6.366969999999999
2016-08-03,6.25,6.26,6.28,6.2,57118.0,002083,0.0016,0.00321,-0.00318,-0.00949,0.11408,-0.05807999999999999,6.254,6.32667,6.07935,6.04972,6.3654
2016-08-04,6.25,6.28,6.3,6.17,82232.0,002083,0.0031899999999999997,-0.00317,-0.00946,0.0312,0.09122999999999999,-0.043989999999999994,6.25,6.32381,6.08242,6.05399,6.3642199999999995
2016-08-05,6.26,6.21,6.27,6.2,64986.0,002083,-0.01115,-0.00321,-0.01115,0.057920000000000006,0.08094,-0.11463,6.246,6.32048,6.0879,6.05777,6.3609599999999995
2016-08-08,6.18,6.29,6.29,6.18,67730.0,002083,0.01288,0.00963,0.0064,0.06791,0.07485,-0.07649,6.257999999999999,6.32238,6.09435,6.06133,6.35884
2016-08-09,6.26,6.36,6.36,6.25,75240.0,002083,0.01113,0.0176,0.01923,0.09091,0.09222000000000001,-0.06622,6.28,6.3281,6.1029,6.0657,6.357
2016-08-10,6.36,6.34,6.38,6.31,58087.0,002083,-0.00314,0.01278,0.00475,0.09689,0.10165,-0.0948,6.296,6.32952,6.11194,6.07046,6.3543
2016-08-11,6.32,6.24,6.37,6.23,60418.0,002083,-0.01577,-0.006370000000000001,-0.01577,0.08711,0.05068,-0.17949,6.287999999999999,6.3247599999999995,6.12,6.0729,6.3487599999999995
2016-08-12,6.25,6.31,6.33,6.22,58149.0,002083,0.01122,0.0161,-0.00316,0.07131,0.059079999999999994,-0.24611999999999998,6.308,6.32381,6.12677,6.07576,6.340380000000001
2016-08-15,6.31,6.44,6.44,6.3,133306.0,002083,0.0206,0.02385,0.01577,0.10463,0.08436,-0.25729,6.337999999999999,6.32857,6.13661,6.07984,6.33131
2016-08-16,6.43,6.43,6.46,6.41,91765.0,002083,-0.00155,0.011009999999999999,0.011009999999999999,0.12807000000000002,0.07922,-0.25172,6.352,6.3319,6.14839,6.08367,6.32252
2016-08-17,6.43,6.44,6.44,6.4,91081.0,002083,0.00156,0.01577,-0.01227,0.12587,0.05851,-0.22615,6.372000000000001,6.3281,6.16,6.08657,6.31487
2016-08-18,6.45,6.42,6.47,6.41,82220.0,002083,-0.0031100000000000004,0.02885,-0.00465,0.11458,0.06875,-0.23031,6.4079999999999995,6.32667,6.17065,6.089930000000001,6.30706
2016-08-19,6.41,6.48,6.5,6.37,100534.0,002083,0.00935,0.02694,0.00621,0.10769000000000001,0.06842999999999999,-0.13692000000000001,6.442,6.32857,6.18081,6.0933,6.30288
2016-08-22,6.49,6.45,6.6,6.44,141587.0,002083,-0.00463,0.00155,0.023809999999999998,0.11592000000000001,0.14789000000000002,-0.17709,6.444,6.33571,6.19161,6.10006,6.29724
2016-08-23,6.46,6.54,6.56,6.41,118707.0,002083,0.01395,0.01711,0.02187,0.11414,0.15999000000000002,-0.13124,6.466,6.34238,6.20242,6.1073900000000005,6.29322
2016-08-24,6.54,6.48,6.57,6.44,78577.0,002083,-0.009170000000000001,0.00621,0.00465,0.10392,0.20089,-0.07876,6.474,6.3438099999999995,6.21226,6.1162,6.29097
2016-08-25,6.44,6.41,6.47,6.33,76574.0,002083,-0.0108,-0.00156,0.027239999999999997,0.09199,0.15475,0.013280000000000002,6.472,6.3519,6.2209699999999994,6.12319,6.29131
2016-08-26,6.4,6.44,6.53,6.4,76917.0,002083,0.00468,-0.00617,0.02222,0.09153,0.11169000000000001,0.13042,6.4639999999999995,6.358569999999999,6.22968,6.12845,6.29433
2016-08-29,6.42,6.55,6.55,6.38,91516.0,002083,0.01708,0.0155,0.05136,0.07553,0.12311,0.11756,6.484,6.37381,6.2371,6.13428,6.29713
2016-08-30,6.55,6.51,6.6,6.48,97058.0,002083,-0.00611,-0.0045899999999999995,0.04494,0.07249,0.1409,0.0632,6.478,6.3871400000000005,6.244190000000001,6.14082,6.29871
2016-08-31,6.51,6.62,6.64,6.44,158643.0,002083,0.0169,0.0216,0.0592,0.08882000000000001,0.11655,0.01239,6.506,6.40476,6.2529,6.14644,6.29904
2016-09-01,6.61,6.48,6.62,6.48,113151.0,002083,-0.02115,0.010920000000000001,0.03514,0.06056,0.10372999999999999,0.06509,6.52,6.41524,6.25887,6.15139,6.30065
2016-09-02,6.46,6.51,6.52,6.4,73351.0,002083,0.00463,0.01087,0.03662,0.07249,0.13514,0.14673,6.534,6.42619,6.265969999999999,6.1576900000000006,6.30403
2016-09-05,6.51,6.56,6.57,6.47,79842.0,002083,0.007679999999999999,0.0015300000000000001,0.05636,0.08251,0.15350999999999998,0.17964000000000002,6.5360000000000005,6.44286,6.274030000000001,6.16479,6.30809
2016-09-06,6.56,6.62,6.63,6.45,128691.0,002083,0.00915,0.0169,0.05246,0.10887999999999999,0.1721,0.16018,6.558,6.45857,6.28452,6.17269,6.3118099999999995
2016-09-07,6.62,6.62,6.72,6.58,147840.0,002083,0.0,0.0,0.04088,0.1614,0.14079,0.10389000000000001,6.558,6.47095,6.29935,6.17933,6.3143400000000005
2016-09-08,6.62,6.68,6.72,6.6,88855.0,002083,0.009059999999999999,0.030860000000000002,0.05363,0.17193,0.15892,0.08073,6.598,6.48714,6.31516,6.186780000000001,6.31637
2016-09-09,6.69,6.62,6.72,6.62,99648.0,002083,-0.00898,0.0169,0.0609,0.13746,0.15613,0.10739000000000001,6.62,6.505240000000001,6.32806,6.19405,6.318980000000001
2016-09-12,6.51,6.5,6.61,6.47,112037.0,002083,-0.01813,-0.00915,0.03011,0.09244,0.10714000000000001,0.06838,6.608,6.51429,6.33694,6.19916,6.32067
2016-09-13,6.54,6.54,6.56,6.49,56794.0,002083,0.00615,-0.01208,0.01553,0.08819,0.0853,0.19474,6.5920000000000005,6.51905,6.34548,6.20334,6.325
2016-09-14,6.51,6.49,6.52,6.45,49627.0,002083,-0.00765,-0.01964,0.00933,0.07272999999999999,0.06849,0.27605,6.566,6.5219,6.352580000000001,6.20672,6.33071
2016-09-19,6.48,6.48,6.54,6.46,82564.0,002083,-0.0015400000000000001,-0.029939999999999998,0.00621,0.08907999999999999,0.07019,0.16735999999999998,6.526,6.52381,6.36113,6.21018,6.33449
2016-09-20,6.48,6.54,6.55,6.45,89047.0,002083,0.00926,-0.01208,0.018690000000000002,0.08819,0.06985,0.21201,6.51,6.52952,6.369680000000001,6.21365,6.33914
2016-09-21,6.52,6.53,6.55,6.5,54798.0,002083,-0.0015300000000000001,0.00462,0.00772,0.09564,0.09233999999999999,0.20147,6.516,6.5319,6.37887,6.21814,6.34359
2016-09-22,6.54,6.57,6.63,6.52,112420.0,002083,0.00613,0.0045899999999999995,0.0186,0.1098,0.09028,0.16925,6.522,6.5376199999999995,6.38935,6.22256,6.34746
2016-09-23,6.62,6.58,6.7,6.57,96134.0,002083,0.0015199999999999999,0.013869999999999999,0.0061200000000000004,0.0876,0.09013,0.15905999999999998,6.54,6.5395199999999996,6.3979,6.22698,6.35113
2016-09-26,6.55,6.37,6.59,6.36,104523.0,002083,-0.03191,-0.016980000000000002,-0.016980000000000002,0.04255,0.06397,0.15966,6.518,6.53429,6.4021,6.2301,6.35469
2016-09-27,6.36,6.4,6.4,6.33,58952.0,002083,0.00471,-0.02141,-0.00156,0.04918,0.03862,0.14286,6.49,6.53381,6.4069400000000005,6.23203,6.35794
2016-09-28,6.39,6.37,6.42,6.35,43251.0,002083,-0.00469,-0.0245,-0.01087,0.01111,0.04204,0.16177,6.457999999999999,6.530480000000001,6.40806,6.23412,6.36155
2016-09-29,6.37,6.42,6.45,6.37,42614.0,002083,0.00785,-0.02283,-0.01985,0.04052,0.06715,0.11749000000000001,6.428,6.524290000000001,6.4121,6.23741,6.3642900000000004
2016-09-30,6.4,6.45,6.45,6.4,42771.0,002083,0.0046700000000000005,-0.01976,-0.00922,0.02544,0.008759999999999999,0.16594,6.402,6.5214300000000005,6.414680000000001,6.2378599999999995,6.36802
2016-10-10,6.58,6.58,6.58,6.51,88158.0,002083,0.02016,0.03297,-0.00604,0.04777,0.035410000000000004,0.18324000000000001,6.444,6.51952,6.4195199999999994,6.23969,6.37217
2016-10-11,6.6,6.61,6.65,6.55,80173.0,002083,0.00456,0.03281,0.020059999999999998,0.042589999999999996,0.06767999999999999,0.14103,6.486000000000001,6.52571,6.42387,6.2431,6.37549
2016-10-12,6.59,6.7,6.77,6.56,144605.0,002083,0.013619999999999998,0.05181,0.029189999999999997,0.06688,0.06892000000000001,0.15061,6.5520000000000005,6.5347599999999995,6.43065,6.2466099999999996,6.37905
2016-10-13,6.68,6.89,6.96,6.67,276119.0,002083,0.028360000000000003,0.07321,0.0503,0.1024,0.08744,0.1379,6.646,6.55048,6.44097,6.25111,6.38245
2016-10-14,6.89,6.85,6.91,6.75,119627.0,002083,-0.00581,0.062020000000000006,0.03474,0.09776,0.08609,0.09969,6.726,6.5614300000000005,6.45081,6.25553,6.38497
2016-10-17,6.85,6.81,6.9,6.71,105856.0,002083,-0.00584,0.03495,0.0287,0.07923999999999999,0.06025,0.12469000000000001,6.772,6.57048,6.45887,6.2586699999999995,6.38804
2016-10-18,6.78,6.97,6.98,6.77,143944.0,002083,0.02349,0.05446,0.043410000000000004,0.09937,0.08029,0.11538,6.843999999999999,6.584289999999999,6.46903,6.2628900000000005,6.390969999999999
2016-10-19,6.96,6.87,6.96,6.85,94658.0,002083,-0.01435,0.02537,0.03776,0.08531,0.060020000000000004,0.09604,6.877999999999999,6.596189999999999,6.47774,6.26605,6.39342
2016-10-20,6.86,6.84,6.9,6.77,76180.0,002083,-0.004370000000000001,-0.007259999999999999,0.05231,0.07886,0.08125,0.07143,6.867999999999999,6.61238,6.48581,6.270230000000001,6.39527
2016-10-21,6.82,6.99,6.99,6.79,142579.0,002083,0.02193,0.02044,0.06881,0.09906000000000001,0.09321,0.09321,6.896,6.63381,6.49597,6.2750699999999995,6.3977
2016-10-24,7.04,7.0,7.07,6.97,125287.0,002083,0.00143,0.0279,0.07858,0.07362,0.14137,0.19617,6.934,6.6581,6.50371,6.28212,6.40236
2016-10-25,7.02,7.11,7.22,6.93,168265.0,002083,0.01571,0.02009,0.09722,0.10232999999999999,0.17618,0.1503,6.962000000000001,6.6881,6.51435,6.290780000000001,6.40614
2016-10-26,7.07,7.06,7.12,6.93,116401.0,002083,-0.00703,0.02766,0.07951,0.09627000000000001,0.15492,0.11603,7.0,6.712860000000001,6.52435,6.2984800000000005,6.40912
2016-10-27,7.02,7.05,7.09,7.01,61636.0,002083,-0.0014199999999999998,0.0307,0.07962999999999999,0.11905,0.14952000000000001,0.09421,7.042000000000001,6.73762,6.53645,6.30593,6.41159
2016-10-28,7.05,7.05,7.1,7.03,75908.0,002083,0.0,0.008579999999999999,0.07306,0.10156,0.12818,0.04553,7.053999999999999,6.76048,6.54694,6.31245,6.41284
2016-10-31,7.0,6.97,7.05,6.87,130505.0,002083,-0.01135,-0.0042899999999999995,0.05927,0.08062000000000001,0.12765,0.08029,7.047999999999999,6.77905,6.55532,6.31886,6.4149400000000005
2016-11-01,6.99,7.17,7.25,6.94,156261.0,002083,0.028689999999999997,0.008440000000000001,0.12559,0.14904,0.15459,0.09482,7.06,6.817139999999999,6.57032,6.32667,6.41747
2016-11-02,7.17,7.25,7.31,7.1,142056.0,002083,0.01116,0.026910000000000003,0.13280999999999998,0.15079,0.16935,0.07983,7.098,6.85762,6.58565,6.3352,6.41965
2016-11-03,7.2,7.35,7.44,7.2,174348.0,002083,0.01379,0.04255,0.15385,0.17978,0.15566,0.13408,7.1579999999999995,6.90429,6.60371,6.34325,6.42318
2016-11-04,7.34,7.28,7.43,7.25,85631.0,002083,-0.00952,0.032619999999999996,0.13396,0.16854,0.15739,0.12659,7.204,6.945239999999999,6.62065,6.3513,6.4265
2016-11-07,7.3,7.46,7.56,7.28,132363.0,002083,0.024730000000000002,0.0703,0.15659,0.1936,0.18037999999999998,0.0969,7.3020000000000005,6.99333,6.640160000000001,6.36057,6.429180000000001
2016-11-08,7.49,7.44,7.6,7.37,151260.0,002083,-0.00268,0.03766,0.1307,0.1885,0.22166999999999998,0.10173,7.356,7.0342899999999995,6.65919,6.37154,6.43198
2016-11-09,7.43,7.37,7.52,7.22,174810.0,002083,-0.00941,0.01655,0.11498,0.17357,0.25554,0.06395,7.38,7.07048,6.676769999999999,6.38374,6.4337800000000005
2016-11-10,7.42,7.5,7.54,7.31,124397.0,002083,0.01764,0.02041,0.1194,0.20773000000000003,0.27334,0.08429,7.41,7.108569999999999,6.69758,6.3968300000000005,6.43615
2016-11-11,7.49,7.48,7.5,7.38,82964.0,002083,-0.00267,0.027469999999999998,0.08563,0.18919,0.28302,0.07828,7.45,7.13667,6.7167699999999995,6.41024,6.43835
2016-11-14,7.44,7.31,7.53,7.26,172074.0,002083,-0.02273,-0.02011,0.06715,0.14937,0.26471,0.03644,7.42,7.15857,6.7321,6.422680000000001,6.4394
2016-11-15,7.29,7.34,7.36,7.27,91559.0,002083,0.0041,-0.01344,0.07783,0.15773,0.27875,0.058089999999999996,7.4,7.18381,6.74823,6.43569,6.44104
2016-11-16,7.35,7.31,7.41,7.3,85538.0,002083,-0.00409,-0.008140000000000001,0.048780000000000004,0.17147,0.24109,0.07785,7.388,7.2,6.76548,6.44724,6.44318
2016-11-17,7.32,7.37,7.38,7.25,97148.0,002083,0.00821,-0.01733,0.07278,0.16799,0.26415,0.06688,7.362,7.22381,6.78258,6.45976,6.44506
2016-11-18,7.37,7.33,7.49,7.29,84878.0,002083,-0.00543,-0.02005,0.07164,0.1382,0.28596,0.06711,7.332000000000001,7.247139999999999,6.796939999999999,6.4730099999999995,6.44693
2016-11-21,7.35,7.34,7.37,7.21,113084.0,002083,0.0013599999999999999,0.0041,0.050069999999999996,0.14152,0.28321999999999997,0.08854,7.337999999999999,7.26381,6.811610000000001,6.48618,6.4493599999999995
2016-11-22,7.34,7.36,7.39,7.26,86631.0,002083,0.0027199999999999998,0.0027199999999999998,0.05143,0.14286,0.27778,0.06852000000000001,7.3420000000000005,7.28095,6.82645,6.4991900000000005,6.451280000000001
2016-11-23,7.36,7.3,7.38,7.21,89608.0,002083,-0.00815,-0.00137,0.026719999999999997,0.13707,0.24786,0.02514,7.34,7.29,6.84065,6.51098,6.45201
2016-11-24,7.33,7.5,7.71,7.3,298877.0,002083,0.0274,0.01764,0.06232000000000001,0.15741,0.29758,0.06777000000000001,7.3660000000000005,7.31095,6.8571,6.52496,6.45394
2016-11-25,7.45,7.44,7.5,7.24,169866.0,002083,-0.008,0.015009999999999999,0.05532,0.15349000000000002,0.26746,0.049069999999999996,7.388,7.32952,6.873060000000001,6.537719999999999,6.45536
2016-11-28,7.41,7.39,7.43,7.27,116014.0,002083,-0.00672,0.006809999999999999,0.04823,0.12997,0.25894,0.011640000000000001,7.398,7.34571,6.886769999999999,6.55008,6.4557
2016-11-29,7.46,7.43,7.64,7.43,180129.0,002083,0.00541,0.00951,0.066,0.1466,0.26576,0.040619999999999996,7.412000000000001,7.36762,6.9021,6.562760000000001,6.45688
2016-11-30,7.43,7.44,7.55,7.35,100286.0,002083,0.00135,0.019180000000000003,0.03766,0.16069,0.26102,0.10173,7.44,7.38048,6.918710000000001,6.57528,6.45967
2016-12-01,7.46,7.39,7.47,7.34,103124.0,002083,-0.00672,-0.014669999999999999,0.01931,0.14752,0.21345999999999998,0.027960000000000002,7.417999999999999,7.38714,6.93403,6.58585,6.46049
2016-12-02,7.4,7.26,7.4,7.21,115276.0,002083,-0.01759,-0.02419,-0.012240000000000001,0.1084,0.19605,0.00055,7.382000000000001,7.382860000000001,6.94548,6.59553,6.46051
2016-12-05,7.22,7.14,7.25,7.13,70550.0,002083,-0.01653,-0.03383,-0.01923,0.09677000000000001,0.17434000000000002,0.0,7.332000000000001,7.376189999999999,6.95565,6.60415,6.46051
2016-12-06,7.15,7.2,7.22,7.15,43676.0,002083,0.0084,-0.03096,-0.03485,0.08761000000000001,0.1784,-0.00772,7.2860000000000005,7.363810000000001,6.965,6.613010000000001,6.46028
2016-12-07,7.21,7.26,7.29,7.17,41459.0,002083,0.008329999999999999,-0.02419,-0.02419,0.12037,0.19605,-0.020380000000000002,7.25,7.355239999999999,6.977580000000001,6.62268,6.45967
2016-12-08,7.3,7.2,7.3,7.2,44976.0,002083,-0.00826,-0.025710000000000004,-0.02307,0.10599000000000001,0.18812,-0.03356,7.212000000000001,7.34714,6.98871,6.63195,6.45865
2016-12-09,7.23,7.23,7.27,7.2,39211.0,002083,0.00417,-0.00413,-0.036000000000000004,0.10213,0.21106,-0.01806,7.206,7.334289999999999,6.9995199999999995,6.6422,6.45811
2016-12-12,7.22,7.03,7.25,7.02,98493.0,002083,-0.02766,-0.01541,-0.060160000000000005,0.06192999999999999,0.23333,-0.02605,7.184,7.312860000000001,7.006130000000001,6.653010000000001,6.45735
2016-12-13,7.02,7.11,7.17,7.01,54033.0,002083,0.01138,-0.0125,-0.027360000000000002,0.07402,0.24736999999999998,-0.03945,7.166,7.30333,7.01403,6.66447,6.45616
2016-12-14,7.11,7.15,7.18,7.07,44427.0,002083,0.00563,-0.01515,-0.025889999999999996,0.07036,0.22851999999999997,-0.08438999999999999,7.144,7.294289999999999,7.021610000000001,6.67528,6.45348
2016-12-15,7.17,7.31,7.31,7.11,76793.0,002083,0.02238,0.015280000000000002,0.0,0.10422999999999999,0.22857,-0.060410000000000005,7.166,7.294289999999999,7.0327399999999995,6.6863399999999995,6.451569999999999
2016-12-16,7.31,7.31,7.37,7.27,55640.0,002083,0.0,0.01107,-0.008140000000000001,0.12462000000000001,0.21631,-0.06962,7.182,7.29143,7.04581,6.696910000000001,6.44935
2016-12-19,7.33,7.43,7.46,7.22,96292.0,002083,0.01642,0.0569,0.013640000000000001,0.13609000000000002,0.2281,-0.05902,7.2620000000000005,7.296189999999999,7.060160000000001,6.708130000000001,6.44745
2016-12-20,7.38,7.42,7.44,7.33,59620.0,002083,-0.00135,0.0436,0.0109,0.1433,0.24706,-0.07272999999999999,7.324,7.3,7.07516,6.72008,6.44509
2016-12-21,7.44,7.4,7.45,7.37,42549.0,002083,-0.0027,0.03497,0.00543,0.14198,0.23128,-0.048839999999999995,7.374,7.3019,7.09,6.731380000000001,6.4435400000000005
2016-12-22,7.41,7.25,7.41,7.24,83748.0,002083,-0.02027,-0.00821,-0.00685,0.10855999999999999,0.21644000000000002,-0.07843,7.362,7.299519999999999,7.10145,6.74187,6.4410300000000005
2016-12-23,7.28,7.2,7.3,7.15,61083.0,002083,-0.0069,-0.01505,-0.04,0.1026,0.21622,-0.07905,7.34,7.285239999999999,7.112260000000001,6.752280000000001,6.43852
2016-12-26,7.17,7.24,7.26,7.08,43758.0,002083,0.00556,-0.02557,-0.02688,0.10198,0.19669,-0.05766,7.3020000000000005,7.275710000000001,7.123060000000001,6.76195,6.436719999999999
2016-12-27,7.27,7.2,7.27,7.16,92148.0,002083,-0.005520000000000001,-0.02965,-0.025710000000000004,0.09422,0.1784,-0.07216,7.257999999999999,7.2666699999999995,7.13306,6.770810000000001,6.43444
2016-12-28,7.2,7.1,7.22,7.09,79737.0,002083,-0.013890000000000001,-0.04054,-0.044410000000000005,0.1146,0.16393,-0.08505,7.1979999999999995,7.25095,7.144839999999999,6.7789399999999995,6.43176
2016-12-29,7.08,7.11,7.17,7.06,73698.0,002083,0.00141,-0.01931,-0.04435,0.11094000000000001,0.12857000000000002,-0.06275,7.17,7.235239999999999,7.156289999999999,6.7855300000000005,6.42983
2016-12-30,7.17,7.07,7.18,7.05,67991.0,002083,-0.00563,-0.01806,-0.0433,0.10989000000000002,0.14587,-0.07737999999999999,7.144,7.22,7.16758,6.79285,6.42741
2017-01-03,7.08,7.2,7.22,7.08,70234.0,002083,0.01839,-0.005520000000000001,-0.00826,0.1215,0.14467,-0.08362,7.136,7.21714,7.180160000000001,6.80024,6.42474
2017-01-04,7.2,7.25,7.26,7.15,67196.0,002083,0.006940000000000001,0.006940000000000001,0.01541,0.12403,0.15446,-0.06452000000000001,7.146,7.22238,7.193060000000001,6.80813,6.4227099999999995
2017-01-05,7.24,7.17,7.24,7.17,46163.0,002083,-0.01103,0.009859999999999999,-0.00417,0.08967,0.13091,-0.00527,7.16,7.22095,7.20258,6.8148800000000005,6.42256
2017-01-06,7.18,7.09,7.18,7.08,51197.0,002083,-0.01116,-0.00281,-0.02342,0.07262,0.12897999999999998,0.0038200000000000005,7.156000000000001,7.212860000000001,7.210319999999999,6.821460000000001,6.42267
2017-01-09,7.12,7.21,7.25,7.07,69645.0,002083,0.01693,0.0198,0.00139,0.07612000000000001,0.1536,-0.033510000000000005,7.184,7.21333,7.21855,6.829269999999999,6.42165
2017-01-10,7.19,7.21,7.28,7.16,58903.0,002083,0.0,0.00139,-0.00277,0.046439999999999995,0.15545,0.06311,7.186,7.2123800000000005,7.2237100000000005,6.83715,6.42339
2017-01-11,7.18,7.1,7.21,7.08,38523.0,002083,-0.01526,-0.02069,0.00996,0.0365,0.1252,-0.00824,7.156000000000001,7.2157100000000005,7.22774,6.84358,6.42315
2017-01-12,7.09,7.04,7.14,7.04,42098.0,002083,-0.00845,-0.01813,-0.00985,0.03377,0.11041,0.07662000000000001,7.13,7.2123800000000005,7.23145,6.84927,6.42519
2017-01-13,7.04,6.93,7.08,6.9,59475.0,002083,-0.01563,-0.02257,-0.03077,-0.0057399999999999994,0.09479,0.0598,7.098,7.2019,7.230810000000001,6.85415,6.42678
