date,open,close,high,low,volume,code,ret_0_1_d,ret_0_5_d,ret_0_21_d,ret_0_62_d,ret_0_123_d,ret_0_246_d,ma5,ma21,ma62,ma123,ma246
1997-05-26,3.339,3.766,3.785,3.218,1245885.6,600068,,,,,,,,,,,
1997-05-27,3.716,3.842,4.018,3.623,734746.98,600068,0.02018,,,,,,,,,,
1997-05-28,3.79,3.8939999999999997,4.004,3.766,390249.6,600068,0.01353,,,,,,3.834,,,,
1997-05-29,3.9210000000000003,4.095,4.218999999999999,3.885,380349.95,600068,0.05162,,,,,,3.89925,,,,
1997-05-30,4.13,4.2330000000000005,4.24,4.0280000000000005,268360.99,600068,0.0337,,,,,,3.966,,,,
1997-06-02,4.362,4.657,4.657,4.362,290308.89,600068,0.10017,0.23659,,,,,4.1442,,,,
1997-06-03,4.838,5.041,5.122000000000001,4.7669999999999995,452037.77,600068,0.08246,0.31208,,,,,4.384,,,,
1997-06-04,5.041,4.968999999999999,5.119,4.779,257451.61,600068,-0.01428,0.27607,,,,,4.599,,,,
1997-06-05,4.957,5.401,5.457999999999999,4.886,289938.05,600068,0.08694,0.31893,,,,,4.8602,,,,
1997-06-06,4.888,4.86,5.242999999999999,4.86,443684.97,600068,-0.10017,0.14812,,,,,4.9856,,,,
1997-06-09,4.957,4.8069999999999995,5.043,4.678999999999999,138887.97,600068,-0.01091,0.03221,,,,,5.0156,4.50591,,,
1997-06-10,4.838,4.648,4.928999999999999,4.619,100509.41,600068,-0.03308,-0.07796,,,,,4.937,4.51775,,,
1997-06-11,4.648,4.552,4.648,4.223,154303.01,600068,-0.02065,-0.08392,,,,,4.8536,4.52038,,,
1997-06-12,4.5280000000000005,4.481,4.664,4.416,84623.95,600068,-0.0156,-0.17034,,,,,4.6696,4.51757,,,
1997-06-13,4.343,4.7410000000000005,4.762,4.333,130372.38,600068,0.05802,-0.02449,,,,,4.6458,4.53247,,,
1997-06-16,4.791,4.7139999999999995,4.874,4.695,113879.21,600068,-0.0057,-0.01935,,,,,4.6272,4.54381,,,
1997-06-17,4.683,4.626,4.718999999999999,4.6,51723.17,600068,-0.01867,-0.00473,,,,,4.6228,4.54865,,,
1997-06-18,4.626,4.595,4.731,4.571000000000001,39912.27,600068,-0.0067,0.00945,,,,,4.6314,4.55122,,,
1997-06-19,4.612,4.571000000000001,4.69,4.531000000000001,34609.54,600068,-0.00522,0.02008,,,,,4.6494,4.55226,,,
1997-06-20,4.648,4.812,4.86,4.636,75110.9,600068,0.05272,0.01498,,,,,4.6636,4.56525,,,
1997-06-23,4.898,4.743,5.005,4.671,90777.7,600068,-0.01434,0.00615,,,,,4.6694,4.57371,,,
1997-06-24,4.769,4.776,4.81,4.695,47149.36,600068,0.00696,0.03243,0.26819,,,,4.6994,4.62181,,,
1997-06-25,4.793,4.976,5.053,4.738,130981.46,600068,0.04188,0.08292,0.29516,,,,4.7756,4.67581,,,
1997-06-26,5.005,4.862,5.005,4.85,54477.17,600068,-0.02291,0.06366,0.24859,,,,4.8338,4.7219,,,
1997-06-27,4.862,4.681,4.905,4.624,88081.54,600068,-0.03723,-0.02722,0.1431,,,,4.8076,4.74981,,,
1997-07-02,4.545,4.433,4.707,4.2139999999999995,64192.41,600068,-0.05298,-0.06536,0.04725,,,,4.7456,4.75933,,,
1997-07-03,4.362,4.263999999999999,4.409,4.242,47456.4,600068,-0.03812,-0.1072,-0.08439,,,,4.6432,4.74062,,,
1997-07-04,4.2139999999999995,4.266,4.314,4.123,38500.02,600068,0.00047,-0.14268,-0.15374,,,,4.5012,4.70371,,,
1997-07-07,4.261,3.84,4.266,3.84,46332.99,600068,-0.09986,-0.2102,-0.22721,,,,4.2968,4.64995,,,
1997-07-08,3.813,3.8280000000000003,3.9330000000000003,3.577,49449.9,600068,-0.00312,-0.18223,-0.29124,,,,4.1262,4.57505,,,
1997-07-09,3.8280000000000003,4.006,4.052,3.8280000000000003,43980.64,600068,0.0465,-0.09632,-0.17572,,,,4.0408,4.53438,4.51548,,
1997-07-10,4.026,3.935,4.0760000000000005,3.9330000000000003,29162.0,600068,-0.01772,-0.07716,-0.1814,,,,3.975,4.49286,4.49734,,
1997-07-11,3.909,4.088,4.111000000000001,3.8560000000000003,32240.25,600068,0.03888,-0.04173,-0.12048,,,,3.9394,4.46619,4.48494,,
1997-07-14,4.088,4.071000000000001,4.171,4.004,37508.35,600068,-0.00416,0.06016,-0.10567,,,,3.9856,4.44329,4.47276,,
1997-07-15,4.071000000000001,3.985,4.085,3.88,44962.43,600068,-0.02113,0.04101,-0.11069,,,,4.017,4.41967,4.45883,,
1997-07-16,3.98,4.0280000000000005,4.126,3.897,35495.02,600068,0.01079,0.00549,-0.15039,,,,4.0214,4.38571,4.44686,,
1997-07-17,4.006,3.98,4.088,3.928,22990.0,600068,-0.01192,0.01144,-0.15571,,,,4.0304,4.35076,4.43424,,
1997-07-18,3.98,3.975,4.0089999999999995,3.928,25148.96,600068,-0.00126,-0.02764,-0.14073,,,,4.0078,4.31976,4.42216,,
1997-07-21,3.975,3.842,3.99,3.818,33920.69,600068,-0.03346,-0.05625,-0.16387,,,,3.962,4.2839,4.40728,,
1997-07-22,3.8160000000000003,3.89,3.9330000000000003,3.72,23526.56,600068,0.01249,-0.02384,-0.14898,,,,3.943,4.25148,4.39435,,
1997-07-23,3.885,3.813,3.968,3.8110000000000004,20302.5,600068,-0.01979,-0.05338,-0.20761,,,,3.9,4.2039,4.38017,,
1997-07-24,3.804,3.773,3.863,3.7539999999999996,16755.0,600068,-0.01049,-0.05201,-0.20451,,,,3.8586,4.15771,4.36571,,
1997-07-25,3.742,3.8369999999999997,3.909,3.742,16755.82,600068,0.01696,-0.03472,-0.19661,,,,3.831,4.113,4.35342,,
1997-07-28,3.7539999999999996,3.611,3.79,3.575,14497.8,600068,-0.0589,-0.06012,-0.27432,,,,3.7848,4.048,4.33655,,
1997-07-29,3.5989999999999998,3.62,3.687,3.5460000000000003,15890.08,600068,0.00249,-0.06941,-0.25545,,,,3.7308,3.98886,4.32062,,
1997-07-30,3.647,3.6919999999999997,3.74,3.635,11265.53,600068,0.01989,-0.03173,-0.21128,,,,3.7066,3.94176,4.30696,,
1997-07-31,3.718,3.718,3.785,3.699,11733.12,600068,0.00704,-0.01458,-0.16129,,,,3.6956,3.90771,4.29443,,
1997-08-01,3.73,3.825,3.885,3.73,16260.49,600068,0.02878,-0.00313,-0.10295,,,,3.6932,3.88681,4.28465,,
1997-08-04,3.8369999999999997,3.818,3.873,3.761,13803.43,600068,-0.00183,0.05732,-0.10502,,,,3.7346,3.86548,4.27512,,
1997-08-05,3.818,3.7680000000000002,3.835,3.7539999999999996,10448.51,600068,-0.0131,0.04088,-0.01875,,,,3.7642,3.86205,4.26498,,
1997-08-06,3.766,3.67,3.7680000000000002,3.6660000000000004,9829.0,600068,-0.02601,-0.00596,-0.04127,,,,3.7598,3.85452,4.25331,,
1997-08-07,3.647,3.887,3.887,3.611,10587.83,600068,0.05913,0.04545,-0.02971,,,,3.7936,3.84886,4.24627,,
1997-08-08,3.852,3.725,3.852,3.658,12946.47,600068,-0.04168,-0.02614,-0.05337,,,,3.7736,3.83886,4.23643,,
1997-08-11,3.73,3.647,3.7539999999999996,3.647,11267.0,600068,-0.02094,-0.04479,-0.10788,,,,3.7394,3.81786,4.22552,,
1997-08-12,3.647,3.585,3.694,3.577,10964.0,600068,-0.017,-0.04857,-0.11938,,,,3.7028,3.79471,4.21387,,
1997-08-13,3.5869999999999997,3.5039999999999996,3.623,3.5039999999999996,15395.0,600068,-0.02259,-0.04523,-0.1207,,,,3.6696,3.77181,4.2012,,
1997-08-14,3.511,3.6180000000000003,3.635,3.511,11881.52,600068,0.03253,-0.06921,-0.10179,,,,3.6158,3.75229,4.19096,,
1997-08-15,3.625,3.4989999999999997,3.647,3.4560000000000004,11940.4,600068,-0.03289,-0.06067,-0.12085,,,,3.5706,3.72938,4.17903,,
1997-08-18,3.475,3.372,3.475,3.327,14705.7,600068,-0.0363,-0.0754,-0.1517,,,,3.5156,3.70067,4.16536,,
1997-08-19,3.642,3.594,3.7110000000000003,3.5039999999999996,23950.22,600068,0.06584,0.00251,-0.06455,,,,3.5174,3.68886,4.15583,,
1997-08-20,3.594,3.6319999999999997,3.6510000000000002,3.551,12312.95,600068,0.01057,0.03653,-0.06632,,,,3.543,3.67657,4.14725,,
1997-08-21,3.658,3.635,3.67,3.597,14040.41,600068,0.00083,0.0047,-0.04668,,,,3.5464,3.6681,4.13898,4.13898,
1997-08-22,3.642,3.718,3.778,3.6010000000000004,20441.93,600068,0.02283,0.06259,-0.01458,-0.01275,,,3.5902,3.66548,4.13821,4.1323,
1997-08-25,3.766,3.8160000000000003,3.859,3.7439999999999998,23823.25,600068,0.02636,0.13167,-0.00547,-0.00677,,,3.679,3.66448,4.13779,4.12736,
1997-08-26,3.825,3.785,3.8539999999999996,3.766,22607.25,600068,-0.00812,0.05314,0.04819,-0.02799,,,3.7172,3.67276,4.13603,4.12209,
1997-08-27,3.7939999999999996,3.7680000000000002,3.804,3.737,12986.7,600068,-0.00449,0.03744,0.04088,-0.07985,,,3.7444,3.67981,4.13076,4.11673,
1997-08-28,3.79,3.813,3.8939999999999997,3.778,19247.81,600068,0.01194,0.04897,0.03277,-0.09922,,,3.78,3.68557,4.12398,4.11219,
1997-08-29,3.813,3.825,3.8489999999999998,3.7710000000000004,15192.81,600068,0.00315,0.02878,0.02878,-0.17866,,,3.8014,3.69067,4.11056,4.10797,
1997-09-01,3.79,4.002,4.04,3.79,48638.55,600068,0.04627,0.04874,0.04627,-0.20611,,,3.8386,3.6991,4.09381,4.10643,
1997-09-02,4.002,3.9589999999999996,4.073,3.9330000000000003,31493.4,600068,-0.01074,0.04597,0.03693,-0.20326,,,3.8734,3.70581,4.07752,4.10433,
1997-09-03,3.9589999999999996,3.971,4.002,3.9139999999999997,16714.45,600068,0.00303,0.05387,0.05387,-0.26477,,,3.914,3.71548,4.05445,4.10245,
1997-09-04,4.023,4.042,4.095,3.983,29494.94,600068,0.01788,0.06006,0.10136,-0.16831,,,3.9598,3.73319,4.04126,4.10161,
1997-09-05,4.035,3.985,4.071000000000001,3.975,14205.73,600068,-0.0141,0.04183,0.02521,-0.171,,,3.9918,3.73786,4.028,4.10001,
1997-09-08,3.98,4.023,4.023,3.887,15034.28,600068,0.00954,0.00525,0.08,-0.13447,,,3.996,3.75205,4.01792,4.09897,
1997-09-09,4.004,3.873,4.006,3.861,9140.21,600068,-0.03729,-0.02172,0.06197,-0.14917,,,3.9788,3.76281,4.00697,4.09596,
1997-09-10,3.861,3.89,3.904,3.813,10830.47,600068,0.00439,-0.0204,0.08508,-0.13189,,,3.9626,3.77733,3.99744,4.09325,
1997-09-11,3.89,3.885,3.98,3.861,13959.5,600068,-0.00129,-0.03884,0.10873,-0.18055,,,3.9312,3.79548,3.98363,4.09055,
1997-09-12,3.873,3.804,3.885,3.79,11347.0,600068,-0.02085,-0.04542,0.05141,-0.19304,,,3.895,3.80433,3.96895,4.08687,
1997-09-15,3.79,3.675,3.79,3.656,12561.0,600068,-0.03391,-0.0865,0.0503,-0.20558,,,3.8254,3.81271,3.95361,4.08166,
1997-09-16,3.675,3.742,3.778,3.675,8751.06,600068,0.01823,-0.03382,0.10973,-0.18564,,,3.7992,3.83033,3.93985,4.07741,
1997-09-17,3.718,3.658,3.7539999999999996,3.647,4701.7,600068,-0.02245,-0.05964,0.01781,-0.19974,,,3.7528,3.83338,3.92513,4.07223,
1997-09-18,3.6660000000000004,3.6889999999999996,3.737,3.658,5471.75,600068,0.00847,-0.05045,0.01569,-0.23337,,,3.7136,3.8361,3.90702,4.06756,
1997-09-19,3.718,3.785,3.8369999999999997,3.7060000000000004,8892.52,600068,0.02602,-0.00499,0.04127,-0.20198,,,3.7098,3.84324,3.89156,4.06416,
1997-09-22,3.766,3.563,3.773,3.551,10230.5,600068,-0.05865,-0.03048,-0.04169,-0.25398,,,3.6874,3.83586,3.872,4.05819,
1997-09-23,3.551,3.403,3.637,3.361,16354.54,600068,-0.04491,-0.09059,-0.10823,-0.31612,,,3.6196,3.81619,3.84663,4.05048,
1997-09-24,3.549,3.6660000000000004,3.694,3.458,26008.31,600068,0.07728,0.00219,-0.03144,-0.24599,,,3.6212,3.81052,3.82734,4.04601,
1997-09-25,3.687,3.6660000000000004,3.766,3.642,15069.9,600068,0.0,-0.00623,-0.02707,-0.21683,,,3.6166,3.80567,3.81097,4.04164,
1997-09-26,3.6660000000000004,3.623,3.694,3.563,8216.91,600068,-0.01173,-0.0428,-0.04983,-0.18272,,,3.5842,3.79662,3.7979,4.03689,
1997-09-29,3.6660000000000004,3.542,3.6660000000000004,3.5180000000000002,8142.0,600068,-0.02236,-0.00589,-0.07399,-0.16932,,,3.58,3.78314,3.78626,4.03133,
1997-09-30,3.57,3.57,3.6180000000000003,3.5460000000000003,7909.0,600068,0.00791,0.04907,-0.10795,-0.16315,,,3.6134,3.76257,3.77503,4.0262,
1997-10-06,3.685,3.775,3.861,3.628,29606.59,600068,0.05742,0.02973,-0.04648,-0.01693,,,3.6352,3.75381,3.77398,4.02344,
1997-10-07,3.7539999999999996,3.763,3.8369999999999997,3.7060000000000004,12571.77,600068,-0.00318,0.02646,-0.05238,-0.01698,,,3.6546,3.7439,3.77294,4.02061,
1997-10-08,3.832,3.802,3.8489999999999998,3.766,19099.79,600068,0.01036,0.04941,-0.05938,-0.05092,,,3.6904,3.73248,3.76965,4.01826,
1997-10-09,3.813,3.79,3.844,3.766,9004.54,600068,-0.00316,0.07002,-0.04893,-0.03685,,,3.74,3.72319,3.76731,4.01583,
1997-10-10,3.8160000000000003,3.866,3.945,3.8089999999999997,21300.64,600068,0.02005,0.08291,-0.03903,-0.05431,,,3.7992,3.71571,3.76373,4.01425,
1997-10-13,3.885,3.813,3.928,3.802,9996.81,600068,-0.01371,0.01007,-0.01549,-0.06338,,,3.8068,3.71286,3.75956,4.01216,
1997-10-14,3.825,3.787,3.825,3.742,7818.58,600068,-0.00682,0.00638,-0.02648,-0.04969,,,3.8116,3.70795,3.75637,4.00984,
1997-10-15,3.906,3.852,3.909,3.821,11251.72,600068,0.01716,0.01315,-0.00849,-0.04369,,,3.8216,3.70638,3.75353,4.00822,
1997-10-16,3.885,3.971,4.052,3.861,33436.69,600068,0.03089,0.04776,0.0439,-0.00226,,,3.8578,3.71433,3.75339,4.00785,
1997-10-17,3.985,4.066,4.123,3.985,56395.13,600068,0.02392,0.05173,0.10639,0.02289,,,3.8978,3.73295,3.75485,4.00843,
1997-10-20,4.123,4.18,4.261,4.053999999999999,57996.63,600068,0.02804,0.09625,0.11705,0.08798,,,3.9712,3.75381,3.76031,4.01013,
1997-10-21,4.18,4.169,4.195,4.111000000000001,29627.2,600068,-0.00263,0.10087,0.13969,0.07172,,,4.0476,3.77814,3.76481,4.01169,
1997-10-22,4.195,4.2330000000000005,4.385,4.159,78635.5,600068,0.01535,0.09891,0.14747,0.11015,,,4.1238,3.80405,3.77158,4.01383,
1997-10-23,4.231,4.302,4.362,4.171,55016.31,600068,0.0163,0.08335,0.13659,0.14021,,,4.19,3.82867,3.78011,4.01661,
1997-10-24,4.302,4.49,4.524,4.302,77890.9,600068,0.0437,0.10428,0.26017,0.17019,,,4.2748,3.87281,3.79065,4.02111,
1997-10-27,4.648,4.64,4.7669999999999995,4.533,88576.92,600068,0.03341,0.11005,0.3635,0.28496,,,4.3668,3.93171,3.80724,4.02695,
1997-10-28,4.638,4.302,4.64,4.2780000000000005,77221.94,600068,-0.07284,0.0319,0.17349,0.1884,,,4.3934,3.962,3.81824,4.02952,
1997-10-29,4.247,4.335,4.362,4.195,50972.64,600068,0.00767,0.0241,0.18249,0.17416,,,4.4138,3.99386,3.82861,4.03235,
1997-10-30,4.385,4.29,4.49,4.2780000000000005,48933.99,600068,-0.01038,-0.00279,0.1841,0.15385,,,4.4114,4.02562,3.83784,4.03472,
1997-10-31,4.218999999999999,4.385,4.409,4.2,34474.45,600068,0.02214,-0.02339,0.238,0.14641,,,4.3904,4.06576,3.84687,4.0379,
1997-11-03,4.433,4.35,4.457,4.314,21043.07,600068,-0.00798,-0.0625,0.21849,0.13934,,,4.3324,4.1029,3.85545,4.04071,
1997-11-04,4.35,4.309,4.407,4.266,20041.95,600068,-0.00943,0.00163,0.14146,0.14358,,,4.3338,4.12833,3.86418,4.04311,
1997-11-05,4.314,4.381,4.493,4.309,32743.78,600068,0.01671,0.01061,0.16423,0.19373,,,4.343,4.15776,3.87565,4.0461,
1997-11-06,4.409,4.302,4.466,4.2780000000000005,32813.47,600068,-0.01803,0.0028,0.13151,0.10677,,,4.3454,4.18157,3.88234,4.04834,
1997-11-07,4.302,4.221,4.3660000000000005,4.123,55159.71,600068,-0.01883,-0.0374,0.11372,0.13315,,,4.3126,4.2021,3.89034,4.04984,
1997-11-10,4.195,3.9560000000000004,4.195,3.947,52237.46,600068,-0.06278,-0.09057,0.02328,0.08473,,,4.2338,4.20638,3.89532,4.04903,
1997-11-11,3.909,3.949,3.987,3.875,32642.45,600068,-0.00177,-0.08355,0.03567,0.10153,,,4.1618,4.21286,3.90119,4.04818,
1997-11-12,3.935,3.813,3.949,3.79,27744.7,600068,-0.03444,-0.12965,0.00687,0.08818,,,4.0482,4.2141,3.90618,4.04619,
1997-11-13,3.813,3.9330000000000003,3.975,3.78,21455.7,600068,0.03147,-0.08577,0.02103,0.08706,,,3.9744,4.21795,3.91126,4.04524,
1997-11-14,3.971,3.885,3.98,3.861,13667.65,600068,-0.0122,-0.0796,-0.02166,0.11032,,,3.9072,4.21386,3.91748,4.0439,
1997-11-17,3.9330000000000003,3.802,3.937,3.79,17410.65,600068,-0.02136,-0.03893,-0.06493,0.12752,,,3.8764,4.20129,3.92442,4.0419,
1997-11-18,3.778,3.7710000000000004,3.8369999999999997,3.766,9625.27,600068,-0.00815,-0.04507,-0.09785,0.04925,,,3.8408,4.18181,3.92727,4.03968,
1997-11-19,3.766,3.799,3.8560000000000003,3.766,7951.83,600068,0.00743,-0.00367,-0.08875,0.04598,,,3.838,4.16419,3.92997,4.03772,4.03772
1997-11-20,3.7969999999999997,3.792,3.885,3.785,9924.49,600068,-0.00184,-0.03585,-0.10418,0.04319,0.0069,,3.8098,4.14319,3.9325,4.03793,4.03574
1997-11-21,3.79,3.73,3.792,3.7060000000000004,13864.81,600068,-0.01635,-0.0399,-0.13296,0.00323,-0.02915,,3.7788,4.11595,3.93269,4.03702,4.0333
1997-11-24,3.694,3.6039999999999996,3.7060000000000004,3.5989999999999998,7121.78,600068,-0.03378,-0.05208,-0.19733,-0.05556,-0.07447,,3.7392,4.07376,3.92927,4.03467,4.02989
1997-11-25,3.589,3.6630000000000003,3.6660000000000004,3.451,32759.37,600068,0.01637,-0.02864,-0.21056,-0.03223,-0.10549,,3.7176,4.02724,3.92731,4.03115,4.027
1997-11-26,3.475,3.6510000000000002,3.6630000000000003,3.475,45605.0,600068,-0.00328,-0.03896,-0.15132,-0.03105,-0.13749,,3.688,3.99624,3.92542,4.02642,4.02406
1997-11-27,3.6039999999999996,3.5580000000000003,3.623,3.5389999999999997,18096.79,600068,-0.02547,-0.06171,-0.17924,-0.06688,-0.23599,,3.6412,3.95924,3.92131,4.01749,4.02045
1997-11-28,3.542,3.647,3.6510000000000002,3.515,16146.17,600068,0.02501,-0.02225,-0.14988,-0.04654,-0.27653,,3.6246,3.92862,3.91844,4.00615,4.01758
1997-12-01,3.625,3.582,3.635,3.57,9702.99,600068,-0.01782,-0.0061,-0.18312,-0.10495,-0.27913,,3.6202,3.89038,3.91166,3.99488,4.01425
1997-12-02,3.577,3.5580000000000003,3.594,3.542,9070.8,600068,-0.0067,-0.02867,-0.18207,-0.10129,-0.34123,,3.5992,3.85267,3.90519,3.97989,4.0108
1997-12-03,3.551,3.58,3.58,3.5269999999999997,6386.55,600068,0.00618,-0.01945,-0.16918,-0.09846,-0.26337,,3.585,3.81795,3.89889,3.96949,4.00756
1997-12-04,3.573,3.637,3.647,3.551,10276.95,600068,0.01592,0.0222,-0.16982,-0.1002,-0.2434,,3.6008,3.78252,3.89235,3.95998,4.00479
1997-12-05,3.637,3.5989999999999998,3.656,3.5989999999999998,9004.97,600068,-0.01045,-0.01316,-0.16341,-0.09686,-0.22569,,3.5912,3.74905,3.88613,3.95145,4.00179
1997-12-08,3.5989999999999998,3.577,3.647,3.57,6200.0,600068,-0.00611,-0.0014,-0.15257,-0.11086,-0.21419,,3.5902,3.71838,3.87894,3.94352,3.99866
1997-12-09,3.575,3.647,3.6489999999999996,3.563,8867.73,600068,0.01957,0.02501,-0.07811,-0.05835,-0.18612,,3.608,3.70367,3.87529,3.93674,3.99609
1997-12-10,3.647,3.668,3.737,3.625,11631.49,600068,0.00576,0.02458,-0.07116,-0.05707,-0.22632,,3.6256,3.69029,3.87171,3.92802,3.99372
1997-12-11,3.67,3.616,3.682,3.5869999999999997,7489.88,600068,-0.01418,-0.00577,-0.05167,-0.06924,-0.23292,,3.6214,3.6809,3.86737,3.91909,3.991
1997-12-12,3.6180000000000003,3.594,3.642,3.582,12451.16,600068,-0.00608,-0.00139,-0.08619,-0.05521,-0.22309,,3.6204,3.66476,3.86398,3.9107,3.98816
1997-12-15,3.6010000000000004,3.597,3.611,3.575,10874.61,600068,0.00083,0.00559,-0.07413,-0.02122,-0.21719,,3.6244,3.65105,3.86273,3.90259,3.98539
1997-12-16,3.611,3.658,3.713,3.6010000000000004,12153.51,600068,0.01696,0.00302,-0.03787,-0.02245,-0.19974,,3.6266,3.64419,3.86137,3.89516,3.98308
1997-12-17,3.656,3.5580000000000003,3.656,3.551,12967.0,600068,-0.02734,-0.02999,-0.05648,-0.02734,-0.2606,,3.6046,3.63405,3.85976,3.88497,3.98011
1997-12-18,3.549,3.5389999999999997,3.563,3.508,10832.91,600068,-0.00534,-0.02129,-0.06844,-0.04066,-0.25385,,3.5892,3.62167,3.85734,3.87518,3.97705
1997-12-19,3.5389999999999997,3.5460000000000003,3.5580000000000003,3.5060000000000002,10692.49,600068,0.00198,-0.01336,-0.06487,-0.06314,-0.25754,,3.5796,3.60995,3.85348,3.86518,3.97408
1997-12-22,3.5460000000000003,3.525,3.5460000000000003,3.4339999999999997,19473.61,600068,-0.00592,-0.02002,-0.05496,-0.01067,-0.2916,,3.5652,3.60019,3.85287,3.85338,3.971
1997-12-23,3.623,3.5610000000000004,3.642,3.5460000000000003,8144.2,600068,0.01021,-0.02652,-0.01193,0.04643,-0.26759,,3.5458,3.59814,3.85542,3.8428,3.96821
1997-12-24,3.5610000000000004,3.5869999999999997,3.5869999999999997,3.4989999999999997,13641.51,600068,0.0073,0.00815,-0.02075,-0.02155,-0.23371,,3.5516,3.59452,3.85415,3.83391,3.96564
1997-12-25,3.5869999999999997,3.57,3.6660000000000004,3.5389999999999997,10685.0,600068,-0.00474,0.00876,-0.02219,-0.02619,-0.19468,,3.5578,3.59067,3.8526,3.82689,3.96298
1997-12-26,3.5989999999999998,3.589,3.694,3.575,9029.9,600068,0.00532,0.01213,0.00871,-0.00938,-0.1583,,3.5664,3.59214,3.85205,3.82141,3.96049
1997-12-29,3.589,3.551,3.589,3.535,11555.02,600068,-0.01059,0.00738,-0.02632,0.00254,-0.1676,,3.5716,3.58757,3.85219,3.81559,3.95777
1997-12-30,3.551,3.5039999999999996,3.551,3.4989999999999997,10747.93,600068,-0.01324,-0.01601,-0.02178,-0.01849,-0.0875,,3.5602,3.58386,3.85113,3.81286,3.95479
1997-12-31,3.5060000000000002,3.5389999999999997,3.575,3.4939999999999998,7814.51,600068,0.00999,-0.01338,-0.00534,-0.06252,-0.0755,,3.5506,3.58295,3.84732,3.81051,3.95207
1998-01-05,3.5269999999999997,3.592,3.654,3.475,20780.49,600068,0.01498,0.00616,0.00335,-0.04544,-0.10334,,3.555,3.58352,3.84456,3.80715,3.94973
1998-01-06,3.5989999999999998,3.57,3.623,3.5610000000000004,18273.52,600068,-0.00612,-0.00529,-0.01842,-0.06102,-0.09276,,3.5512,3.58033,3.84082,3.80418,3.94728
1998-01-07,3.57,3.694,3.7060000000000004,3.5460000000000003,28745.79,600068,0.03473,0.04027,0.0264,-0.02533,-0.09638,,3.5798,3.58486,3.83927,3.80098,3.94566
1998-01-08,3.694,3.718,3.804,3.658,20403.51,600068,0.0065,0.06107,0.03942,-0.03828,-0.08671,,3.6226,3.59157,3.83689,3.79811,3.94421
1998-01-09,3.694,3.8089999999999997,3.861,3.658,41258.37,600068,0.02448,0.07629,0.04442,-0.00105,-0.04417,,3.6766,3.59929,3.83682,3.79667,3.94335
1998-01-12,3.813,3.713,3.88,3.713,17855.58,600068,-0.0252,0.03369,0.01227,-0.01954,-0.0782,,3.7008,3.60143,3.83563,3.79411,3.94191
1998-01-13,3.647,3.5460000000000003,3.6660000000000004,3.342,27113.7,600068,-0.04498,-0.00672,-0.01936,-0.07944,-0.10905,,3.696,3.5981,3.83069,3.79059,3.93943
1998-01-14,3.575,3.5869999999999997,3.6039999999999996,3.5460000000000003,14808.6,600068,0.01156,-0.02897,-0.00195,-0.0967,-0.09761,,3.6746,3.59776,3.8245,3.78743,3.93724
1998-01-15,3.647,3.57,3.67,3.515,9823.33,600068,-0.00474,-0.03981,-0.00751,-0.12199,-0.0708,,3.645,3.59648,3.8165,3.78522,3.93498
1998-01-16,3.575,3.57,3.62,3.551,11137.52,600068,0.0,-0.06275,-0.02406,-0.14593,-0.08226,,3.5972,3.59229,3.80666,3.78262,3.93274
1998-01-19,3.575,3.5269999999999997,3.5869999999999997,3.515,7741.41,600068,-0.01204,-0.05009,-0.00871,-0.15399,-0.07501,,3.56,3.59081,3.79631,3.78029,3.93026
1998-01-20,3.5269999999999997,3.523,3.5389999999999997,3.48,7361.55,600068,-0.00113,-0.00649,-0.00452,-0.16773,-0.06626,,3.5554,3.59005,3.78485,3.77826,3.92779
1998-01-21,3.52,3.542,3.575,3.5039999999999996,5636.92,600068,0.00539,-0.01255,-0.00113,-0.17666,-0.07688,,3.5464,3.58986,3.7726,3.77586,3.92547
1998-01-22,3.5269999999999997,3.5269999999999997,3.542,3.5039999999999996,7125.38,600068,-0.00423,-0.01204,0.00057,-0.21448,-0.02326,,3.5378,3.58995,3.75706,3.77518,3.92308
1998-01-23,3.5460000000000003,3.594,3.613,3.5460000000000003,6816.06,600068,0.019,0.00672,0.00927,-0.22543,-0.00718,,3.5426,3.59152,3.74019,3.77497,3.92113
1998-02-09,3.647,3.608,3.713,3.5869999999999997,8271.5,600068,0.0039,0.02297,0.00585,-0.16132,-0.02275,,3.5588,3.59252,3.729,3.77428,3.91927
1998-02-10,3.5989999999999998,3.623,3.699,3.575,10992.66,600068,0.00416,0.02838,0.01485,-0.16424,-0.02555,,3.5788,3.59505,3.71752,3.77351,3.91753
1998-02-11,3.623,3.623,3.658,3.575,8122.3,600068,0.0,0.02287,0.00947,-0.15548,-0.05281,,3.595,3.59667,3.70676,3.77187,3.91581
1998-02-12,3.623,3.658,3.718,3.623,9859.39,600068,0.00966,0.03714,0.03013,-0.16579,-0.04191,,3.6212,3.60176,3.69503,3.77057,3.91431
1998-02-13,3.647,3.6060000000000003,3.67,3.594,6196.72,600068,-0.01422,0.00334,0.02911,-0.17103,-0.04299,,3.6236,3.60662,3.68303,3.76925,3.91253
1998-02-16,3.5869999999999997,3.556,3.5989999999999998,3.5389999999999997,9858.31,600068,-0.01387,-0.01441,0.0048,-0.17475,-0.03106,,3.6132,3.60743,3.67089,3.76833,3.91048
1998-02-17,3.551,3.556,3.573,3.523,4753.91,600068,0.0,-0.01849,-0.01002,-0.18831,-0.08516,,3.5998,3.60571,3.65758,3.76563,3.90845
1998-02-18,3.556,3.582,3.6319999999999997,3.5039999999999996,8787.19,600068,0.00731,-0.01132,0.00336,-0.16736,-0.03839,,3.5916,3.60629,3.64597,3.76447,3.9066
1998-02-19,3.585,3.563,3.585,3.5389999999999997,4108.72,600068,-0.0053,-0.02597,-0.03546,-0.15589,-0.02303,,3.5726,3.60005,3.63535,3.76379,3.90466
1998-02-20,3.563,3.5269999999999997,3.575,3.5180000000000002,5332.0,600068,-0.0101,-0.02191,-0.05137,-0.10844,-0.01618,,3.5568,3.59095,3.62844,3.76332,3.90253
1998-02-23,3.5039999999999996,3.5039999999999996,3.52,3.48,8324.81,600068,-0.00652,-0.01462,-0.08007,-0.11269,0.0,,3.5464,3.57643,3.62126,3.76332,3.90031
1998-02-24,3.5039999999999996,3.551,3.573,3.48,6796.34,600068,0.01341,-0.00141,-0.04363,-0.06871,-0.01852,,3.5454,3.56871,3.61703,3.76277,3.89837
1998-02-25,3.5389999999999997,3.48,3.5389999999999997,3.475,4612.51,600068,-0.01999,-0.02848,-0.01861,-0.11518,-0.00543,,3.525,3.56557,3.60973,3.76262,3.89606
1998-02-26,3.4819999999999998,3.465,3.4989999999999997,3.444,5798.57,600068,-0.00431,-0.0275,-0.03401,-0.10811,0.02758,,3.5054,3.55976,3.60295,3.76337,3.89369
1998-02-27,3.463,3.47,3.511,3.463,4358.5,600068,0.00144,-0.01616,-0.02801,-0.08732,-0.0345,,3.494,3.555,3.5976,3.76237,3.89137
1998-03-02,3.432,3.3680000000000003,3.4560000000000004,3.3369999999999997,9207.54,600068,-0.02939,-0.03881,-0.05658,-0.10687,-0.07269,,3.4668,3.54538,3.5911,3.76022,3.88853
1998-03-03,3.339,3.3989999999999996,3.408,3.3369999999999997,8164.26,600068,0.0092,-0.0428,-0.03629,-0.10529,-0.06492,,3.4364,3.53929,3.58465,3.7583,3.88588
1998-03-04,3.3989999999999996,3.4130000000000003,3.427,3.365,4892.37,600068,0.00412,-0.01925,-0.03122,-0.09995,-0.08203,,3.423,3.53405,3.57853,3.75582,3.88334
1998-03-05,3.4130000000000003,3.387,3.432,3.38,4882.63,600068,-0.00762,-0.02251,-0.04376,-0.09196,-0.11242,,3.4074,3.52667,3.573,3.75233,3.88068
1998-03-06,3.387,3.384,3.3960000000000004,3.365,3970.77,600068,-0.00089,-0.02478,-0.04054,-0.06104,-0.10594,,3.3902,3.51986,3.56945,3.74907,3.87804
1998-03-09,3.384,3.342,3.3960000000000004,3.3339999999999996,7480.16,600068,-0.01241,-0.00772,-0.07012,-0.08763,-0.11306,,3.385,3.50786,3.56427,3.74561,3.87521
1998-03-10,3.3339999999999996,3.322,3.3369999999999997,3.275,8818.76,600068,-0.00598,-0.02265,-0.07927,-0.09011,-0.12877,,3.3696,3.49424,3.55897,3.74162,3.87229
1998-03-11,3.3369999999999997,3.2889999999999997,3.361,3.282,6258.0,600068,-0.00993,-0.03633,-0.09219,-0.0756,-0.14013,,3.3448,3.47833,3.55463,3.73726,3.86924
1998-03-12,3.2889999999999997,3.265,3.3080000000000003,3.265,5965.2,600068,-0.0073,-0.03602,-0.09881,-0.10474,-0.18416,,3.3204,3.46129,3.54847,3.73127,3.86609
1998-03-13,3.2889999999999997,3.363,3.4010000000000002,3.22,5206.54,600068,0.03002,-0.00621,-0.08065,-0.06114,-0.15054,,3.3162,3.44724,3.54494,3.72642,3.86349
1998-03-16,3.361,3.318,3.384,3.2889999999999997,6060.1,600068,-0.01338,-0.00718,-0.07987,-0.06745,-0.16444,,3.3114,3.43352,3.54106,3.72111,3.86068
1998-03-17,3.3489999999999998,3.3819999999999997,3.406,3.318,6492.0,600068,0.01929,0.01806,-0.04893,-0.05531,-0.16329,,3.3234,3.42524,3.53787,3.71575,3.85822
1998-03-18,3.384,3.33,3.406,3.322,4343.7,600068,-0.01538,0.01247,-0.06355,-0.08441,-0.16437,,3.3316,3.41448,3.53292,3.71042,3.85553
1998-03-19,3.33,3.2960000000000003,3.332,3.2769999999999997,5214.65,600068,-0.01021,0.00949,-0.07984,-0.08419,-0.18071,,3.3378,3.40086,3.52803,3.70451,3.85269
1998-03-20,3.299,3.315,3.3489999999999998,3.2939999999999996,3736.62,600068,0.00576,-0.01427,-0.0696,-0.07325,-0.14407,,3.3282,3.38905,3.52381,3.69998,3.84997
1998-03-23,3.313,3.2680000000000002,3.313,3.26,6389.73,600068,-0.01418,-0.01507,-0.07343,-0.10392,-0.1599,,3.3182,3.37671,3.51769,3.69492,3.84705
1998-03-24,3.3080000000000003,3.2889999999999997,3.3080000000000003,3.265,5269.65,600068,0.00643,-0.0275,-0.06136,-0.10333,-0.15341,,3.2996,3.36648,3.51158,3.69007,3.84426
1998-03-25,3.3369999999999997,3.284,3.384,3.2769999999999997,6089.0,600068,-0.00152,-0.01381,-0.07519,-0.09181,-0.1367,,3.2904,3.35376,3.50623,3.68585,3.84147
1998-03-26,3.284,3.2439999999999998,3.3080000000000003,3.241,6035.17,600068,-0.01218,-0.01578,-0.06782,-0.09738,-0.11728,,3.28,3.34252,3.50058,3.68234,3.83851
1998-03-27,3.237,3.306,3.377,3.2060000000000004,10385.78,600068,0.01911,-0.00271,-0.04589,-0.0809,-0.11652,,3.2782,3.33495,3.49589,3.6788,3.83589
1998-03-30,3.313,3.4010000000000002,3.432,3.2769999999999997,14581.47,600068,0.02874,0.0407,-0.01988,-0.07026,-0.07026,,3.3048,3.33167,3.49174,3.67671,3.83375
1998-03-31,3.3960000000000004,3.339,3.3960000000000004,3.325,8470.98,600068,-0.01823,0.0152,-0.00861,-0.06155,-0.09488,,3.3148,3.33029,3.48821,3.67386,3.83134
1998-04-01,3.3369999999999997,3.306,3.361,3.2889999999999997,9215.3,600068,-0.00988,0.0067,-0.02736,-0.06584,-0.12655,,3.3192,3.32586,3.48445,3.66997,3.82879
1998-04-02,3.315,3.361,3.403,3.3110000000000004,19925.6,600068,0.01664,0.03607,-0.01524,-0.05217,-0.05669,,3.3426,3.32338,3.48147,3.66833,3.82653
1998-04-03,3.358,3.48,3.525,3.339,21516.61,600068,0.03541,0.05263,0.02746,-0.01277,0.02263,,3.3774,3.32781,3.48074,3.66895,3.82487
1998-04-06,3.5269999999999997,3.48,3.551,3.432,13348.06,600068,0.0,0.02323,0.02837,-0.02275,-0.05074,,3.3932,3.33238,3.47944,3.66744,3.82322
1998-04-07,3.48,3.43,3.492,3.411,8939.4,600068,-0.01437,0.02725,0.02633,-0.04377,-0.06438,,3.4114,3.33657,3.4769,3.66552,3.82134
1998-04-08,3.42,3.427,3.432,3.384,12601.19,600068,-0.00087,0.0366,0.03161,-0.04006,-0.0541,,3.4356,3.34157,3.4746,3.66393,3.81947
1998-04-09,3.432,3.427,3.492,3.387,13728.55,600068,0.0,0.01964,0.04196,-0.04514,-0.03247,,3.4488,3.34814,3.47198,3.66299,3.81762
1998-04-10,3.432,3.451,3.515,3.42,9878.09,600068,0.007,-0.00833,0.05697,-0.02816,-0.03333,,3.443,3.357,3.47037,3.66202,3.8159
1998-04-13,3.4560000000000004,3.47,3.515,3.4560000000000004,16446.56,600068,0.00551,-0.00287,0.03182,-0.0097,-0.08079,,3.441,3.3621,3.46982,3.65954,3.81429
1998-04-14,3.4819999999999998,3.384,3.4819999999999998,3.38,11603.91,600068,-0.02478,-0.01341,0.01989,-0.0438,-0.10072,,3.4318,3.36524,3.46732,3.65646,3.81228
1998-04-15,3.384,3.38,3.418,3.365,11092.22,600068,-0.00118,-0.01371,-0.00059,-0.05902,-0.11099,,3.4224,3.36514,3.4639,3.65303,3.81028
1998-04-17,3.38,3.318,3.418,3.301,6719.0,600068,-0.01834,-0.03181,-0.0036,-0.07059,-0.12454,,3.4006,3.36457,3.45984,3.6492,3.80801
1998-04-20,3.3110000000000004,3.253,3.3110000000000004,3.22,9387.02,600068,-0.01959,-0.05737,-0.01305,-0.11938,-0.15856,,3.361,3.36252,3.45273,3.64421,3.80547
1998-04-21,3.275,3.301,3.301,3.265,7276.29,600068,0.01476,-0.0487,-0.00422,-0.11216,-0.13428,,3.3272,3.36186,3.446,3.64005,3.80316
1998-04-22,3.306,3.315,3.346,3.2889999999999997,9025.01,600068,0.00424,-0.02039,0.01438,-0.12969,-0.12464,,3.3134,3.3641,3.43803,3.63621,3.80095
1998-04-23,3.325,3.282,3.332,3.265,10409.6,600068,-0.00995,-0.02899,-0.00213,-0.11608,-0.14798,,3.2938,3.36376,3.43108,3.63158,3.7986
1998-04-24,3.282,3.2960000000000003,3.313,3.263,11510.27,600068,0.00427,-0.00663,0.00365,-0.0705,-0.16998,,3.2894,3.36433,3.42705,3.62609,3.79633
1998-04-27,3.2960000000000003,3.2889999999999997,3.2960000000000003,3.265,10417.79,600068,-0.00212,0.01107,0.01387,-0.08308,-0.1911,,3.2966,3.36648,3.42224,3.61977,3.79406
1998-04-28,3.2889999999999997,3.597,3.6180000000000003,3.2889999999999997,60714.29,600068,0.09365,0.08967,0.08802,0.00756,-0.13947,,3.3558,3.38033,3.42268,3.61503,3.79318
1998-04-29,3.6039999999999996,3.5389999999999997,3.637,3.5269999999999997,34382.06,600068,-0.01612,0.06757,0.04058,-0.00868,-0.15112,,3.4006,3.3869,3.42218,3.60991,3.79205
1998-04-30,3.5389999999999997,3.485,3.563,3.4560000000000004,16820.99,600068,-0.01526,0.06185,0.04373,-0.01191,-0.17671,,3.4412,3.39386,3.4215,3.60383,3.79069
1998-05-04,3.4989999999999997,3.477,3.5389999999999997,3.4560000000000004,13653.33,600068,-0.0023,0.05492,0.05172,-0.01306,-0.19177,,3.4774,3.402,3.42076,3.59712,3.78931
1998-05-05,3.48,3.432,3.48,3.408,15059.25,600068,-0.01294,0.04348,0.02112,-0.03106,-0.23563,,3.506,3.40538,3.41898,3.58852,3.78774
1998-05-06,3.444,3.427,3.5269999999999997,3.411,9872.0,600068,-0.00146,-0.04726,-0.01523,-0.02835,-0.26142,,3.472,3.40286,3.41737,3.57866,3.78617
1998-05-07,3.432,3.342,3.4539999999999997,3.332,12765.52,600068,-0.0248,-0.05567,-0.03966,-0.07012,-0.22315,,3.4326,3.39629,3.41331,3.57085,3.78423
1998-05-08,3.342,3.432,3.4560000000000004,3.332,10789.29,600068,0.02693,-0.01521,0.00058,-0.04878,-0.2083,,3.422,3.39638,3.41047,3.56351,3.78271
1998-05-11,3.451,3.38,3.4560000000000004,3.3369999999999997,11113.7,600068,-0.01515,-0.0279,-0.01371,-0.06707,-0.21212,,3.4026,3.39414,3.40655,3.55611,3.78097
1998-05-12,3.4539999999999997,3.3939999999999997,3.4730000000000003,3.38,5968.1,600068,0.00414,-0.01107,-0.00963,-0.06321,-0.226,,3.395,3.39257,3.40285,3.54806,3.77931
1998-05-13,3.411,3.372,3.432,3.358,10355.0,600068,-0.00648,-0.01605,-0.02289,-0.07818,-0.22483,,3.384,3.38881,3.39824,3.54011,3.77757
1998-05-14,3.3960000000000004,3.372,3.408,3.361,11707.13,600068,0.0,0.00898,-0.02824,-0.06489,-0.21745,,3.39,3.38414,3.39447,3.53249,3.77585
1998-05-15,3.384,3.43,3.468,3.38,17208.35,600068,0.0172,-0.00058,0.01359,-0.03543,-0.21707,,3.3896,3.38633,3.39244,3.52476,3.77438
1998-05-18,3.509,3.425,3.509,3.417,11312.98,600068,-0.00146,0.01331,0.01331,-0.03684,-0.20386,,3.3986,3.38848,3.39032,3.51763,3.77291
1998-05-19,3.443,3.4010000000000002,3.443,3.3960000000000004,8811.75,600068,-0.00701,0.00206,0.02502,-0.05053,-0.19427,,3.4,3.39243,3.3874,3.51096,3.77134
1998-05-20,3.4010000000000002,3.343,3.409,3.304,9848.28,600068,-0.01705,-0.0086,0.02767,-0.06175,-0.15495,,3.3942,3.39671,3.38385,3.50598,3.76955
1998-05-21,3.3569999999999998,3.333,3.38,3.304,7740.09,600068,-0.00299,-0.01157,0.00969,-0.055,-0.15599,,3.3864,3.39824,3.38073,3.50097,3.76773
1998-05-22,3.333,3.367,3.427,3.333,10056.37,600068,0.0102,-0.01837,0.01569,-0.0391,-0.11697,,3.3738,3.40071,3.37852,3.49734,3.76607
1998-05-25,3.367,3.33,3.37,3.304,12195.09,600068,-0.01099,-0.02774,0.01463,-0.06224,-0.15332,,3.3548,3.403,3.37495,3.49244,3.76427
1998-05-26,3.33,3.3169999999999997,3.33,3.304,11117.72,600068,-0.0039,-0.0247,0.00637,-0.04684,-0.1462,,3.338,3.404,3.37232,3.48782,3.76243
1998-05-27,3.333,3.304,3.343,3.28,11991.41,600068,-0.00392,-0.01167,0.00456,-0.04646,-0.13098,,3.3302,3.40471,3.36973,3.48377,3.76055
1998-05-28,3.3169999999999997,3.338,3.4010000000000002,3.278,14355.96,600068,0.01029,0.0015,-0.072,-0.03804,-0.11482,,3.3312,3.39238,3.3676,3.48025,3.75882
1998-05-29,3.343,3.338,3.377,3.301,14531.16,600068,0.0,-0.00861,-0.0568,-0.00891,-0.12135,,3.3254,3.38281,3.36711,3.4765,3.75711
1998-06-01,3.3569999999999998,3.325,3.37,3.307,12485.5,600068,-0.00389,-0.0015,-0.04591,-0.02177,-0.12315,-0.1171,3.3244,3.37519,3.36592,3.47271,3.75532
1998-06-02,3.33,3.325,3.3569999999999998,3.3169999999999997,9403.82,600068,0.0,0.00241,-0.04372,-0.02578,-0.10858,-0.13457,3.326,3.36795,3.3645,3.46941,3.75322
1998-06-03,3.33,3.3539999999999996,3.4010000000000002,3.33,9885.56,600068,0.00872,0.01513,-0.02273,-0.00974,-0.06937,-0.13867,3.336,3.36424,3.36397,3.46738,3.75102
1998-06-04,3.38,3.3280000000000003,3.3930000000000002,3.3169999999999997,8980.75,600068,-0.00775,-0.003,-0.02889,-0.01655,-0.09146,-0.1873,3.334,3.35952,3.36306,3.46466,3.74791
1998-06-05,3.3569999999999998,3.32,3.37,3.304,6646.6,600068,-0.0024,-0.00539,-0.00658,-0.00658,-0.09066,-0.21569,3.3304,3.35848,3.36271,3.46197,3.7442
1998-06-08,3.33,3.2910000000000004,3.346,3.278,9852.81,600068,-0.00873,-0.01023,-0.04108,-0.00933,-0.07504,-0.29332,3.3236,3.35176,3.36221,3.4598,3.73864
1998-06-09,3.2910000000000004,3.197,3.304,3.173,11213.18,600068,-0.02856,-0.0385,-0.05414,-0.02797,-0.12339,-0.3658,3.298,3.34305,3.36073,3.45614,3.73115
1998-06-10,3.194,3.207,3.225,3.141,10145.26,600068,0.00313,-0.04383,-0.0551,-0.01776,-0.10469,-0.3546,3.2686,3.33414,3.35979,3.45309,3.72398
1998-06-11,3.199,3.147,3.22,3.147,6102.22,600068,-0.01871,-0.05439,-0.06673,-0.06423,-0.11551,-0.41733,3.2324,3.32343,3.35631,3.44975,3.71482
1998-06-12,3.197,3.1830000000000003,3.236,3.162,8251.23,600068,0.01144,-0.04127,-0.05605,-0.04069,-0.11089,-0.34506,3.205,3.31443,3.35413,3.44652,3.708
1998-06-15,3.1830000000000003,3.094,3.1860000000000004,3.089,11809.95,600068,-0.02796,-0.05986,-0.09796,-0.08516,-0.1493,-0.35636,3.1656,3.29843,3.34948,3.44211,3.70104
1998-06-16,3.089,3.0,3.089,2.9419999999999997,10688.59,600068,-0.03038,-0.06162,-0.12409,-0.0991,-0.16644,-0.35456,3.1262,3.27819,3.34416,3.43724,3.69434
1998-06-17,3.0,2.9339999999999997,3.016,2.9189999999999996,12056.79,600068,-0.022,-0.08513,-0.13731,-0.10983,-0.17976,-0.35545,3.0716,3.25595,3.33832,3.43201,3.68776
1998-06-18,2.9419999999999997,2.9760000000000004,3.029,2.9419999999999997,11603.17,600068,0.01431,-0.05434,-0.10978,-0.10226,-0.18399,-0.33586,3.0374,3.23848,3.33285,3.42655,3.68165
1998-06-19,2.992,3.055,3.11,2.95,30219.38,600068,0.02655,-0.04021,-0.08341,-0.06518,-0.16712,-0.35562,3.0118,3.22524,3.32942,3.42157,3.67479
1998-06-22,3.128,3.125,3.198,3.0639999999999996,15140.08,600068,0.02291,0.01002,-0.07187,-0.04986,-0.13579,-0.33708,3.018,3.21371,3.32677,3.41758,3.66833
1998-06-23,3.125,3.17,3.182,3.12,8010.07,600068,0.0144,0.05667,-0.04805,-0.03471,-0.11797,-0.31474,3.052,3.2061,3.32494,3.41413,3.66241
1998-06-24,3.176,3.3160000000000003,3.3280000000000003,3.162,19730.21,600068,0.04606,0.1302,-0.0003,0.02219,-0.07812,-0.27835,3.1284,3.20605,3.3261,3.41185,3.65722
1998-06-25,3.3139999999999996,3.21,3.3139999999999996,3.2039999999999997,10653.06,600068,-0.03197,0.07863,-0.02845,-0.02904,-0.12247,-0.29775,3.1752,3.20157,3.32455,3.4082,3.65168
1998-06-26,3.218,3.2319999999999998,3.2769999999999997,3.198,10176.18,600068,0.00685,0.05794,-0.03176,-0.04969,-0.09162,-0.32835,3.2106,3.19652,3.32182,3.40555,3.64526
1998-06-29,3.2319999999999998,3.134,3.2569999999999997,3.12,7416.4,600068,-0.03032,0.00288,-0.06111,-0.0614,-0.11444,-0.33924,3.2124,3.18681,3.31852,3.40226,3.63872
1998-06-30,3.145,3.0860000000000003,3.17,3.0660000000000003,6136.02,600068,-0.01532,-0.0265,-0.07188,-0.06655,-0.12972,-0.35385,3.1956,3.17543,3.31497,3.39852,3.63185
1998-07-01,3.148,2.9619999999999997,3.148,2.951,8646.54,600068,-0.04018,-0.10676,-0.10917,-0.11871,-0.15972,-0.40474,3.1248,3.15814,3.30853,3.39394,3.62366
1998-07-02,2.951,2.965,3.005,2.909,9417.38,600068,0.00101,-0.07632,-0.11598,-0.14799,-0.16737,-0.39017,3.0758,3.13962,3.30023,3.3891,3.61595
1998-07-03,3.0189999999999997,3.0410000000000004,3.0860000000000003,2.971,13318.95,600068,0.02563,-0.0591,-0.08624,-0.12615,-0.15222,-0.35035,3.0376,3.12595,3.29315,3.38466,3.60928
1998-07-06,3.092,3.148,3.255,3.0860000000000003,22170.67,600068,0.03519,0.00447,-0.05181,-0.08222,-0.11821,-0.28987,3.0404,3.11776,3.2886,3.38123,3.60406
1998-07-07,3.142,3.137,3.196,3.094,8345.18,600068,-0.00349,0.01653,-0.04679,-0.08462,-0.12594,-0.26431,3.0506,3.11043,3.28392,3.37755,3.59948
1998-07-08,3.162,3.176,3.198,3.1,7119.12,600068,0.01243,0.07225,-0.00657,-0.07324,-0.1056,-0.25551,3.0934,3.10943,3.27987,3.3745,3.59505
1998-07-09,3.19,3.21,3.263,3.17,9596.88,600068,0.01071,0.08263,0.00094,-0.06983,-0.0839,-0.16406,3.1424,3.10957,3.27598,3.37211,3.59249
1998-07-10,3.2239999999999998,3.187,3.2319999999999998,3.176,7170.3,600068,-0.00717,0.04801,0.01271,-0.08156,-0.09946,-0.16745,3.1716,3.11148,3.27142,3.36925,3.58988
1998-07-13,3.19,3.156,3.198,3.12,6146.7,600068,-0.00973,0.00254,-0.00848,-0.06738,-0.12138,-0.21218,3.1732,3.11019,3.26774,3.36571,3.58643
1998-07-14,3.162,3.035,3.19,2.9739999999999998,11794.81,600068,-0.03834,-0.03252,-0.01907,-0.10207,-0.14986,-0.22872,3.1528,3.10738,3.26218,3.36136,3.58277
1998-07-15,3.0269999999999997,3.052,3.103,2.9819999999999998,6680.12,600068,0.0056,-0.03904,0.01733,-0.08017,-0.1738,-0.25342,3.128,3.10986,3.25789,3.35614,3.57856
1998-07-16,3.0469999999999997,3.049,3.0860000000000003,3.016,4447.25,600068,-0.00098,-0.05016,0.0392,-0.06271,-0.17994,-0.25104,3.0958,3.11533,3.2546,3.3507,3.5744
1998-07-17,3.049,3.033,3.0860000000000003,3.005,4422.92,600068,-0.00525,-0.04832,0.01915,-0.08119,-0.20373,-0.2389,3.065,3.11805,3.25027,3.34439,3.57053
1998-07-20,3.033,2.94,3.0639999999999996,2.923,6572.52,600068,-0.03066,-0.06844,-0.03764,-0.11312,-0.20819,-0.27011,3.0218,3.11257,3.24423,3.33811,3.56611
1998-07-21,2.951,3.0210000000000004,3.035,2.951,3855.93,600068,0.02755,-0.00461,-0.03328,-0.07952,-0.14805,-0.24095,3.019,3.10762,3.24002,3.33384,3.56221
1998-07-22,3.035,2.965,3.035,2.96,3151.3,600068,-0.01854,-0.02851,-0.06467,-0.10042,-0.1734,-0.25409,3.0016,3.09786,3.23468,3.32878,3.55811
1998-07-23,2.965,3.0860000000000003,3.097,2.965,7959.85,600068,0.04081,0.01214,-0.06936,-0.06172,-0.13557,-0.19677,3.009,3.0869,3.2314,3.32485,3.55503
1998-07-24,3.083,3.1,3.1310000000000002,3.069,7952.98,600068,0.00454,0.02209,-0.03427,-0.13817,-0.13165,-0.20308,3.0224,3.08167,3.22339,3.32102,3.55182
1998-07-27,3.0780000000000003,3.033,3.0780000000000003,3.002,5604.9,600068,-0.02161,0.03163,-0.06157,-0.14298,-0.14006,-0.20456,3.041,3.07219,3.21523,3.31701,3.54865
1998-07-28,3.033,3.0610000000000004,3.089,3.002,4590.01,600068,0.00923,0.01324,-0.02329,-0.12166,-0.13114,-0.18871,3.049,3.06871,3.20839,3.31325,3.54576
1998-07-29,3.035,3.213,3.2739999999999996,3.013,120929.54,600068,0.04966,0.08364,0.04115,-0.07593,-0.09289,-0.16263,3.0986,3.07476,3.20413,3.31058,3.54322
1998-07-30,3.196,3.153,3.21,3.128,34519.52,600068,-0.01867,0.02171,0.06448,-0.08129,-0.10604,-0.12683,3.112,3.08386,3.19963,3.30754,3.54136
1998-07-31,3.153,3.227,3.26,3.12,25644.98,600068,0.02347,0.04097,0.08836,-0.05836,-0.10211,-0.10856,3.1374,3.09633,3.1964,3.30455,3.53976
1998-08-03,3.235,3.252,3.342,3.2319999999999998,48152.46,600068,0.00775,0.07221,0.06939,-0.02693,-0.09867,-0.11918,3.1812,3.10638,3.19495,3.30166,3.53797
1998-08-04,3.252,3.227,3.272,3.179,16505.2,600068,-0.00769,0.05423,0.0251,-0.05973,-0.1093,-0.13206,3.2144,3.11014,3.19165,3.29844,3.53598
1998-08-05,3.227,3.238,3.255,3.19,10873.64,600068,0.00341,0.00778,0.0322,-0.04201,-0.10627,-0.15346,3.2194,3.11495,3.18935,3.29531,3.53359
1998-08-06,3.26,3.165,3.26,3.165,12064.49,600068,-0.02254,0.00381,-0.00346,-0.06747,-0.13477,-0.17103,3.2218,3.11443,3.18566,3.2913,3.53093
1998-08-07,3.142,3.03,3.165,3.0210000000000004,19124.87,600068,-0.04265,-0.06105,-0.05607,-0.10142,-0.15973,-0.19586,3.1824,3.10586,3.18015,3.28662,3.52793
1998-08-10,3.002,3.049,3.049,2.957,10751.05,600068,0.00627,-0.06242,-0.0433,-0.09579,-0.14258,-0.16921,3.1418,3.09929,3.17494,3.2825,3.52541
1998-08-11,3.049,2.965,3.0660000000000003,2.9619999999999997,6976.93,600068,-0.02755,-0.08119,-0.06052,-0.13557,-0.1662,-0.2372,3.0894,3.09019,3.16744,3.27769,3.52166
1998-08-12,2.8110000000000004,2.7319999999999998,2.8110000000000004,2.67,23927.32,600068,-0.07858,-0.15627,-0.09984,-0.20234,-0.2373,-0.26658,2.9882,3.07576,3.15626,3.27078,3.51763
1998-08-13,2.7260000000000004,2.698,2.7319999999999998,2.58,24038.75,600068,-0.01245,-0.14755,-0.11599,-0.2067,-0.24277,-0.26021,2.8948,3.0589,3.14492,3.26375,3.51377
1998-08-14,2.698,2.5380000000000003,2.7089999999999996,2.535,21247.84,600068,-0.0593,-0.16238,-0.1676,-0.2408,-0.28041,-0.29205,2.7964,3.03457,3.13194,3.25571,3.50951
1998-08-17,2.445,2.285,2.445,2.285,18742.47,600068,-0.09968,-0.25057,-0.24662,-0.31443,-0.34789,-0.34789,2.6436,2.99895,3.11503,3.2458,3.50456
1998-08-18,2.248,2.265,2.355,2.108,18094.85,600068,-0.00875,-0.23609,-0.22959,-0.32729,-0.36215,-0.37396,2.5036,2.96681,3.09726,3.23534,3.49906
1998-08-19,2.35,2.369,2.383,2.2769999999999997,18081.66,600068,0.04592,-0.13287,-0.21582,-0.28859,-0.31925,-0.32295,2.431,2.93576,3.08176,3.22631,3.49446
1998-08-20,2.369,2.4090000000000003,2.423,2.305,16870.05,600068,0.01688,-0.10712,-0.18752,-0.27374,-0.30476,-0.28559,2.3732,2.90929,3.06711,3.21772,3.49055
1998-08-21,2.4090000000000003,2.4419999999999997,2.459,2.35,20333.8,600068,0.0137,-0.03783,-0.20868,-0.2609,-0.29625,-0.32053,2.354,2.87862,3.05321,3.20937,3.48587
1998-08-24,2.428,2.4730000000000003,2.5069999999999997,2.392,16566.3,600068,0.01269,0.08228,-0.20226,-0.25914,-0.26574,-0.31911,2.3916,2.84876,3.03926,3.20209,3.48115
1998-08-25,2.445,2.4,2.468,2.381,15569.29,600068,-0.02952,0.0596,-0.2087,-0.28101,-0.29391,-0.33975,2.4186,2.81862,3.02413,3.19397,3.47613
1998-08-26,2.3890000000000002,2.364,2.428,2.3609999999999998,8585.46,600068,-0.015,-0.00211,-0.2277,-0.28902,-0.30735,-0.36417,2.4176,2.78543,3.00863,3.18544,3.47063
1998-08-27,2.3609999999999998,2.3080000000000003,2.3609999999999998,2.296,7870.24,600068,-0.02369,-0.04193,-0.28167,-0.30586,-0.31857,-0.39518,2.3974,2.74233,2.99223,3.17667,3.4645
1998-08-28,2.305,2.333,2.369,2.271,7538.76,600068,0.01083,-0.04464,-0.26007,-0.30441,-0.31058,-0.38362,2.3756,2.70329,2.97576,3.16812,3.4586
1998-08-31,2.305,2.3890000000000002,2.3890000000000002,2.229,12654.89,600068,0.024,-0.03397,-0.25968,-0.28215,-0.28516,-0.36598,2.3588,2.66338,2.96061,3.16037,3.45299
1998-09-01,2.397,2.501,2.58,2.338,47788.67,600068,0.04688,0.04208,-0.23093,-0.24669,-0.24714,-0.34409,2.379,2.62762,2.9474,3.1537,3.44766
1998-09-02,2.479,2.437,2.524,2.431,11211.85,600068,-0.02559,0.03088,-0.24481,-0.2595,-0.25905,-0.36288,2.3936,2.59,2.93363,3.14677,3.44202
1998-09-03,2.437,2.4730000000000003,2.5069999999999997,2.434,9641.3,600068,0.01477,0.07149,-0.23626,-0.22646,-0.24257,-0.38206,2.4266,2.55357,2.92195,3.14033,3.4358
1998-09-04,2.501,2.485,2.524,2.468,11201.75,600068,0.00485,0.06515,-0.21485,-0.22513,-0.26108,-0.37232,2.457,2.52119,2.91031,3.1332,3.42981
1998-09-07,2.496,2.501,2.5269999999999997,2.465,10036.74,600068,0.00644,0.04688,-0.17459,-0.20527,-0.24623,-0.37018,2.4794,2.496,2.89989,3.12655,3.42383
1998-09-08,2.501,2.44,2.5180000000000002,2.431,10493.1,600068,-0.02439,-0.02439,-0.19974,-0.23343,-0.27853,-0.39634,2.4672,2.467,2.8879,3.11889,3.41732
1998-09-09,2.431,2.4619999999999997,2.468,2.3890000000000002,8927.71,600068,0.00902,0.01026,-0.16965,-0.20427,-0.26066,-0.38218,2.4722,2.44305,2.87771,3.11184,3.41113
1998-09-10,2.4619999999999997,2.515,2.5269999999999997,2.445,17899.26,600068,0.02153,0.01698,-0.07943,-0.16167,-0.23695,-0.37484,2.4806,2.43271,2.86989,3.10549,3.405
1998-09-11,2.524,2.479,2.524,2.468,12854.35,600068,-0.01431,-0.00241,-0.08117,-0.15508,-0.25219,-0.35993,2.4794,2.42229,2.86255,3.09869,3.39933
1998-09-14,2.479,2.515,2.5580000000000003,2.431,19884.24,600068,0.01452,0.0056,-0.00906,-0.15491,-0.23042,-0.35347,2.4822,2.42119,2.85511,3.09257,3.39374
1998-09-15,2.515,2.575,2.589,2.4730000000000003,26462.87,600068,0.02386,0.05533,0.12691,-0.15712,-0.21709,-0.33719,2.5092,2.435,2.84737,3.08676,3.38842
1998-09-16,2.603,2.653,2.721,2.591,39711.63,600068,0.03029,0.07758,0.1713,-0.15104,-0.19214,-0.30258,2.5474,2.45348,2.83976,3.08163,3.38374
1998-09-17,2.693,2.653,2.7769999999999997,2.5860000000000003,30804.86,600068,0.0,0.05487,0.11988,-0.16309,-0.18218,-0.2781,2.575,2.467,2.83142,3.07683,3.37959
1998-09-18,2.642,2.53,2.642,2.51,17863.4,600068,-0.04636,0.02057,0.05023,-0.23703,-0.23472,-0.32389,2.5852,2.47276,2.81874,3.07052,3.37466
1998-09-21,2.4730000000000003,2.521,2.53,2.417,10312.34,600068,-0.00356,0.00239,0.03235,-0.21464,-0.25875,-0.31083,2.5864,2.47652,2.80763,3.06337,3.37004
1998-09-22,2.5069999999999997,2.496,2.515,2.487,6243.35,600068,-0.00992,-0.03068,0.0093,-0.22772,-0.25247,-0.32339,2.5706,2.47762,2.79576,3.05651,3.36519
1998-09-23,2.501,2.49,2.53,2.476,5334.77,600068,-0.0024,-0.06144,0.0375,-0.20549,-0.24682,-0.34214,2.538,2.4819,2.78537,3.04988,3.35992
1998-09-24,2.4930000000000003,2.417,2.5180000000000002,2.417,7297.88,600068,-0.02932,-0.08896,0.02242,-0.21679,-0.28087,-0.32164,2.4908,2.48443,2.77458,3.0422,3.35526
1998-09-25,2.417,2.451,2.459,2.406,7685.09,600068,0.01407,-0.03123,0.06196,-0.17252,-0.29569,-0.27975,2.475,2.49124,2.76634,3.03384,3.35139
1998-09-28,2.451,2.49,2.552,2.42,8327.57,600068,0.01591,-0.0123,0.0673,-0.1602,-0.28448,-0.32079,2.4688,2.49871,2.75868,3.02579,3.34661
1998-09-29,2.501,2.544,2.575,2.496,11413.02,600068,0.02169,0.01923,0.06488,-0.16343,-0.25831,-0.30606,2.4784,2.5061,2.75066,3.01859,3.34205
1998-09-30,2.544,2.515,2.5580000000000003,2.504,4542.52,600068,-0.0114,0.01004,0.0056,-0.20108,-0.26612,-0.30582,2.4834,2.50676,2.74045,3.01117,3.33755
1998-10-05,2.532,2.49,2.58,2.487,4167.67,600068,-0.00994,0.0302,0.02175,-0.20625,-0.27342,-0.29701,2.498,2.50929,2.73002,3.00355,3.33327
1998-10-06,2.496,2.434,2.541,2.431,6354.75,600068,-0.02249,-0.00694,-0.01577,-0.23363,-0.2947,-0.31821,2.4946,2.50743,2.71805,2.99528,3.32865
1998-10-07,2.417,2.411,2.468,2.3890000000000002,5904.82,600068,-0.00945,-0.03173,-0.02978,-0.24891,-0.30519,-0.36132,2.4788,2.5039,2.70516,2.98667,3.32311
1998-10-08,2.417,2.428,2.459,2.392,8385.56,600068,0.00705,-0.0456,-0.02919,-0.23816,-0.28251,-0.35477,2.4556,2.50043,2.69292,2.9789,3.31768
1998-10-09,2.44,2.426,2.456,2.417,5133.82,600068,-0.00082,-0.03539,-0.00574,-0.23131,-0.28225,-0.36191,2.4378,2.49976,2.68115,2.97115,3.31209
1998-10-12,2.426,2.406,2.426,2.381,9677.51,600068,-0.00824,-0.03373,-0.02275,-0.20725,-0.27486,-0.36517,2.421,2.4971,2.671,2.96373,3.30646
1998-10-13,2.411,2.411,2.4730000000000003,2.386,7523.3,600068,0.00208,-0.00945,-0.04135,-0.21003,-0.25884,-0.37636,2.4164,2.49214,2.66066,2.95689,3.30055
1998-10-14,2.392,2.3890000000000002,2.431,2.381,6015.44,600068,-0.00912,-0.00912,-0.0363,-0.21646,-0.27628,-0.37346,2.412,2.48786,2.65002,2.94947,3.29476
1998-10-15,2.3890000000000002,2.392,2.403,2.381,8349.84,600068,0.00126,-0.01483,-0.04891,-0.21134,-0.27843,-0.36837,2.4048,2.482,2.63968,2.94197,3.28909
1998-10-16,2.392,2.395,2.44,2.3890000000000002,6474.45,600068,0.00125,-0.01278,-0.0699,-0.18537,-0.27026,-0.37825,2.3986,2.47343,2.63089,2.93476,3.28317
1998-10-19,2.403,2.367,2.406,2.3609999999999998,7071.17,600068,-0.01169,-0.01621,-0.1078,-0.21648,-0.28186,-0.40393,2.3908,2.45981,2.62034,2.9272,3.27665
1998-10-20,2.367,2.347,2.3890000000000002,2.3409999999999997,7403.63,600068,-0.00845,-0.02655,-0.11534,-0.20843,-0.28641,-0.42277,2.378,2.44524,2.61037,2.91954,3.26966
1998-10-21,2.355,2.285,2.3609999999999998,2.2769999999999997,12132.19,600068,-0.02642,-0.04353,-0.09684,-0.25956,-0.36475,-0.45335,2.3572,2.43357,2.59745,2.90888,3.26196
1998-10-22,2.2769999999999997,2.291,2.293,2.248,10077.34,600068,0.00263,-0.04222,-0.09123,-0.26097,-0.35264,-0.45047,2.337,2.42262,2.5844,2.89873,3.25432
1998-10-23,2.355,2.3080000000000003,2.397,2.305,5745.37,600068,0.00742,-0.03633,-0.07532,-0.23904,-0.33773,-0.45476,2.3196,2.41367,2.57271,2.88916,3.2465
1998-10-26,2.302,2.2769999999999997,2.302,2.251,7864.65,600068,-0.01343,-0.03802,-0.08554,-0.25613,-0.34513,-0.47071,2.3016,2.40352,2.56006,2.87941,3.23826
1998-10-27,2.263,2.2769999999999997,2.327,2.254,6459.21,600068,0.0,-0.02983,-0.05792,-0.29132,-0.33654,-0.49287,2.2876,2.39686,2.54497,2.87002,3.22927
1998-10-28,2.2769999999999997,2.291,2.302,2.2769999999999997,4308.36,600068,0.00615,0.00263,-0.06528,-0.27339,-0.33149,-0.50625,2.2888,2.38924,2.53106,2.86078,3.21972
1998-10-29,2.302,2.265,2.302,2.248,7081.36,600068,-0.01135,-0.01135,-0.09036,-0.29811,-0.32226,-0.4735,2.2836,2.37852,2.51555,2.85202,3.21144
1998-10-30,2.271,2.263,2.302,2.254,7074.0,600068,-0.00088,-0.0195,-0.11046,-0.30412,-0.34062,-0.47797,2.2746,2.36514,2.4996,2.84252,3.20302
1998-11-02,2.254,2.263,2.265,2.248,9606.23,600068,0.0,-0.00615,-0.1002,-0.29873,-0.33047,-0.47249,2.2718,2.35314,2.48405,2.83344,3.19478
1998-11-03,2.274,2.2769999999999997,2.291,2.254,6521.15,600068,0.00619,0.0,-0.08554,-0.29679,-0.32911,-0.48073,2.2718,2.343,2.46855,2.82436,3.18621
1998-11-04,2.2769999999999997,2.265,2.2880000000000003,2.2569999999999997,5561.47,600068,-0.00527,-0.01135,-0.06943,-0.28436,-0.32829,-0.47931,2.2666,2.33495,2.45403,2.81536,3.17773
1998-11-05,2.265,2.299,2.336,2.263,7531.45,600068,0.01501,0.01501,-0.04645,-0.24125,-0.31821,-0.46647,2.2734,2.32962,2.44224,2.80663,3.16956
1998-11-06,2.302,2.324,2.344,2.299,10655.13,600068,0.01087,0.02696,-0.04283,-0.23778,-0.32245,-0.46953,2.2856,2.32467,2.43055,2.79764,3.1612
1998-11-09,2.333,2.417,2.426,2.333,15399.59,600068,0.04002,0.06805,-0.00371,-0.18482,-0.29431,-0.43817,2.3164,2.32424,2.42171,2.78945,3.15354
1998-11-10,2.434,2.392,2.459,2.3890000000000002,10264.3,600068,-0.01034,0.05051,-0.00582,-0.12445,-0.29668,-0.43331,2.3394,2.32357,2.41623,2.78124,3.1461
1998-11-11,2.3890000000000002,2.3609999999999998,2.426,2.355,7653.51,600068,-0.01296,0.04238,-0.02074,-0.12491,-0.29375,-0.40319,2.3586,2.32119,2.41079,2.77326,3.13962
1998-11-12,2.3609999999999998,2.336,2.372,2.324,7182.16,600068,-0.01059,0.01609,-0.02219,-0.07959,-0.29913,-0.40846,2.366,2.31867,2.40753,2.76515,3.13306
1998-11-13,2.347,2.347,2.3609999999999998,2.302,7042.19,600068,0.00471,0.0099,-0.01881,0.02713,-0.30294,-0.38447,2.3706,2.31652,2.40853,2.75686,3.1271
1998-11-16,2.344,2.386,2.395,2.3080000000000003,10479.8,600068,0.01662,-0.01283,-0.00376,0.05342,-0.28348,-0.39334,2.3644,2.3161,2.41048,2.74919,3.12081
1998-11-17,2.3890000000000002,2.417,2.44,2.386,18170.31,600068,0.01299,0.01045,0.02112,0.02026,-0.27133,-0.37786,2.3694,2.31848,2.41126,2.74187,3.11485
1998-11-18,2.42,2.381,2.434,2.372,7324.25,600068,-0.01489,0.00847,0.01449,-0.01162,-0.27936,-0.37375,2.3734,2.3201,2.41081,2.73437,3.10907
1998-11-19,2.381,2.35,2.381,2.347,6565.19,600068,-0.01302,0.00599,0.02845,-0.03767,-0.29599,-0.37682,2.3762,2.32319,2.40932,2.72633,3.10329
1998-11-20,2.35,2.355,2.364,2.333,4837.93,600068,0.00213,0.00341,0.02794,-0.04772,-0.29449,-0.3801,2.3778,2.32624,2.40742,2.71834,3.09742
1998-11-23,2.333,2.333,2.3609999999999998,2.324,5435.31,600068,-0.00934,-0.02221,0.01083,-0.02792,-0.29835,-0.38476,2.3672,2.32743,2.40634,2.71028,3.09149
1998-11-24,2.3609999999999998,2.3409999999999997,2.369,2.336,2564.18,600068,0.00343,-0.03144,0.02811,-0.00973,-0.29594,-0.37239,2.352,2.33048,2.40597,2.70228,3.08585
1998-11-25,2.347,2.302,2.355,2.302,4626.57,600068,-0.01666,-0.03318,0.01098,-0.0026,-0.31366,-0.36127,2.3362,2.33167,2.40587,2.69372,3.08055
1998-11-26,2.299,2.293,2.319,2.291,4465.71,600068,-0.00391,-0.02426,0.00087,-0.01715,-0.311,-0.37401,2.3248,2.33176,2.40523,2.68531,3.07498
1998-11-27,2.302,2.2769999999999997,2.319,2.263,4754.49,600068,-0.00698,-0.03312,0.0053,-0.04688,-0.31416,-0.37634,2.3092,2.33233,2.40342,2.67683,3.0694
1998-11-30,2.2769999999999997,2.2680000000000002,2.279,2.248,10788.87,600068,-0.00395,-0.02786,0.00221,-0.09316,-0.31085,-0.36256,2.2962,2.33257,2.39966,2.66851,3.06415
1998-12-01,2.271,2.248,2.305,2.248,8697.79,600068,-0.00882,-0.03973,-0.00663,-0.07755,-0.29684,-0.3836,2.2776,2.33186,2.39661,2.6608,3.05847
1998-12-02,2.299,2.2569999999999997,2.299,2.234,5957.45,600068,0.004,-0.01955,-0.00878,-0.08734,-0.29623,-0.36991,2.2686,2.3309,2.39313,2.65307,3.05308
1998-12-03,2.291,2.274,2.305,2.263,3570.6,600068,0.00753,-0.00829,0.00397,-0.08491,-0.27741,-0.36088,2.2648,2.33133,2.38973,2.64598,3.04786
1998-12-04,2.2769999999999997,2.2569999999999997,2.285,2.248,3309.06,600068,-0.00748,-0.00878,-0.01827,-0.09756,-0.29092,-0.36955,2.2608,2.32933,2.38579,2.63845,3.04248
1998-12-07,2.313,2.248,2.313,2.248,3907.6,600068,-0.00399,-0.00882,-0.0327,-0.07869,-0.27343,-0.38191,2.2568,2.32571,2.38269,2.63157,3.03684
1998-12-08,2.26,2.265,2.282,2.248,5011.21,600068,0.00756,0.00756,-0.06289,-0.08002,-0.245,-0.37066,2.2602,2.31848,2.37952,2.62559,3.03141
1998-12-09,2.2769999999999997,2.271,2.291,2.263,4074.24,600068,0.00265,0.0062,-0.05059,-0.09702,-0.22597,-0.36511,2.263,2.31271,2.37558,2.6202,3.02611
1998-12-10,2.271,2.248,2.282,2.248,4064.8,600068,-0.01013,-0.01143,-0.04786,-0.09318,-0.24462,-0.3836,2.2578,2.30733,2.37185,2.61428,3.02042
1998-12-11,2.248,2.251,2.263,2.1919999999999997,5137.79,600068,0.00133,-0.00266,-0.03639,-0.10497,-0.26318,-0.38631,2.2566,2.30329,2.3676,2.60775,3.01466
1998-12-14,2.2569999999999997,2.22,2.271,2.215,4072.2,600068,-0.01377,-0.01246,-0.05411,-0.13786,-0.2896,-0.38606,2.251,2.29724,2.36187,2.60039,3.00898
1998-12-15,2.22,2.201,2.22,2.187,5298.98,600068,-0.00856,-0.02826,-0.07754,-0.17037,-0.30568,-0.38759,2.2382,2.28843,2.35458,2.59251,3.00332
1998-12-16,2.22,2.209,2.234,2.206,2406.53,600068,0.00363,-0.0273,-0.08606,-0.16736,-0.33384,-0.38588,2.2258,2.27852,2.34742,2.58351,2.99768
1998-12-17,2.209,2.167,2.215,2.164,4098.48,600068,-0.01901,-0.03603,-0.08988,-0.14348,-0.32492,-0.4076,2.2096,2.26833,2.34156,2.57503,2.99162
1998-12-18,2.136,2.153,2.164,2.125,3529.75,600068,-0.00646,-0.04354,-0.08383,-0.14597,-0.33385,-0.39488,2.19,2.25895,2.33563,2.56626,2.98591
1998-12-21,2.153,2.15,2.164,2.125,3449.12,600068,-0.00139,-0.03153,-0.08705,-0.13862,-0.31398,-0.39248,2.176,2.24919,2.33005,2.55826,2.98026
1998-12-22,2.15,2.209,2.22,2.147,3068.13,600068,0.02744,0.00363,-0.05315,-0.11285,-0.28419,-0.37704,2.1776,2.24329,2.32552,2.55113,2.97483
1998-12-23,2.218,2.204,2.22,2.187,3453.54,600068,-0.00226,-0.00226,-0.05852,-0.08813,-0.25591,-0.37475,2.1766,2.23676,2.32208,2.54497,2.96946
1998-12-24,2.1919999999999997,2.1919999999999997,2.206,2.178,1999.41,600068,-0.00544,0.01154,-0.04778,-0.10567,-0.26071,-0.38444,2.1816,2.23152,2.3179,2.53868,2.96389
1998-12-25,2.1919999999999997,2.1919999999999997,2.234,2.187,2515.84,600068,0.0,0.01811,-0.04405,-0.11968,-0.27918,-0.3889,2.1894,2.22671,2.3131,2.53178,2.95822
1998-12-28,2.195,2.181,2.22,2.178,2480.0,600068,-0.00502,0.01442,-0.04216,-0.14269,-0.30718,-0.38908,2.1956,2.22214,2.30724,2.52392,2.95257
1998-12-29,2.173,2.164,2.178,2.15,3256.6,600068,-0.00779,-0.02037,-0.04586,-0.13956,-0.31017,-0.39705,2.1866,2.21719,2.30158,2.51601,2.94678
1998-12-30,2.161,2.175,2.195,2.122,4410.68,600068,0.00508,-0.01316,-0.03247,-0.12651,-0.31518,-0.3875,2.1808,2.21371,2.2965,2.50787,2.94119
1998-12-31,2.164,2.156,2.17,2.15,2381.65,600068,-0.00874,-0.01642,-0.04475,-0.11422,-0.32835,-0.3847,2.1736,2.2089,2.29202,2.4993,2.93571
1999-01-04,2.153,2.1109999999999998,2.1590000000000003,2.1109999999999998,2966.0,600068,-0.02087,-0.03695,-0.07168,-0.12443,-0.33762,-0.4035,2.1574,2.20114,2.28718,2.49055,2.9299
1999-01-05,2.108,2.049,2.108,2.026,2634.91,600068,-0.02937,-0.06052,-0.09216,-0.1561,-0.35076,-0.42957,2.131,2.19124,2.28106,2.48155,2.92363
1999-01-06,2.052,2.074,2.094,2.0380000000000003,3058.66,600068,0.0122,-0.04159,-0.0774,-0.14509,-0.31664,-0.41905,2.113,2.18295,2.27539,2.47374,2.91755
1999-01-07,2.074,2.066,2.08,2.052,2568.17,600068,-0.00386,-0.05011,-0.08786,-0.14131,-0.32307,-0.44071,2.0912,2.17348,2.2699,2.46572,2.91093
1999-01-08,2.066,2.122,2.136,2.066,4278.8,600068,0.02711,-0.01577,-0.06561,-0.11987,-0.30403,-0.42926,2.0844,2.16638,2.26524,2.45819,2.90444
1999-01-11,2.122,2.105,2.122,2.085,3466.93,600068,-0.00801,-0.00284,-0.06361,-0.11888,-0.30597,-0.44736,2.0832,2.15957,2.26066,2.45064,2.89752
1999-01-12,2.108,2.085,2.114,2.08,3808.01,600068,-0.0095,0.01757,-0.07375,-0.12834,-0.29082,-0.43846,2.0904,2.15167,2.25571,2.44369,2.8909
1999-01-13,2.074,2.066,2.097,2.055,4694.05,600068,-0.00911,-0.00386,-0.06937,-0.13737,-0.31612,-0.41737,2.0888,2.14433,2.2504,2.43593,2.88488
1999-01-14,2.066,2.128,2.133,2.052,6257.76,600068,0.03001,0.03001,-0.03317,-0.10097,-0.28229,-0.40675,2.1012,2.14086,2.24655,2.42912,2.87895
1999-01-15,2.128,2.1109999999999998,2.15,2.108,4127.53,600068,-0.00799,-0.00518,-0.04436,-0.10055,-0.31594,-0.40868,2.099,2.13619,2.24274,2.4212,2.87302
1999-01-18,2.1109999999999998,2.1919999999999997,2.2430000000000003,2.108,7333.05,600068,0.03837,0.04133,0.01154,-0.0407,-0.2929,-0.38599,2.1164,2.13738,2.24124,2.41381,2.86742
1999-01-19,2.201,2.187,2.206,2.1590000000000003,4777.55,600068,-0.00228,0.04892,0.01579,-0.0454,-0.27893,-0.37993,2.1368,2.139,2.23956,2.40693,2.86197
1999-01-20,2.187,2.156,2.22,2.15,2936.6,600068,-0.01417,0.04356,0.00279,-0.06586,-0.29566,-0.38802,2.1548,2.13929,2.23711,2.39958,2.85641
1999-01-21,2.164,2.147,2.164,2.13,4611.57,600068,-0.00417,0.00893,-0.02807,-0.05709,-0.33178,-0.39385,2.1586,2.13633,2.23502,2.39091,2.85074
1999-01-22,2.156,2.164,2.198,2.136,4633.42,600068,0.00792,0.02511,-0.01815,-0.04963,-0.31367,-0.38645,2.1692,2.13443,2.23319,2.38287,2.8452
1999-01-25,2.173,2.125,2.173,2.122,4274.37,600068,-0.01802,-0.03057,-0.03057,-0.07246,-0.34149,-0.40874,2.1558,2.13124,2.23052,2.37391,2.83923
1999-01-26,2.125,2.088,2.125,2.085,3495.44,600068,-0.01741,-0.04527,-0.04745,-0.07815,-0.35793,-0.42129,2.136,2.12629,2.22766,2.36445,2.83305
1999-01-27,2.0909999999999997,2.1,2.1,2.08,3964.66,600068,0.00575,-0.02597,-0.03714,-0.07203,-0.34924,-0.42037,2.1248,2.12243,2.22503,2.35528,2.82686
1999-01-28,2.108,2.0709999999999997,2.108,2.052,3862.51,600068,-0.01381,-0.0354,-0.04298,-0.08484,-0.36041,-0.42837,2.1096,2.118,2.22194,2.3458,2.82055
1999-01-29,2.066,2.108,2.133,2.057,3313.5,600068,0.01787,-0.02588,-0.0308,-0.07422,-0.33397,-0.42373,2.0984,2.11481,2.21921,2.3372,2.81425
1999-02-01,2.105,2.066,2.108,2.0380000000000003,2308.89,600068,-0.01992,-0.02776,-0.04174,-0.08786,-0.31815,-0.42707,2.0866,2.11052,2.216,2.32937,2.80799
1999-02-02,2.066,2.069,2.074,2.046,4453.88,600068,0.00145,-0.0091,-0.0199,-0.10004,-0.32142,-0.41817,2.0828,2.10852,2.21229,2.3214,2.80195
1999-02-03,2.074,2.0709999999999997,2.125,2.066,2081.05,600068,0.00097,-0.01381,0.01074,-0.10886,-0.30152,-0.4176,2.077,2.10957,2.20821,2.31413,2.79591
1999-02-04,2.066,2.049,2.08,2.029,3908.98,600068,-0.01062,-0.01062,-0.01205,-0.15225,-0.25,-0.42797,2.0726,2.10838,2.20227,2.30858,2.78968
1999-02-05,2.052,1.939,2.052,1.9369999999999998,6443.0,600068,-0.05368,-0.08017,-0.06147,-0.18938,-0.28132,-0.4558,2.0388,2.10233,2.19497,2.30241,2.78308
1999-02-08,1.939,1.931,1.965,1.9140000000000001,4707.89,600068,-0.00413,-0.06534,-0.09001,-0.18213,-0.23916,-0.45251,2.0118,2.09324,2.18803,2.29747,2.77659
1999-02-09,1.939,1.996,2.035,1.931,4601.46,600068,0.03366,-0.03528,-0.05178,-0.14555,-0.12648,-0.43037,1.9972,2.08805,2.18255,2.29512,2.77046
1999-03-01,1.996,1.9669999999999999,2.01,1.945,3102.55,600068,-0.01453,-0.05022,-0.05659,-0.16191,-0.13157,-0.44607,1.9764,2.08243,2.17642,2.2927,2.76402
1999-03-02,1.9669999999999999,1.9669999999999999,1.996,1.956,2878.43,600068,0.0,-0.04002,-0.04792,-0.17561,-0.16969,-0.43477,1.96,2.07771,2.16966,2.28943,2.75787
1999-03-03,1.9669999999999999,2.029,2.0380000000000003,1.9669999999999999,3822.49,600068,0.03152,0.04642,-0.04652,-0.16053,-0.15774,-0.41443,1.978,2.073,2.1634,2.28634,2.75203
1999-03-04,2.024,2.043,2.069,2.0180000000000002,4523.29,600068,0.0069,0.058,-0.03221,-0.14196,-0.16339,-0.41124,2.0004,2.06976,2.15795,2.2831,2.74623
1999-03-05,2.043,2.032,2.052,2.0180000000000002,4822.72,600068,-0.00538,0.01804,-0.07299,-0.13532,-0.17833,-0.39667,2.0076,2.06214,2.15282,2.27951,2.7408
1999-03-08,2.026,2.024,2.0380000000000003,1.996,5415.76,600068,-0.00394,0.02898,-0.07453,-0.14055,-0.15667,-0.40453,2.019,2.05438,2.14748,2.27646,2.73521
1999-03-09,2.0380000000000003,2.026,2.066,2.024,4420.25,600068,0.00099,0.02999,-0.0603,-0.13159,-0.14298,-0.40639,2.0308,2.04819,2.14253,2.27371,2.72957
1999-03-10,2.024,1.9980000000000002,2.024,1.993,3441.32,600068,-0.01382,-0.01528,-0.0694,-0.14652,-0.13432,-0.4101,2.0246,2.0411,2.137,2.27119,2.72393
1999-03-11,1.996,2.0180000000000002,2.035,1.996,3973.98,600068,0.01001,-0.01224,-0.06747,-0.12337,-0.13502,-0.40366,2.0196,2.03414,2.13242,2.26863,2.71837
1999-03-12,2.0180000000000002,2.024,2.043,1.996,5492.56,600068,0.00297,-0.00394,-0.04753,-0.11731,-0.15278,-0.39437,2.018,2.02933,2.12808,2.26566,2.71302
1999-03-15,2.024,2.066,2.077,2.021,7604.5,600068,0.02075,0.02075,-0.01054,-0.09267,-0.17393,-0.37809,2.0264,2.02829,2.12468,2.26212,2.70791
1999-03-16,2.066,2.049,2.074,2.029,3865.24,600068,-0.00823,0.01135,-0.02429,-0.09656,-0.15921,-0.37701,2.031,2.02586,2.12115,2.25897,2.70287
1999-03-17,2.049,2.08,2.128,2.046,10884.73,600068,0.01513,0.04104,0.00435,-0.07473,-0.15892,-0.36294,2.0474,2.02629,2.11844,2.25577,2.69805
1999-03-18,2.074,2.057,2.097,2.052,4736.72,600068,-0.01106,0.01933,-0.02419,-0.08861,-0.17223,-0.38834,2.0552,2.02386,2.11521,2.25229,2.69274
1999-03-19,2.057,2.08,2.08,2.0380000000000003,4481.45,600068,0.01118,0.02767,0.00678,-0.08531,-0.16833,-0.37312,2.0664,2.02452,2.11208,2.24887,2.68771
1999-03-22,2.094,2.085,2.122,2.069,7544.57,600068,0.0024,0.0092,0.00773,-0.07621,-0.14549,-0.3835,2.0702,2.02529,2.10931,2.24598,2.68244
1999-03-23,2.08,2.0709999999999997,2.102,2.066,4588.55,600068,-0.00671,0.01074,0.0,-0.07874,-0.15881,-0.37808,2.0746,2.02529,2.10645,2.2428,2.67732
1999-03-24,2.052,2.063,2.085,2.052,5059.84,600068,-0.00386,-0.00817,0.00683,-0.08918,-0.17972,-0.37409,2.0712,2.02595,2.10319,2.23913,2.67231
1999-03-25,2.057,2.024,2.057,2.012,5415.67,600068,-0.0189,-0.01604,0.04384,-0.10876,-0.18354,-0.38944,2.0646,2.03,2.09921,2.23543,2.66706
1999-03-26,2.012,2.012,2.029,1.9980000000000002,3225.16,600068,-0.00593,-0.03269,0.04195,-0.10498,-0.2,-0.38433,2.051,2.03386,2.0954,2.23134,2.66196
1999-03-29,2.024,2.01,2.024,1.996,5298.96,600068,-0.00099,-0.03597,0.00701,-0.10706,-0.21942,-0.38887,2.036,2.03452,2.09152,2.22675,2.65676
1999-03-30,2.01,2.012,2.0380000000000003,2.004,3435.81,600068,0.001,-0.02849,0.02288,-0.09369,-0.24161,-0.38733,2.0242,2.03667,2.08816,2.22154,2.65159
1999-03-31,2.0069999999999997,1.9980000000000002,2.01,1.9809999999999999,4574.39,600068,-0.00696,-0.03151,0.01576,-0.09223,-0.24689,-0.38409,2.0112,2.03814,2.08489,2.21621,2.64652
1999-04-01,1.9980000000000002,2.012,2.041,1.99,4355.8,600068,0.00701,-0.00593,-0.00838,-0.08918,-0.20474,-0.39141,2.0088,2.03733,2.08171,2.212,2.64126
1999-04-02,2.0380000000000003,2.06,2.066,2.024,7794.13,600068,0.02386,0.02386,0.00832,-0.04938,-0.18286,-0.3943,2.0184,2.03814,2.07998,2.20825,2.63581
1999-04-05,2.063,2.114,2.13,2.06,13892.22,600068,0.02621,0.05174,0.04035,-0.01811,-0.15304,-0.36688,2.0392,2.04205,2.07935,2.20515,2.63083
1999-04-06,2.114,2.085,2.125,2.077,6751.99,600068,-0.01372,0.03628,0.03014,-0.03023,-0.16265,-0.36933,2.0538,2.04495,2.07831,2.20185,2.62587
1999-04-07,2.085,2.105,2.1109999999999998,2.074,6933.61,600068,0.00959,0.05355,0.03899,-0.04708,-0.12909,-0.3737,2.0752,2.04871,2.07663,2.19932,2.62076
1999-04-08,2.114,2.083,2.122,2.074,5426.41,600068,-0.01045,0.03529,0.04254,-0.0549,-0.15014,-0.40144,2.0894,2.05276,2.07468,2.19633,2.61508
1999-04-09,2.083,2.069,2.108,2.052,6465.18,600068,-0.00672,0.00437,0.02527,-0.05611,-0.16908,-0.40546,2.0912,2.05519,2.07269,2.1929,2.60935
1999-04-12,2.074,2.209,2.263,2.0380000000000003,39674.65,600068,0.06767,0.04494,0.0914,0.00776,-0.13168,-0.35598,2.1102,2.064,2.07297,2.19018,2.60438
1999-04-13,2.1919999999999997,2.1109999999999998,2.1919999999999997,2.108,14353.71,600068,-0.04436,0.01247,0.02178,-0.0321,-0.16064,-0.38401,2.1154,2.06614,2.07184,2.18689,2.59903
1999-04-14,2.164,2.209,2.2430000000000003,2.15,20564.94,600068,0.04642,0.04941,0.07809,0.02079,-0.11285,-0.35541,2.1362,2.07376,2.07256,2.18461,2.59408
1999-04-15,2.215,2.189,2.2769999999999997,2.173,30623.74,600068,-0.00905,0.05089,0.0524,0.00644,-0.10066,-0.36569,2.1574,2.07895,2.07279,2.18262,2.58895
1999-04-16,2.187,2.144,2.218,2.136,11924.24,600068,-0.02056,0.03625,0.04229,-0.00557,-0.11074,-0.38213,2.1724,2.0831,2.0726,2.18045,2.58356
1999-04-19,2.144,2.206,2.234,2.116,12300.93,600068,0.02892,-0.00136,0.06058,0.045,-0.09143,-0.34811,2.1718,2.0891,2.07413,2.17864,2.57877
1999-04-20,2.206,2.26,2.271,2.195,18918.23,600068,0.02448,0.07058,0.08393,0.10298,-0.06843,-0.33136,2.2016,2.09743,2.07753,2.17729,2.57422
1999-04-21,2.271,2.178,2.282,2.17,15206.25,600068,-0.03628,-0.01403,0.05167,0.05014,-0.09476,-0.34358,2.1954,2.10252,2.07921,2.17544,2.56959
1999-04-22,2.164,2.15,2.178,2.085,15788.87,600068,-0.01286,-0.01782,0.04217,0.04066,-0.10825,-0.33907,2.1876,2.10667,2.08056,2.17332,2.5651
1999-04-23,2.164,2.17,2.198,2.15,9730.9,600068,0.0093,0.01213,0.07213,0.02262,-0.09167,-0.34262,2.1928,2.11362,2.08134,2.17154,2.5605
1999-04-26,2.17,2.122,2.175,2.1109999999999998,7558.88,600068,-0.02212,-0.03808,0.05467,0.00808,-0.11288,-0.35988,2.176,2.11886,2.08161,2.16934,2.55565
1999-04-27,2.125,2.06,2.136,2.052,8940.89,600068,-0.02922,-0.0885,0.02488,-0.01199,-0.13987,-0.37233,2.136,2.12124,2.08121,2.16662,2.55069
1999-04-28,2.066,2.069,2.114,2.066,5347.0,600068,0.00437,-0.05005,0.02833,0.00145,-0.1259,-0.37227,2.1142,2.12395,2.08126,2.1642,2.5457
1999-04-29,2.074,2.114,2.122,2.074,4155.65,600068,0.02175,-0.01674,0.05806,-0.00658,-0.09928,-0.35725,2.107,2.12948,2.08103,2.1623,2.54092
1999-04-30,2.13,2.114,2.133,2.088,2882.6,600068,0.0,-0.02581,0.0507,0.00142,-0.07484,-0.41229,2.0958,2.13433,2.08108,2.16091,2.53489
1999-05-04,2.122,2.094,2.128,2.088,2546.0,600068,-0.00946,-0.0132,0.0165,-0.04471,-0.08599,-0.40831,2.0902,2.13595,2.0795,2.15931,2.52902
1999-05-05,2.094,2.108,2.13,2.094,2557.66,600068,0.00669,0.0233,-0.00284,-0.03612,-0.08666,-0.39512,2.0998,2.13567,2.07823,2.15768,2.52342
1999-05-06,2.108,2.13,2.153,2.102,4515.48,600068,0.01044,0.02948,0.02158,-0.01206,-0.06456,-0.3874,2.112,2.13781,2.07781,2.15649,2.51795
1999-05-07,2.128,2.1109999999999998,2.15,2.108,2838.88,600068,-0.00892,-0.00142,0.00285,-0.01677,-0.0729,-0.38491,2.1114,2.1381,2.07723,2.15514,2.51258
1999-05-10,2.052,1.996,2.083,1.9669999999999999,9219.55,600068,-0.05448,-0.05582,-0.04177,-0.07763,-0.12876,-0.41757,2.0878,2.13395,2.07452,2.15274,2.50676
1999-05-11,1.996,2.035,2.0380000000000003,1.996,4277.84,600068,0.01954,-0.02818,-0.01643,-0.04235,-0.10155,-0.39108,2.076,2.13233,2.07306,2.15087,2.50145
1999-05-12,2.035,2.032,2.046,2.01,2775.23,600068,-0.00147,-0.03605,-0.08013,-0.02682,-0.10208,-0.40793,2.0608,2.1239,2.07216,2.14899,2.49576
1999-05-13,2.035,2.001,2.035,1.996,2853.27,600068,-0.01526,-0.06056,-0.05211,-0.04714,-0.11578,-0.40799,2.035,2.11867,2.07056,2.14686,2.49015
1999-05-14,1.996,1.97,1.9980000000000002,1.962,6570.68,600068,-0.01549,-0.06679,-0.10819,-0.04877,-0.13483,-0.41956,2.0068,2.10729,2.06894,2.14437,2.48436
1999-05-17,1.9669999999999999,1.953,1.9669999999999999,1.9169999999999998,3506.55,600068,-0.00863,-0.02154,-0.10781,-0.07353,-0.13775,-0.42082,1.9982,2.09605,2.06644,2.14183,2.47859
1999-05-19,1.9669999999999999,2.0380000000000003,2.046,1.9669999999999999,3521.57,600068,0.04352,0.00147,-0.04944,-0.01355,-0.11353,-0.39561,1.9988,2.091,2.06598,2.13971,2.47317
1999-05-20,2.0380000000000003,2.08,2.08,2.021,8296.76,600068,0.02061,0.02362,-0.05712,0.00532,-0.10499,-0.39359,2.0084,2.085,2.06616,2.13772,2.46768
1999-05-21,2.0909999999999997,2.122,2.164,2.077,18009.1,600068,0.02019,0.06047,-0.06106,0.02463,-0.12205,-0.38044,2.0326,2.07843,2.06698,2.13533,2.46239
1999-05-24,2.108,2.164,2.204,2.055,25476.89,600068,0.01979,0.09848,-0.00643,0.05612,-0.09532,-0.36372,2.0714,2.07776,2.06884,2.13347,2.45736
1999-05-25,2.178,2.119,2.22,2.108,26649.31,600068,-0.02079,0.085,-0.01442,0.09283,-0.1025,-0.36614,2.1046,2.07629,2.07174,2.1315,2.45238
1999-05-26,2.114,2.184,2.206,2.102,22015.21,600068,0.03067,0.07164,0.00645,0.13102,-0.06507,-0.34473,2.1338,2.07695,2.07582,2.13027,2.44771
1999-05-27,2.209,2.403,2.403,2.206,61973.68,600068,0.10027,0.15529,0.13242,0.20391,0.02386,-0.28631,2.1984,2.09033,2.08239,2.13072,2.44379
1999-05-28,2.532,2.485,2.614,2.456,164351.13,600068,0.03412,0.17107,0.20631,0.26335,0.04149,-0.25375,2.271,2.11057,2.09074,2.13153,2.44036
1999-05-31,2.53,2.375,2.544,2.35,50968.72,600068,-0.04427,0.0975,0.1479,0.20742,-0.01738,-0.28399,2.3132,2.12514,2.09732,2.13119,2.43653
1999-06-01,2.3609999999999998,2.417,2.471,2.336,38341.82,600068,0.01768,0.14063,0.14333,0.19123,0.01512,-0.26846,2.3728,2.13957,2.10358,2.13148,2.43292
1999-06-02,2.417,2.324,2.4419999999999997,2.319,34150.66,600068,-0.03848,0.0641,0.09934,0.13754,-0.01106,-0.30377,2.4008,2.14957,2.10811,2.13127,2.4288
1999-06-03,2.305,2.248,2.3080000000000003,2.226,27490.49,600068,-0.0327,-0.0645,0.07354,0.1063,-0.04544,-0.32654,2.3698,2.1569,2.1116,2.1304,2.42437
1999-06-04,2.248,2.248,2.291,2.2430000000000003,15488.87,600068,0.0,-0.09537,0.06641,0.11067,-0.03643,-0.32391,2.3224,2.16357,2.11521,2.12971,2.41999
1999-06-07,2.254,2.3609999999999998,2.3890000000000002,2.254,29061.13,600068,0.05027,-0.00589,0.10845,0.16535,0.00854,-0.28992,2.3196,2.17457,2.12061,2.12987,2.41607
1999-06-08,2.375,2.31,2.403,2.248,30450.19,600068,-0.0216,-0.04427,0.09427,0.15616,0.00348,-0.31127,2.2982,2.18405,2.12565,2.12993,2.41183
1999-06-09,2.299,2.344,2.3609999999999998,2.296,25608.21,600068,0.01472,0.00861,0.17435,0.16155,0.02224,-0.29567,2.3022,2.20062,2.1309,2.13035,2.40783
1999-06-10,2.459,2.428,2.549,2.3890000000000002,66654.32,600068,0.03584,0.08007,0.19312,0.1996,0.06632,-0.26867,2.3382,2.21933,2.13742,2.13158,2.4042
1999-06-11,2.428,2.4,2.459,2.3890000000000002,28221.62,600068,-0.01153,0.06762,0.1811,0.16167,0.0582,-0.27074,2.3686,2.23686,2.14281,2.13265,2.40058
1999-06-14,2.428,2.639,2.639,2.42,89085.78,600068,0.09958,0.11775,0.31884,0.28795,0.17393,-0.17454,2.4242,2.26724,2.15232,2.13583,2.39831
1999-06-15,2.6839999999999997,2.555,2.8810000000000002,2.501,146753.68,600068,-0.03183,0.10606,0.29695,0.22837,0.13203,-0.20331,2.4732,2.2951,2.15998,2.13825,2.39566
1999-06-16,2.5860000000000003,2.7039999999999997,2.721,2.575,66886.49,600068,0.05832,0.15358,0.38454,0.31454,0.18909,-0.14077,2.5452,2.33086,2.17042,2.14175,2.39386
1999-06-17,2.7539999999999996,2.7289999999999996,2.799,2.614,67979.2,600068,0.00925,0.12397,0.33906,0.31202,0.20913,-0.14263,2.6054,2.36376,2.18089,2.14559,2.39202
1999-06-18,2.7260000000000004,2.7119999999999997,2.7539999999999996,2.6639999999999997,72158.68,600068,-0.00623,0.13,0.30385,0.30072,0.20641,-0.12346,2.6678,2.39386,2.191,2.14936,2.39046
1999-06-21,2.7769999999999997,2.985,2.985,2.7769999999999997,155754.08,600068,0.10066,0.13111,0.40669,0.44133,0.31788,-0.005,2.737,2.43495,2.20574,2.15521,2.3904
1999-06-22,3.035,3.005,3.0580000000000003,2.923,100763.66,600068,0.0067,0.17613,0.38863,0.45662,0.32321,0.0242,2.827,2.475,2.22094,2.16118,2.39069
1999-06-23,3.0069999999999997,3.035,3.12,2.9789999999999996,70562.9,600068,0.00998,0.12241,0.43228,0.49951,0.35009,0.01983,2.8932,2.51862,2.23724,2.16758,2.39093
1999-06-24,3.0410000000000004,3.069,3.092,2.9789999999999996,75981.56,600068,0.0112,0.12459,0.40522,0.52535,0.36339,0.00458,2.9612,2.56076,2.25429,2.17423,2.39099
1999-06-25,3.12,2.9789999999999996,3.3310000000000004,2.9539999999999997,80645.96,600068,-0.02933,0.09845,0.2397,0.48209,0.34189,-0.04672,3.0146,2.58819,2.26992,2.1804,2.39039
1999-06-28,2.9789999999999996,3.19,3.2039999999999997,2.9789999999999996,94727.32,600068,0.07083,0.06868,0.2837,0.58549,0.44934,0.00631,3.0556,2.62176,2.28892,2.18844,2.39048
1999-06-29,3.2319999999999998,3.21,3.283,3.12,82346.13,600068,0.00627,0.06822,0.35158,0.60661,0.45315,-0.03197,3.0966,2.66152,2.30847,2.19658,2.39004
1999-06-30,3.21,3.03,3.233,3.0069999999999997,58484.51,600068,-0.05607,-0.00165,0.25362,0.50596,0.39825,-0.05607,3.0956,2.69071,2.32489,2.20359,2.38931
1999-07-01,3.0039999999999996,2.7260000000000004,3.0039999999999996,2.7260000000000004,59071.13,600068,-0.10033,-0.11176,0.17298,0.3233,0.26614,-0.15656,3.027,2.70986,2.33563,2.20825,2.38726
1999-07-02,2.741,2.792,2.852,2.603,50821.6,600068,0.02421,-0.06277,0.24199,0.32072,0.2986,-0.10913,2.9896,2.73576,2.34656,2.21347,2.38587
1999-07-05,2.815,2.89,3.0239999999999996,2.812,52251.37,600068,0.0351,-0.09404,0.28559,0.38609,0.30828,-0.06351,2.9296,2.76633,2.35955,2.21901,2.38507
1999-07-06,2.861,2.7289999999999996,2.887,2.6889999999999996,27786.62,600068,-0.05571,-0.14984,0.15587,0.29644,0.2382,-0.07866,2.8334,2.78386,2.36961,2.22328,2.38412
1999-07-07,2.718,2.798,2.804,2.6919999999999997,18541.21,600068,0.02528,-0.07657,0.21126,0.34325,0.27646,-0.05632,2.787,2.8071,2.38115,2.2282,2.38344
1999-07-08,2.807,2.815,2.895,2.7689999999999997,19607.54,600068,0.00608,0.03265,0.20094,0.36056,0.28422,-0.07432,2.8048,2.82952,2.39318,2.23327,2.38252
1999-07-09,2.804,2.918,2.97,2.741,38571.15,600068,0.03659,0.04513,0.20181,0.32096,0.33792,-0.07306,2.83,2.85286,2.40461,2.23926,2.38159
1999-07-12,2.9930000000000003,2.975,3.09,2.932,56898.18,600068,0.01953,0.02941,0.23958,0.40928,0.37477,-0.05164,2.847,2.88024,2.41855,2.24585,2.38093
1999-07-13,2.932,2.861,2.947,2.832,26640.41,600068,-0.03832,0.04837,0.08412,0.29516,0.3154,-0.09918,2.8734,2.89081,2.42906,2.25143,2.37965
1999-07-14,2.858,2.924,2.9410000000000003,2.832,16396.83,600068,0.02202,0.04503,0.14442,0.33577,0.35622,-0.0891,2.8986,2.90838,2.44092,2.25767,2.37849
1999-07-15,2.932,2.85,2.944,2.838,14024.27,600068,-0.02531,0.01243,0.05399,0.32929,0.35007,-0.10574,2.9056,2.91533,2.45231,2.26368,2.37712
1999-07-16,2.832,2.781,2.838,2.747,26958.92,600068,-0.02421,-0.04695,0.01905,0.26065,0.35725,-0.11882,2.8782,2.91781,2.46158,2.26963,2.37559
1999-07-19,2.718,2.6439999999999997,2.7319999999999998,2.641,18758.37,600068,-0.04926,-0.11126,-0.02507,0.16991,0.27483,-0.12883,2.812,2.91457,2.46777,2.27427,2.374
1999-07-20,2.6319999999999997,2.818,2.827,2.612,22140.31,600068,0.06581,-0.01503,-0.05595,0.29385,0.36399,-0.07667,2.8034,2.90662,2.4781,2.28038,2.37305
1999-07-21,2.847,2.818,2.861,2.764,27925.65,600068,0.0,-0.03625,-0.06223,0.3107,0.32799,-0.07576,2.7822,2.89771,2.48887,2.28604,2.37211
1999-07-22,2.815,2.6860000000000004,2.818,2.6839999999999997,16631.42,600068,-0.04684,-0.05754,-0.11499,0.23779,0.27601,-0.11441,2.7494,2.8811,2.49719,2.29076,2.3707
1999-07-23,2.6889999999999996,2.721,2.775,2.675,12557.65,600068,0.01303,-0.02157,-0.11339,0.28228,0.30504,-0.07449,2.7374,2.86452,2.50685,2.29593,2.36981
1999-07-26,2.7319999999999998,2.7439999999999998,2.767,2.6889999999999996,11134.26,600068,0.00845,0.03782,-0.07889,0.33204,0.32817,-0.09169,2.7574,2.85333,2.51789,2.30145,2.36869
1999-07-27,2.747,2.6839999999999997,2.772,2.675,10604.97,600068,-0.02187,-0.04755,-0.15862,0.29725,0.26128,-0.09477,2.7306,2.82924,2.52781,2.30597,2.36754
1999-07-28,2.695,2.6919999999999997,2.741,2.6839999999999997,9507.07,600068,0.00298,-0.04471,-0.16137,0.27342,0.27523,-0.12767,2.7054,2.80457,2.53713,2.31069,2.36594
1999-07-29,2.7039999999999997,2.718,2.798,2.6889999999999996,11816.55,600068,0.00966,0.01191,-0.10297,0.28571,0.23996,-0.12323,2.7118,2.78971,2.54687,2.31497,2.36439
1999-07-30,2.7239999999999998,2.7089999999999996,2.735,2.6889999999999996,7083.54,600068,-0.00331,-0.00441,-0.00624,0.2937,0.23868,-0.10682,2.7094,2.7889,2.55679,2.31921,2.36307
1999-08-02,2.7119999999999997,2.7489999999999997,2.787,2.7089999999999996,9145.48,600068,0.01477,0.00182,-0.0154,0.30408,0.27505,-0.10193,2.7104,2.78686,2.56713,2.32403,2.3618
1999-08-03,2.758,2.7889999999999997,2.847,2.758,15484.08,600068,0.01455,0.03912,-0.03495,0.30939,0.29902,-0.13196,2.7314,2.78205,2.57776,2.32925,2.36008
1999-08-04,2.798,2.801,2.824,2.775,11214.5,600068,0.0043,0.04049,0.02638,0.32686,0.29436,-0.11164,2.7532,2.78548,2.58889,2.33443,2.35865
1999-08-05,2.804,2.827,2.847,2.792,13754.69,600068,0.00928,0.0401,0.01036,0.41633,0.33035,-0.12395,2.775,2.78686,2.60229,2.34014,2.35702
1999-08-06,2.841,2.947,2.9610000000000003,2.832,59549.01,600068,0.04245,0.08786,0.04689,0.44816,0.4114,-0.09379,2.8226,2.79314,2.617,2.34712,2.35578
1999-08-09,2.99,2.895,3.0010000000000003,2.884,22096.1,600068,-0.01765,0.05311,-0.00788,0.4247,0.37857,-0.10288,2.8518,2.79205,2.63092,2.35359,2.35443
1999-08-10,2.861,2.7889999999999997,2.864,2.775,17358.7,600068,-0.03661,0.0,-0.06252,0.3938,0.34669,-0.13867,2.8518,2.78319,2.64363,2.35942,2.35261
1999-08-11,2.775,2.747,2.804,2.7319999999999998,9826.4,600068,-0.01506,-0.01928,-0.03985,0.39442,0.30313,-0.13207,2.841,2.77776,2.65616,2.36462,2.35091
1999-08-12,2.747,2.718,2.775,2.7039999999999997,8422.37,600068,-0.01056,-0.03856,-0.07045,0.39171,0.31559,-0.10297,2.8192,2.76795,2.6685,2.36992,2.34964
1999-08-13,2.747,2.7239999999999998,2.7689999999999997,2.7039999999999997,6594.99,600068,0.00221,-0.07567,-0.04421,0.3366,0.31658,-0.10659,2.7746,2.76195,2.67956,2.37524,2.34832
1999-08-16,2.718,2.7239999999999998,2.747,2.701,6459.11,600068,0.0,-0.05907,-0.0205,0.30962,0.31531,-0.08128,2.7404,2.75924,2.68995,2.38055,2.34734
1999-08-17,2.7319999999999998,2.741,2.795,2.7260000000000004,9179.62,600068,0.00624,-0.01721,0.03669,0.29171,0.33773,0.00329,2.7308,2.76386,2.69994,2.38618,2.34738
1999-08-18,2.7319999999999998,2.6489999999999996,2.741,2.6180000000000003,16192.26,600068,-0.03356,-0.03568,-0.05997,0.22412,0.36617,-0.01816,2.7112,2.75581,2.70776,2.39195,2.34718
1999-08-19,2.675,2.752,2.775,2.6489999999999996,19013.7,600068,0.03888,0.01251,-0.02342,0.29873,0.42517,0.08432,2.718,2.75267,2.71797,2.39863,2.34805
1999-08-20,2.755,2.7239999999999998,2.7689999999999997,2.7119999999999997,13498.4,600068,-0.01017,0.0,0.01415,0.24725,0.36473,0.19212,2.718,2.75448,2.72668,2.40454,2.34983
1999-08-23,2.7239999999999998,2.7060000000000004,2.7319999999999998,2.661,13667.58,600068,-0.00661,-0.00661,-0.00551,0.12609,0.3757,0.1947,2.7144,2.75376,2.73156,2.41055,2.35163
1999-08-24,2.718,2.7089999999999996,2.7239999999999998,2.678,11219.68,600068,0.00111,-0.01167,-0.01276,0.09014,0.37722,0.14352,2.708,2.7521,2.73518,2.41659,2.35301
1999-08-25,2.7089999999999996,2.661,2.7119999999999997,2.661,8821.18,600068,-0.01772,0.00453,-0.00857,0.12042,0.31148,0.10461,2.7104,2.751,2.73979,2.42172,2.35403
1999-08-26,2.661,2.658,2.6839999999999997,2.6460000000000004,10328.31,600068,-0.00113,-0.03416,-0.01263,0.09971,0.30103,0.08845,2.6916,2.74938,2.74368,2.42672,2.35491
1999-08-27,2.6639999999999997,2.6689999999999996,2.678,2.655,8886.71,600068,0.00414,-0.02019,-0.01803,0.14845,0.31348,0.07926,2.6806,2.74705,2.74924,2.4319,2.35571
1999-08-30,2.6689999999999996,2.6319999999999997,2.6689999999999996,2.6180000000000003,10601.68,600068,-0.01386,-0.02735,-0.02842,0.17082,0.3004,0.09667,2.6658,2.74338,2.75544,2.43685,2.35665
1999-08-31,2.6319999999999997,2.6660000000000004,2.678,2.612,8147.8,600068,0.01292,-0.01587,-0.03019,0.18594,0.31589,0.12775,2.6572,2.73943,2.76218,2.44205,2.35788
1999-09-01,2.655,2.6180000000000003,2.675,2.612,7190.81,600068,-0.018,-0.01616,-0.06131,0.10885,0.31031,0.13432,2.6486,2.73129,2.76632,2.44709,2.35914
1999-09-02,2.603,2.6180000000000003,2.623,2.5610000000000004,11513.74,600068,0.0,-0.01505,-0.06533,0.13333,0.29732,0.12216,2.6406,2.72257,2.77129,2.45197,2.3603
1999-09-03,2.6180000000000003,2.5610000000000004,2.6319999999999997,2.546,7366.1,600068,-0.02177,-0.04046,-0.09409,0.09258,0.26532,0.072,2.619,2.7099,2.77479,2.45633,2.361
1999-09-06,2.5580000000000003,2.521,2.572,2.458,7177.38,600068,-0.01562,-0.04217,-0.14455,0.0383,0.22023,0.008,2.5968,2.68962,2.77629,2.46003,2.36108
1999-09-07,2.5180000000000002,2.492,2.546,2.489,5995.59,600068,-0.0115,-0.06527,-0.13921,0.03833,0.2162,0.02257,2.562,2.67043,2.77777,2.46363,2.3613
1999-09-08,2.492,2.529,2.546,2.492,5956.28,600068,0.01485,-0.034,-0.09322,-0.04168,0.21587,0.02264,2.5442,2.65805,2.776,2.46728,2.36153
1999-09-09,2.569,2.7039999999999997,2.7119999999999997,2.569,14046.54,600068,0.0692,0.03285,-0.01565,0.05832,0.31454,0.08813,2.5614,2.656,2.7784,2.47254,2.36242
1999-09-10,2.7689999999999997,2.7089999999999996,2.792,2.6889999999999996,16246.33,600068,0.00185,0.05779,-0.00331,0.00185,0.3024,0.08317,2.591,2.65557,2.77848,2.47766,2.36326
1999-09-13,2.7039999999999997,2.6689999999999996,2.718,2.661,8950.67,600068,-0.01477,0.05871,-0.02019,-0.02199,0.2801,0.09385,2.6206,2.65295,2.77752,2.48241,2.3642
1999-09-14,2.6689999999999996,2.6860000000000004,2.6889999999999996,2.658,9739.2,600068,0.00637,0.07785,-0.01395,-0.00959,0.29696,0.09098,2.6594,2.65114,2.7771,2.48741,2.36511
1999-09-15,2.6839999999999997,2.655,2.7039999999999997,2.6460000000000004,8206.43,600068,-0.01154,0.04982,-0.03138,-0.11055,0.28696,0.05567,2.6846,2.64705,2.77177,2.49222,2.36567
1999-09-16,2.655,2.6180000000000003,2.655,2.6180000000000003,6371.47,600068,-0.01394,-0.0318,-0.0117,-0.12879,0.29348,0.05607,2.6674,2.64557,2.76553,2.49705,2.36624
1999-09-17,2.6180000000000003,2.6260000000000003,2.661,2.603,5169.69,600068,0.00306,-0.03064,-0.04578,-0.13476,0.30517,0.04414,2.6508,2.63957,2.75894,2.50204,2.36669
1999-09-20,2.6319999999999997,2.603,2.6319999999999997,2.5980000000000003,4586.7,600068,-0.00876,-0.02473,-0.04442,-0.15184,0.29502,0.01087,2.6376,2.63381,2.75142,2.50686,2.3668
1999-09-21,2.603,2.5980000000000003,2.603,2.575,3410.67,600068,-0.00192,-0.03276,-0.03991,-0.1279,0.29125,-0.02073,2.62,2.62867,2.74527,2.51163,2.36658
1999-09-22,2.5980000000000003,2.572,2.5980000000000003,2.569,4877.62,600068,-0.01001,-0.03126,-0.05057,-0.19373,0.28729,-0.03053,2.6034,2.62214,2.73531,2.51629,2.36625
1999-09-23,2.575,2.555,2.6180000000000003,2.541,4505.63,600068,-0.00661,-0.02406,-0.03983,-0.20405,0.26988,0.00988,2.5908,2.6171,2.72474,2.52071,2.36635
1999-09-24,2.575,2.5610000000000004,2.603,2.546,4382.59,600068,0.00235,-0.02475,-0.03649,-0.15479,0.2432,0.01587,2.5778,2.61248,2.71718,2.52478,2.36652
1999-09-27,2.5610000000000004,2.546,2.5980000000000003,2.535,3886.8,600068,-0.00586,-0.0219,-0.04608,-0.06603,0.20435,0.02003,2.5664,2.60662,2.71427,2.52829,2.36672
1999-09-28,2.546,2.523,2.5580000000000003,2.5180000000000002,3626.95,600068,-0.00903,-0.02887,-0.04141,-0.09635,0.21007,0.01325,2.5514,2.60143,2.70994,2.53185,2.36685
1999-09-29,2.526,2.532,2.552,2.526,3341.93,600068,0.00357,-0.01555,-0.05026,-0.12388,0.20285,0.04758,2.5434,2.59505,2.70416,2.53533,2.36732
1999-09-30,2.546,2.506,2.546,2.503,4120.06,600068,-0.01027,-0.01918,-0.04278,-0.08171,0.20307,0.02244,2.5336,2.58971,2.70056,2.53876,2.36754
1999-10-08,2.506,2.438,2.5180000000000002,2.426,3700.68,600068,-0.02713,-0.04803,-0.06875,-0.12866,0.17835,-0.02088,2.509,2.58114,2.69476,2.54176,2.36733
1999-10-11,2.426,2.418,2.432,2.392,3045.57,600068,-0.0082,-0.05027,-0.05584,-0.14103,0.09461,-0.04953,2.4834,2.57433,2.68835,2.54346,2.36682
1999-10-12,2.418,2.432,2.4459999999999997,2.418,2071.78,600068,0.00579,-0.03607,-0.0353,-0.16655,0.15206,-0.033,2.4652,2.5701,2.68052,2.54607,2.36648
1999-10-13,2.432,2.397,2.46,2.397,2655.15,600068,-0.01439,-0.05332,-0.03812,-0.19429,0.08511,-0.03735,2.4382,2.56557,2.67119,2.5476,2.36611
1999-10-14,2.3890000000000002,2.403,2.46,2.375,3756.74,600068,0.0025,-0.0411,-0.04982,-0.16008,0.09776,-0.01274,2.4176,2.55957,2.66381,2.54934,2.36598
1999-10-15,2.406,2.449,2.475,2.406,3239.83,600068,0.01914,0.00451,-0.0943,-0.16245,0.14226,0.01576,2.4198,2.54743,2.65615,2.55182,2.36613
1999-10-18,2.455,2.392,2.455,2.3890000000000002,2768.55,600068,-0.02327,-0.01075,-0.11702,-0.1607,0.08432,-0.01483,2.4146,2.53233,2.64876,2.55333,2.36599
1999-10-19,2.3890000000000002,2.3369999999999997,2.392,2.3369999999999997,4037.0,600068,-0.02299,-0.03906,-0.12439,-0.15965,0.03407,-0.03669,2.3956,2.51652,2.6416,2.55396,2.36563
1999-10-20,2.34,2.352,2.38,2.332,2573.95,600068,0.00642,-0.01877,-0.12435,-0.11044,0.07989,-0.02244,2.3866,2.50062,2.63689,2.55537,2.36541
1999-10-21,2.352,2.3169999999999997,2.369,2.315,4450.43,600068,-0.01488,-0.03579,-0.12731,-0.17779,0.07767,-0.03899,2.3694,2.48452,2.62881,2.55673,2.36502
1999-10-22,2.3169999999999997,2.346,2.372,2.306,6633.8,600068,0.01252,-0.04206,-0.1039,-0.16749,0.08111,-0.018,2.3488,2.47157,2.62119,2.55816,2.36485
1999-10-25,2.346,2.294,2.349,2.289,3782.6,600068,-0.02217,-0.04097,-0.12643,-0.14594,0.08106,-0.04097,2.3292,2.45576,2.61487,2.55956,2.36445
1999-10-26,2.3,2.312,2.326,2.294,3496.49,600068,0.00785,-0.0107,-0.11179,-0.15031,0.12233,-0.03466,2.3242,2.4419,2.60827,2.56161,2.36411
1999-10-27,2.392,2.406,2.46,2.355,11430.17,600068,0.04066,0.02296,-0.0739,-0.12318,0.16288,0.01648,2.335,2.43276,2.60282,2.56435,2.36427
1999-10-28,2.418,2.372,2.4290000000000003,2.36,4408.52,600068,-0.01413,0.02374,-0.07776,-0.11624,0.12204,0.01065,2.346,2.42324,2.59779,2.56645,2.36437
1999-10-29,2.3890000000000002,2.349,2.3890000000000002,2.346,3189.23,600068,-0.0097,0.00128,-0.08063,-0.12741,0.11116,0.02801,2.3466,2.41343,2.59226,2.56836,2.36463
1999-11-01,2.355,2.329,2.355,2.323,2865.26,600068,-0.00851,0.01526,-0.09059,-0.14312,0.11223,0.01659,2.3536,2.40238,2.58598,2.57027,2.36479
1999-11-02,2.329,2.323,2.34,2.315,2101.6,600068,-0.00258,0.00476,-0.08759,-0.14249,0.10199,0.0065,2.3558,2.39176,2.57976,2.57202,2.36485
1999-11-03,2.326,2.3169999999999997,2.332,2.306,3045.79,600068,-0.00258,-0.03699,-0.08165,-0.15715,0.08779,0.01757,2.338,2.38195,2.57279,2.57354,2.36501
1999-11-04,2.3169999999999997,2.306,2.3169999999999997,2.303,3119.43,600068,-0.00475,-0.02782,-0.08926,-0.17318,0.09237,0.01274,2.3248,2.37119,2.565,2.57512,2.36513
1999-11-05,2.375,2.306,2.375,2.303,2294.58,600068,0.0,-0.01831,-0.07981,-0.17672,0.15531,0.00655,2.3162,2.36167,2.55702,2.57764,2.36519
1999-11-08,2.309,2.315,2.332,2.309,2434.77,600068,0.0039,-0.00601,-0.05045,-0.18111,0.13759,0.02208,2.3134,2.35581,2.54876,2.57992,2.36539
1999-11-09,2.323,2.326,2.36,2.3169999999999997,2274.77,600068,0.00475,0.00129,-0.03805,-0.21072,0.14469,0.02784,2.314,2.35143,2.53874,2.58231,2.36565
1999-11-10,2.315,2.303,2.3169999999999997,2.289,3807.16,600068,-0.00989,-0.00604,-0.05304,-0.20449,0.15092,0.01768,2.3112,2.34529,2.52919,2.58476,2.36581
1999-11-11,2.303,2.3,2.335,2.294,2441.7,600068,-0.0013,-0.0026,-0.04047,-0.17533,0.16751,0.0101,2.31,2.34067,2.52131,2.58745,2.36591
1999-11-12,2.303,2.312,2.335,2.294,1725.62,600068,0.00522,0.0026,-0.03787,-0.15835,0.18382,0.02075,2.3112,2.33633,2.51429,2.59037,2.3661
1999-11-15,2.315,2.294,2.3169999999999997,2.289,2486.45,600068,-0.00779,-0.00907,-0.06329,-0.156,0.12561,-0.00217,2.307,2.32895,2.50745,2.59245,2.36608
1999-11-16,2.323,2.26,2.34,2.246,4174.25,600068,-0.01482,-0.02837,-0.05518,-0.17034,0.08654,-0.02754,2.2938,2.32267,2.49997,2.59391,2.36582
1999-11-17,2.26,2.294,2.3,2.246,3207.64,600068,0.01504,-0.00391,-0.0184,-0.15786,0.08106,-0.05089,2.292,2.32062,2.49303,2.59531,2.36532
1999-11-18,2.294,2.34,2.3569999999999998,2.283,5876.72,600068,0.02005,0.01739,-0.0051,-0.1463,0.08133,-0.02174,2.3,2.32005,2.48656,2.59674,2.36511
1999-11-19,2.36,2.306,2.36,2.3,2525.07,600068,-0.01453,-0.0026,-0.00475,-0.12948,0.08825,-0.0233,2.2988,2.31952,2.48103,2.59826,2.36488
1999-11-22,2.312,2.403,2.443,2.292,24355.19,600068,0.04206,0.04752,0.0243,-0.12682,0.10027,0.02868,2.3206,2.32224,2.4754,2.60004,2.36515
1999-11-23,2.397,2.375,2.406,2.36,6968.26,600068,-0.01165,0.05088,0.03531,-0.12812,-0.01165,0.01193,2.3436,2.3261,2.46977,2.59981,2.36527
1999-11-24,2.375,2.343,2.375,2.34,2532.83,600068,-0.01347,0.02136,0.01341,-0.13415,-0.05714,-0.01802,2.3534,2.32757,2.46392,2.59866,2.36509
1999-11-25,2.323,2.332,2.346,2.3169999999999997,1962.96,600068,-0.00469,-0.00342,-0.03076,-0.13917,-0.01811,-0.03517,2.3518,2.32405,2.45784,2.59831,2.36475
1999-11-26,2.346,2.3169999999999997,2.346,2.3169999999999997,1505.73,600068,-0.00643,0.00477,-0.02319,-0.12927,-0.04137,-0.02688,2.354,2.32143,2.45229,2.5975,2.36449
1999-11-29,2.3169999999999997,2.306,2.34,2.306,1838.0,600068,-0.00475,-0.04037,-0.01831,-0.13243,-0.00775,-0.01872,2.3346,2.31938,2.44661,2.59735,2.36431
1999-11-30,2.366,2.315,2.366,2.294,2978.19,600068,0.0039,-0.02526,-0.00601,-0.13263,0.0298,-0.01699,2.3226,2.31871,2.4409,2.59789,2.36415
1999-12-01,2.306,2.32,2.34,2.303,2183.43,600068,0.00216,-0.00982,-0.00129,-0.11854,0.03203,-0.00557,2.318,2.31857,2.43587,2.59848,2.36409
1999-12-02,2.32,2.315,2.332,2.312,2491.77,600068,-0.00216,-0.00729,-0.00086,-0.13166,-0.01948,-0.01111,2.3146,2.31848,2.43021,2.59811,2.36399
1999-12-03,2.303,2.309,2.3169999999999997,2.289,2895.04,600068,-0.00259,-0.00345,0.0013,-0.11803,-0.00043,0.00304,2.313,2.31862,2.42523,2.5981,2.36402
1999-12-06,2.309,2.312,2.332,2.2969999999999997,2636.35,600068,0.0013,0.0026,0.0026,-0.11688,-0.01365,0.00829,2.3142,2.3189,2.42029,2.59784,2.36409
1999-12-07,2.303,2.332,2.332,2.3,2136.84,600068,0.00865,0.00734,0.00734,-0.08942,-0.03954,0.02415,2.3176,2.31971,2.4166,2.59706,2.36432
1999-12-08,2.332,2.323,2.355,2.312,1752.85,600068,-0.00386,0.00129,-0.00129,-0.07854,-0.03208,0.02425,2.3182,2.31957,2.4134,2.59643,2.36454
1999-12-09,2.3169999999999997,2.292,2.3169999999999997,2.289,2871.67,600068,-0.01334,-0.00994,-0.00478,-0.08026,-0.13149,0.01957,2.3136,2.31905,2.41018,2.59361,2.36472
1999-12-10,2.303,2.289,2.3169999999999997,2.272,3250.3,600068,-0.00131,-0.00866,-0.00478,-0.0949,-0.10411,0.01418,2.3096,2.31852,2.40631,2.59145,2.36485
1999-12-13,2.3169999999999997,2.269,2.3169999999999997,2.266,2245.87,600068,-0.00874,-0.0186,-0.0186,-0.16087,-0.16087,-0.0022,2.301,2.31648,2.39929,2.58791,2.36483
1999-12-14,2.2769999999999997,2.274,2.292,2.266,1911.56,600068,0.0022,-0.02487,-0.00872,-0.16058,-0.16673,0.00753,2.2894,2.31552,2.39227,2.58421,2.3649
1999-12-15,2.283,2.315,2.34,2.274,4243.45,600068,0.01803,-0.00344,0.02434,-0.13263,-0.14639,0.0298,2.2878,2.31814,2.38656,2.58098,2.36517
1999-12-16,2.315,2.274,2.315,2.269,3017.0,600068,-0.01771,-0.00785,-0.00872,-0.15339,-0.23819,0.00397,2.2842,2.31719,2.37992,2.5752,2.36521
1999-12-17,2.289,2.237,2.289,2.2030000000000003,4926.09,600068,-0.01627,-0.02272,-0.04402,-0.15744,-0.25557,-0.01497,2.2738,2.31229,2.37318,2.56896,2.36507
1999-12-21,2.237,2.154,2.237,2.117,8415.7,600068,-0.0371,-0.05068,-0.06592,-0.17723,-0.29028,-0.04181,2.2508,2.30505,2.36569,2.5618,2.36469
1999-12-22,2.146,2.154,2.174,2.1430000000000002,4559.03,600068,0.0,-0.05277,-0.10362,-0.17974,-0.29814,-0.04309,2.2268,2.29319,2.35808,2.55436,2.36429
1999-12-23,2.146,2.157,2.16,2.146,2643.36,600068,0.00139,-0.06825,-0.09179,-0.17134,-0.27593,-0.02838,2.1952,2.28281,2.35089,2.54767,2.36404
1999-12-24,2.1630000000000003,2.134,2.1630000000000003,2.117,3118.46,600068,-0.01066,-0.06157,-0.0892,-0.1786,-0.33103,-0.03044,2.1672,2.27286,2.3434,2.53909,2.36376
1999-12-28,2.174,2.1,2.174,2.089,2142.6,600068,-0.01593,-0.06124,-0.09949,-0.18351,-0.34579,-0.04934,2.1398,2.26181,2.33579,2.53007,2.36332
1999-12-29,2.1,2.117,2.146,2.094,5546.05,600068,0.0081,-0.01718,-0.08632,-0.17143,-0.30132,-0.02307,2.1324,2.25229,2.32873,2.52264,2.36312
1999-12-30,2.131,2.123,2.146,2.117,1955.47,600068,0.00283,-0.01439,-0.07936,-0.17103,-0.2212,-0.01393,2.1262,2.24357,2.32166,2.51774,2.363
2000-01-04,2.146,2.166,2.174,2.117,3738.7,600068,0.02025,0.00417,-0.06436,-0.14925,-0.22421,0.00744,2.128,2.23648,2.31553,2.51265,2.36306
2000-01-05,2.189,2.154,2.217,2.151,4860.1,600068,-0.00554,0.00937,-0.07155,-0.14625,-0.25467,-0.0249,2.132,2.22857,2.30958,2.50667,2.36284
2000-01-06,2.16,2.2319999999999998,2.2430000000000003,2.131,6310.83,600068,0.03621,0.06286,-0.03585,-0.11848,-0.18212,0.0127,2.1584,2.22462,2.30474,2.50263,2.36295
2000-01-07,2.2319999999999998,2.32,2.34,2.2319999999999998,17702.16,600068,0.03943,0.09589,0.00476,-0.07422,-0.17084,0.05839,2.199,2.22514,2.30174,2.49874,2.36347
2000-01-10,2.32,2.326,2.346,2.283,18667.71,600068,0.00259,0.09562,0.00606,-0.04594,-0.17371,0.06113,2.2396,2.22581,2.29994,2.49476,2.36402
2000-01-11,2.294,2.206,2.323,2.2030000000000003,6093.52,600068,-0.05159,0.01847,-0.05403,-0.08768,-0.244,0.01146,2.2476,2.21981,2.29652,2.48898,2.36412
2000-01-12,2.189,2.154,2.217,2.151,6768.33,600068,-0.02357,0.0,-0.07275,-0.11431,-0.27597,-0.00462,2.2476,2.21176,2.29203,2.4823,2.36408
2000-01-13,2.146,2.16,2.174,2.134,4036.45,600068,0.00279,-0.03226,-0.05759,-0.09887,-0.24502,-0.0069,2.2332,2.20548,2.28821,2.4766,2.36402
2000-01-14,2.16,2.12,2.16,2.117,4312.25,600068,-0.01852,-0.08621,-0.07383,-0.11777,-0.27497,-0.0167,2.1932,2.19743,2.28365,2.47007,2.36387
2000-01-17,2.117,2.131,2.146,2.106,4289.51,600068,0.00519,-0.08383,-0.06082,-0.12985,-0.25228,0.00947,2.1542,2.19086,2.27852,2.46422,2.36395
2000-01-18,2.137,2.146,2.2,2.137,4241.72,600068,0.00704,-0.0272,-0.05629,-0.10284,-0.22834,0.04734,2.1422,2.18476,2.27455,2.45906,2.36435
2000-01-19,2.146,2.1630000000000003,2.177,2.146,2955.29,600068,0.00792,0.00418,-0.06566,-0.07445,-0.18192,0.04291,2.144,2.17752,2.27174,2.45515,2.36471
2000-01-20,2.174,2.154,2.186,2.137,4806.52,600068,-0.00416,-0.00278,-0.05277,-0.08418,-0.23563,0.04259,2.1428,2.17181,2.26855,2.44975,2.36507
2000-01-21,2.174,2.126,2.174,2.094,9378.31,600068,-0.013,0.00283,-0.04962,-0.08243,-0.24556,0.00189,2.144,2.16652,2.26547,2.44412,2.36508
2000-01-24,2.126,2.097,2.126,2.0709999999999997,12471.42,600068,-0.01364,-0.01595,-0.02646,-0.10614,-0.21929,-0.0038,2.1372,2.16381,2.26145,2.43933,2.36505
2000-01-25,2.103,2.131,2.166,2.1,8397.71,600068,0.01621,-0.00699,-0.01068,-0.07105,-0.21683,0.02206,2.1342,2.16271,2.25882,2.43454,2.36524
2000-01-26,2.146,2.117,2.16,2.1109999999999998,6560.02,600068,-0.00657,-0.02127,-0.01854,-0.08434,-0.2285,0.02469,2.125,2.16081,2.25568,2.42944,2.36544
2000-01-27,2.117,2.109,2.146,2.097,10861.21,600068,-0.00378,-0.02089,-0.01172,-0.12344,-0.21423,-0.00893,2.116,2.15962,2.25089,2.42476,2.36537
2000-01-28,2.117,2.151,2.151,2.083,15437.19,600068,0.01991,0.01176,0.02429,-0.09317,-0.20097,0.01895,2.121,2.16205,2.24732,2.42037,2.36553
2000-02-14,2.2030000000000003,2.323,2.34,2.174,31189.78,600068,0.07996,0.10777,0.09731,-0.01107,-0.14533,0.05976,2.1662,2.17186,2.2469,2.41715,2.36606
2000-02-15,2.343,2.2230000000000003,2.369,2.1830000000000003,37534.91,600068,-0.04305,0.04317,0.0471,-0.04551,-0.1794,0.01646,2.1846,2.17662,2.24519,2.4132,2.36621
2000-02-16,2.174,2.1630000000000003,2.209,2.1430000000000002,29439.91,600068,-0.02699,0.02173,-0.00139,-0.06888,-0.21317,0.00325,2.1938,2.17648,2.24261,2.40844,2.36624
2000-02-17,2.1630000000000003,2.2569999999999997,2.323,2.1630000000000003,58183.44,600068,0.04346,0.07018,0.04782,-0.0259,-0.19075,0.05123,2.2234,2.18138,2.24165,2.40411,2.36668
2000-02-18,2.254,2.171,2.254,2.1630000000000003,17098.25,600068,-0.0381,0.0093,-0.02733,-0.05854,-0.22492,0.00323,2.2274,2.17848,2.23947,2.39899,2.36671
2000-02-21,2.174,2.249,2.303,2.169,33660.5,600068,0.03593,-0.03186,-0.0306,-0.02472,-0.20446,0.05835,2.2126,2.1751,2.23855,2.39429,2.36722
2000-02-23,2.274,2.177,2.274,2.123,8448.33,600068,-0.03201,-0.02069,-0.06406,-0.05961,-0.26128,0.04262,2.2034,2.168,2.23632,2.38803,2.36758
2000-02-24,2.2,2.197,2.217,2.174,10786.23,600068,0.00919,0.01572,-0.00408,-0.05546,-0.24111,0.04619,2.2102,2.16757,2.23424,2.38236,2.36797
2000-02-25,2.197,2.1630000000000003,2.214,2.14,13231.77,600068,-0.01548,-0.04165,0.00418,-0.06079,-0.22445,0.04442,2.1914,2.168,2.23198,2.37727,2.36835
2000-02-28,2.289,2.38,2.38,2.289,46365.78,600068,0.10032,0.09627,0.10185,0.03478,-0.1336,0.12903,2.2332,2.17848,2.23327,2.37428,2.36945
2000-02-29,2.603,2.48,2.612,2.449,187651.77,600068,0.04202,0.10271,0.16981,0.07266,-0.08756,0.20039,2.2794,2.19562,2.23598,2.37235,2.37113
2000-03-01,2.489,2.435,2.509,2.3890000000000002,39911.24,600068,-0.01815,0.11851,0.14266,0.06146,-0.10609,0.1769,2.331,2.2101,2.23826,2.37,2.37262
2000-03-02,2.432,2.423,2.432,2.3890000000000002,25448.22,600068,-0.00493,0.10287,0.12908,0.07212,-0.1105,0.16997,2.3762,2.22329,2.24089,2.36755,2.37405
2000-03-03,2.432,2.4290000000000003,2.46,2.4,30525.26,600068,0.00248,0.12298,0.12298,0.05885,-0.11383,0.18546,2.4294,2.23595,2.24306,2.36502,2.3756
2000-03-06,2.455,2.34,2.472,2.34,34418.2,600068,-0.03664,-0.01681,0.08635,0.0,-0.11665,0.20681,2.4214,2.24481,2.24306,2.3625,2.37723
2000-03-07,2.3169999999999997,2.397,2.403,2.303,23100.3,600068,0.02436,-0.03347,0.12747,0.03946,-0.129,0.24133,2.4048,2.25771,2.24453,2.35962,2.37912
2000-03-08,2.403,2.397,2.438,2.366,17426.09,600068,0.0,-0.01561,0.14306,-0.0025,-0.12004,0.2009,2.3972,2.272,2.24444,2.35696,2.38075
2000-03-09,2.397,2.36,2.403,2.34,21307.57,600068,-0.01544,-0.026,0.10746,-0.00632,-0.12786,0.1998,2.3846,2.2829,2.24419,2.35415,2.38235
2000-03-10,2.352,2.323,2.355,2.306,22331.32,600068,-0.01568,-0.04364,0.09731,-0.00854,-0.14249,0.18099,2.3634,2.29271,2.24387,2.35101,2.3838
2000-03-13,2.312,2.326,2.363,2.289,15730.62,600068,0.00129,-0.00598,0.10289,-0.00257,-0.12589,0.14638,2.3606,2.30305,2.24377,2.34828,2.385
2000-03-14,2.326,2.274,2.326,2.2319999999999998,22365.44,600068,-0.02236,-0.05131,0.05718,-0.01856,-0.14447,0.11307,2.336,2.3089,2.24308,2.34516,2.38594
2000-03-15,2.263,2.306,2.346,2.263,12010.99,600068,0.01407,-0.03796,-0.00732,0.0,-0.13601,0.13484,2.3178,2.3081,2.24308,2.34221,2.38706
2000-03-16,2.303,2.246,2.303,2.2030000000000003,14168.41,600068,-0.02602,-0.04831,0.01035,-0.02981,-0.14666,0.10968,2.295,2.30919,2.24197,2.33907,2.38796
2000-03-17,2.2319999999999998,2.263,2.274,2.217,10571.66,600068,0.00757,-0.02583,0.04623,-0.02457,-0.15116,0.11698,2.283,2.31395,2.24105,2.3358,2.38892
2000-03-20,2.263,2.335,2.34,2.2319999999999998,17174.11,600068,0.03182,0.00387,0.03456,0.00864,-0.1081,0.16867,2.2848,2.31767,2.24137,2.3335,2.39029
2000-03-21,2.34,2.335,2.352,2.3169999999999997,12514.1,600068,0.0,0.02682,0.07554,0.01126,-0.1081,0.15709,2.297,2.32548,2.24179,2.3312,2.39158
2000-03-22,2.335,2.326,2.34,2.294,13286.49,600068,-0.00385,0.00867,0.03424,0.00606,-0.09176,0.14921,2.301,2.32914,2.24202,2.32928,2.39281
2000-03-23,2.326,2.36,2.36,2.2969999999999997,24834.65,600068,0.01462,0.05076,0.08406,0.01201,-0.06386,0.1423,2.3238,2.33786,2.24247,2.32798,2.394
2000-03-24,2.369,2.32,2.395,2.3169999999999997,21858.2,600068,-0.01695,0.02519,0.05599,-0.00129,-0.06902,0.13226,2.3352,2.34371,2.24242,2.32658,2.39511
2000-03-28,2.432,2.443,2.509,2.403,43842.06,600068,0.05302,0.04625,0.12945,0.06588,-0.03401,0.17452,2.3568,2.35705,2.24485,2.32588,2.39658
2000-03-29,2.475,2.432,2.4859999999999998,2.392,27604.05,600068,-0.0045,0.04154,0.02185,0.06247,-0.10059,0.1823,2.3762,2.35952,2.24716,2.32367,2.39811
2000-03-30,2.432,2.432,2.4459999999999997,2.395,25172.31,600068,0.0,0.04557,-0.01935,0.07184,-0.10225,0.16923,2.3974,2.35724,2.24979,2.32141,2.39954
2000-03-31,2.432,2.463,2.489,2.418,40024.08,600068,0.01275,0.04364,0.0115,0.08311,-0.07718,0.18129,2.418,2.35857,2.25284,2.31974,2.40107
2000-04-03,2.463,2.46,2.515,2.46,25907.76,600068,-0.00122,0.06034,0.01527,0.06263,-0.08414,0.18783,2.446,2.36033,2.25518,2.3179,2.40265
2000-04-04,2.432,2.375,2.44,2.372,17978.72,600068,-0.03455,-0.02783,-0.02223,0.04442,-0.10546,0.15124,2.4324,2.35776,2.25681,2.31563,2.40392
2000-04-05,2.372,2.375,2.392,2.352,16881.11,600068,0.0,-0.02344,0.01496,0.06169,-0.09282,0.17342,2.421,2.35943,2.25903,2.31365,2.40535
2000-04-06,2.383,2.4290000000000003,2.432,2.375,20924.36,600068,0.02274,-0.00123,0.01335,0.12767,-0.07502,0.20726,2.4204,2.36095,2.26347,2.31205,2.40704
2000-04-07,2.46,2.535,2.569,2.455,80473.25,600068,0.04364,0.02923,0.05757,0.17688,-0.02612,0.26119,2.4348,2.36752,2.26961,2.3115,2.40918
2000-04-10,2.569,2.555,2.575,2.503,64996.66,600068,0.00789,0.03862,0.08263,0.18452,-0.01655,0.26988,2.4538,2.37681,2.27603,2.31115,2.41139
2000-04-11,2.5610000000000004,2.503,2.572,2.5,29916.41,600068,-0.02035,0.05389,0.07749,0.17291,-0.02683,0.25275,2.4794,2.38538,2.28198,2.31059,2.41344
2000-04-12,2.503,2.472,2.515,2.4459999999999997,23150.47,600068,-0.01239,0.04084,0.06277,0.17714,-0.03249,0.22863,2.4988,2.39233,2.28798,2.30991,2.41531
2000-04-13,2.475,2.555,2.5610000000000004,2.475,38726.11,600068,0.03358,0.05187,0.12357,0.2069,-0.00234,0.24029,2.524,2.40571,2.29505,2.30986,2.41732
2000-04-14,2.572,2.592,2.661,2.572,78517.64,600068,0.01448,0.02249,0.12402,0.22091,0.01807,0.22611,2.5354,2.41933,2.30261,2.31024,2.41926
2000-04-17,2.592,2.5180000000000002,2.6010000000000004,2.489,34568.13,600068,-0.02855,-0.01448,0.1211,0.16251,-0.00198,0.20767,2.528,2.43229,2.30829,2.3102,2.42102
2000-04-18,2.498,2.541,2.5610000000000004,2.478,20515.03,600068,0.00913,0.01518,0.12285,0.17967,0.00355,0.20713,2.5356,2.44552,2.31453,2.31027,2.4228
2000-04-19,2.546,2.5380000000000003,2.5580000000000003,2.5180000000000002,21931.18,600068,-0.00118,0.0267,0.08694,0.1371,0.01277,0.21843,2.5488,2.45519,2.31947,2.31053,2.42465
2000-04-20,2.546,2.572,2.603,2.541,33819.76,600068,0.0134,0.00665,0.1015,0.10862,0.05496,0.24311,2.5522,2.46648,2.32353,2.31162,2.42669
2000-04-21,2.575,2.506,2.5980000000000003,2.5,26930.09,600068,-0.02566,-0.03318,0.07739,0.07739,0.03639,0.13445,2.535,2.47505,2.32644,2.31233,2.4279
2000-04-24,2.512,2.575,2.592,2.512,39725.91,600068,0.02753,0.02264,0.0911,0.16727,0.0588,0.2198,2.5464,2.48529,2.33239,2.3135,2.42978
2000-04-25,2.583,2.555,2.603,2.523,16916.76,600068,-0.00777,0.00551,0.10129,0.18617,0.06592,0.15663,2.5492,2.49648,2.33885,2.31478,2.43119
2000-04-26,2.575,2.595,2.6319999999999997,2.555,38910.62,600068,0.01566,0.02246,0.06222,0.20139,0.0799,0.18547,2.5606,2.50371,2.34587,2.31634,2.43284
2000-04-27,2.603,2.589,2.661,2.5780000000000003,53862.67,600068,-0.00231,0.00661,0.06456,0.22123,0.05717,0.20756,2.564,2.51119,2.35344,2.31748,2.43465
2000-04-28,2.589,2.595,2.6180000000000003,2.5610000000000004,26715.42,600068,0.00232,0.03551,0.06702,0.21774,0.08487,0.17634,2.5818,2.51895,2.36092,2.31913,2.43623
2000-05-08,2.595,2.569,2.609,2.546,15096.97,600068,-0.01002,-0.00233,0.04304,0.19711,0.09927,0.13673,2.5806,2.524,2.36774,2.32102,2.43749
2000-05-09,2.575,2.506,2.575,2.492,17751.9,600068,-0.02452,-0.01918,0.0187,0.15858,0.06548,0.1506,2.5708,2.52619,2.37327,2.32227,2.43882
2000-05-10,2.489,2.406,2.498,2.406,18171.72,600068,-0.0399,-0.07283,0.01305,0.11699,0.03841,0.11907,2.533,2.52767,2.37734,2.32299,2.43986
2000-05-11,2.403,2.369,2.432,2.369,11356.42,600068,-0.01538,-0.08497,-0.00253,0.1143,0.0098,0.09171,2.489,2.52738,2.38126,2.32318,2.44067
2000-05-12,2.375,2.349,2.3890000000000002,2.343,14194.65,600068,-0.00844,-0.0948,-0.03294,0.12017,0.02398,0.10697,2.4398,2.52357,2.38532,2.32363,2.44159
2000-05-15,2.34,2.315,2.3569999999999998,2.312,10745.3,600068,-0.01447,-0.09887,-0.08679,0.08634,0.0013,0.12379,2.389,2.5131,2.38829,2.32365,2.44263
2000-05-16,2.323,2.355,2.366,2.32,8605.19,600068,0.01728,-0.06026,-0.07828,0.11242,-0.0212,0.13823,2.3588,2.50357,2.39213,2.32324,2.44379
2000-05-17,2.36,2.343,2.375,2.332,7249.58,600068,-0.0051,-0.02618,-0.06392,0.11095,-0.01223,0.10833,2.3462,2.49595,2.3959,2.323,2.44472
2000-05-18,2.346,2.386,2.397,2.32,10434.4,600068,0.01835,0.00718,-0.03479,0.10925,0.01575,0.12867,2.3496,2.49186,2.39969,2.3233,2.44583
2000-05-19,2.386,2.392,2.395,2.36,11329.39,600068,0.00251,0.01831,-0.0638,0.0297,0.02705,0.14231,2.3582,2.4841,2.40081,2.32381,2.44704
2000-05-22,2.4,2.438,2.4659999999999997,2.375,20103.69,600068,0.01923,0.05313,-0.05941,0.09672,0.0495,0.15655,2.3828,2.47676,2.40427,2.32475,2.44838
2000-05-23,2.44,2.469,2.475,2.4290000000000003,19180.83,600068,0.01272,0.04841,-0.01946,0.14147,0.0656,0.15915,2.4056,2.47443,2.40921,2.32598,2.44976
2000-05-24,2.475,2.506,2.5380000000000003,2.475,26950.3,600068,0.01499,0.06957,-0.01377,0.11032,0.08673,0.18712,2.4382,2.47276,2.41323,2.32761,2.45137
2000-05-25,2.521,2.546,2.555,2.503,29170.92,600068,0.01596,0.06706,0.00315,0.17273,0.10408,0.27555,2.4702,2.47314,2.41927,2.32956,2.4536
2000-05-26,2.575,2.563,2.6180000000000003,2.5180000000000002,48201.64,600068,0.00668,0.07149,-0.0035,0.13962,0.10713,0.25946,2.5044,2.47271,2.42434,2.33158,2.45575
2000-05-29,2.572,2.575,2.5980000000000003,2.546,32659.0,600068,0.00468,0.05619,0.02753,0.18282,0.10705,0.26722,2.5318,2.476,2.43076,2.3336,2.45796
2000-05-30,2.589,2.695,2.832,2.589,142644.39,600068,0.0466,0.09154,0.0466,0.22667,0.17021,0.34683,2.577,2.48171,2.43879,2.33679,2.46078
2000-05-31,2.6889999999999996,2.718,2.755,2.6319999999999997,64835.94,600068,0.00853,0.0846,0.0638,0.25659,0.18174,0.3797,2.6194,2.48948,2.44774,2.34019,2.46382
2000-06-01,2.738,2.715,2.764,2.681,32802.96,600068,-0.0011,0.06638,0.04624,0.14076,0.17431,0.39017,2.6532,2.49519,2.45315,2.34346,2.46691
2000-06-02,2.735,2.781,2.85,2.735,69340.0,600068,0.02431,0.08506,0.07416,0.12137,0.21229,0.36457,2.6968,2.50433,2.458,2.34742,2.46993
2000-06-05,2.827,2.6689999999999996,2.847,2.635,76009.68,600068,-0.04027,0.0365,0.02852,0.0961,0.18097,0.28317,2.7156,2.50786,2.46177,2.35075,2.47233
2000-06-06,2.6689999999999996,2.6919999999999997,2.6919999999999997,2.6260000000000003,36090.14,600068,0.00862,-0.00111,0.04788,0.11102,0.1735,0.26861,2.715,2.51371,2.46611,2.35398,2.47465
2000-06-07,2.6919999999999997,2.681,2.715,2.6660000000000004,20930.54,600068,-0.00409,-0.01361,0.06983,0.10375,0.14573,0.23891,2.7076,2.52205,2.47018,2.35676,2.47675
2000-06-08,2.681,2.6460000000000004,2.6889999999999996,2.6319999999999997,26128.21,600068,-0.01305,-0.02541,0.09975,0.13077,0.14744,0.2487,2.6938,2.53348,2.47511,2.35952,2.47889
2000-06-09,2.6460000000000004,2.5980000000000003,2.678,2.592,23909.79,600068,-0.01814,-0.0658,0.09667,0.08385,0.08115,0.18956,2.6572,2.54438,2.47835,2.36111,2.48057
2000-06-12,2.575,2.6180000000000003,2.6180000000000003,2.5180000000000002,18030.84,600068,0.0077,-0.01911,0.11452,0.0922,0.10232,0.08947,2.647,2.55719,2.48192,2.36308,2.48145
2000-06-13,2.6319999999999997,2.6689999999999996,2.681,2.6319999999999997,19830.83,600068,0.01948,-0.00854,0.15292,0.13093,0.13914,0.07404,2.6424,2.57405,2.4869,2.36573,2.4822
2000-06-14,2.7119999999999997,2.7060000000000004,2.772,2.6839999999999997,53602.57,600068,0.01386,0.00932,0.14904,0.16487,0.16038,0.13937,2.6474,2.59076,2.49308,2.36877,2.48354
2000-06-15,2.7060000000000004,2.718,2.7239999999999998,2.6839999999999997,22177.39,600068,0.00443,0.02721,0.16005,0.16853,0.17307,0.12453,2.6618,2.60862,2.4994,2.37203,2.48476
2000-06-16,2.718,2.681,2.758,2.6660000000000004,28465.16,600068,-0.01361,0.03195,0.12364,0.17898,0.16262,0.15361,2.6784,2.62267,2.50597,2.37508,2.48622
2000-06-19,2.681,2.6839999999999997,2.7119999999999997,2.661,19002.71,600068,0.00112,0.02521,0.12207,0.16392,0.1594,0.19395,2.6916,2.63657,2.51206,2.37808,2.48799
2000-06-20,2.6839999999999997,2.655,2.7119999999999997,2.641,19552.03,600068,-0.0108,-0.00525,0.08901,0.1821,0.1444,0.18105,2.6888,2.6469,2.51866,2.3808,2.48964
2000-06-21,2.6460000000000004,2.6519999999999997,2.655,2.6319999999999997,13935.87,600068,-0.00113,-0.01996,0.07412,0.1719,0.14557,0.12325,2.678,2.65562,2.52494,2.38354,2.49083
2000-06-22,2.655,2.658,2.6860000000000004,2.6460000000000004,11059.81,600068,0.00226,-0.02208,0.06065,0.13833,0.15115,0.15065,2.666,2.66286,2.53015,2.38638,2.49224
2000-06-23,2.661,2.6889999999999996,2.7039999999999997,2.6489999999999996,14482.33,600068,0.01166,0.00298,0.05617,0.15161,0.16306,0.14718,2.6676,2.66967,2.53585,2.38945,2.49364
2000-06-26,2.7039999999999997,2.7289999999999996,2.7689999999999997,2.695,30542.92,600068,0.01488,0.01677,0.06477,0.17326,0.17024,0.12397,2.6766,2.67757,2.54235,2.39267,2.49487
2000-06-27,2.747,2.787,2.832,2.7439999999999998,63090.27,600068,0.02125,0.04972,0.08233,0.18093,0.19974,0.16125,2.703,2.68767,2.54924,2.39645,2.49644
2000-06-28,2.787,2.792,2.818,2.7689999999999997,33269.85,600068,0.00179,0.05279,0.03599,0.20345,0.21815,0.05798,2.731,2.69229,2.55685,2.40051,2.49706
2000-06-29,2.798,2.801,2.855,2.7889999999999997,59426.52,600068,0.00322,0.0538,0.03054,0.14654,0.22368,0.09628,2.7596,2.69624,2.56263,2.40467,2.49806
2000-06-30,2.798,2.747,2.801,2.721,40926.54,600068,-0.01928,0.02157,0.01179,0.12952,0.21067,0.0159,2.7712,2.69776,2.56771,2.40856,2.49824
2000-07-03,2.735,2.721,2.795,2.695,28056.75,600068,-0.00946,-0.00293,-0.02157,0.11883,0.19657,-0.00293,2.7696,2.6949,2.57237,2.4122,2.4982
2000-07-04,2.718,2.7289999999999996,2.738,2.695,15436.28,600068,0.00294,-0.02081,0.02248,0.108,0.17883,0.00627,2.758,2.69776,2.57666,2.41556,2.49827
2000-07-05,2.738,2.735,2.772,2.7289999999999996,12609.58,600068,0.0022,-0.02042,0.01597,0.11179,0.20273,-0.08375,2.7466,2.69981,2.5811,2.41931,2.49726
2000-07-06,2.7319999999999998,2.721,2.7319999999999998,2.695,10929.91,600068,-0.00512,-0.02856,0.01492,0.14568,0.21636,-0.09451,2.7306,2.70171,2.58668,2.42324,2.4961
2000-07-07,2.7119999999999997,2.787,2.804,2.7089999999999996,24978.94,600068,0.02426,0.01456,0.05329,0.17347,0.29387,-0.08171,2.7386,2.70843,2.59332,2.42839,2.49509
2000-07-10,2.807,2.907,2.912,2.792,87069.25,600068,0.04306,0.06836,0.11894,0.19679,0.34958,-0.05279,2.7758,2.72314,2.60103,2.43451,2.49443
2000-07-11,2.918,2.9010000000000002,2.9410000000000003,2.87,54259.11,600068,-0.00206,0.06303,0.1081,0.14438,0.34492,-0.02618,2.8102,2.73662,2.60694,2.44056,2.49412
2000-07-12,2.907,2.932,2.97,2.904,43686.58,600068,0.01069,0.07203,0.09854,0.14755,0.37395,-0.08088,2.8496,2.74914,2.61302,2.44705,2.49307
2000-07-13,2.947,2.898,2.9610000000000003,2.864,47146.57,600068,-0.0116,0.06505,0.07095,0.15781,0.38,-0.0972,2.885,2.75829,2.61939,2.45354,2.4918
2000-07-14,2.918,2.9730000000000003,2.998,2.918,73089.32,600068,0.02588,0.06674,0.09382,0.20267,0.40435,-0.01881,2.9222,2.77043,2.62747,2.4605,2.49157
2000-07-17,2.975,2.975,3.05,2.9730000000000003,60921.34,600068,0.00067,0.02339,0.10966,0.16438,0.40132,0.09134,2.9358,2.78443,2.63424,2.46742,2.49258
2000-07-18,2.975,2.944,2.99,2.9210000000000003,30738.42,600068,-0.01042,0.01482,0.09687,0.1358,0.35919,0.05444,2.9444,2.79681,2.63992,2.47375,2.4932
2000-07-19,2.947,2.918,2.964,2.898,30830.66,600068,-0.00883,-0.00477,0.09906,0.15886,0.35469,0.00969,2.9416,2.80933,2.64637,2.47996,2.49331
2000-07-20,2.918,2.89,2.932,2.861,27256.36,600068,-0.0096,-0.00276,0.08974,0.13735,0.2948,0.059,2.94,2.82067,2.652,2.48531,2.49397
2000-07-21,2.884,2.89,2.912,2.861,18423.74,600068,0.0,-0.02792,0.08728,0.13869,0.24569,0.03288,2.9234,2.83171,2.65768,2.48994,2.49434
2000-07-24,2.89,2.947,2.952,2.875,24652.88,600068,0.01972,-0.00941,0.09595,0.1458,0.26698,0.04689,2.9178,2.844,2.66373,2.49499,2.49488
2000-07-25,2.947,2.924,2.964,2.918,14117.1,600068,-0.0078,-0.00679,0.07145,0.1668,0.32548,0.00206,2.9138,2.85329,2.67047,2.50083,2.4949
2000-07-26,2.924,2.9730000000000003,3.0039999999999996,2.918,27504.57,600068,0.01676,0.01885,0.06674,0.15456,0.38022,-0.00067,2.9248,2.86214,2.67689,2.50749,2.49489
2000-07-27,2.9810000000000003,2.932,2.998,2.9210000000000003,25145.23,600068,-0.01379,0.01453,0.05014,0.14755,0.35741,0.02482,2.9332,2.86881,2.68297,2.51376,2.49518
2000-07-28,2.932,2.904,2.947,2.884,22781.58,600068,-0.00955,0.00484,0.03677,0.11908,0.36981,-0.00684,2.936,2.87371,2.68795,2.52014,2.4951
2000-07-31,2.918,2.99,3.0039999999999996,2.918,45058.03,600068,0.02961,0.01459,0.08846,0.15489,0.4031,0.04912,2.9446,2.88529,2.69442,2.52712,2.49567
2000-08-01,3.0039999999999996,2.984,3.0239999999999996,2.964,24431.88,600068,-0.00201,0.02052,0.09666,0.1499,0.39049,0.073,2.9566,2.89781,2.70069,2.53393,2.4965
2000-08-02,2.99,2.99,3.01,2.952,18633.22,600068,0.00201,0.00572,0.09564,0.16388,0.38234,0.13086,2.96,2.91024,2.70748,2.54066,2.4979
2000-08-03,2.99,2.9730000000000003,3.0039999999999996,2.964,25652.95,600068,-0.00569,0.01398,0.08702,0.18635,0.38022,0.055,2.9682,2.92157,2.71502,2.54732,2.49853
2000-08-04,2.9730000000000003,2.898,2.975,2.861,30733.69,600068,-0.02523,-0.00207,0.06505,0.20449,0.36312,0.02839,2.967,2.93,2.72295,2.55359,2.49886
2000-08-07,2.89,2.895,2.938,2.875,23546.09,600068,-0.00104,-0.03177,0.03875,0.22203,0.38054,0.07781,2.948,2.93514,2.73144,2.56008,2.49971
2000-08-08,2.904,2.912,2.918,2.8810000000000002,26490.47,600068,0.00587,-0.02413,0.00172,0.23968,0.36649,0.07019,2.9336,2.93538,2.74052,2.56643,2.50048
2000-08-09,2.918,2.99,2.998,2.89,46226.7,600068,0.02679,0.0,0.03068,0.29158,0.41238,0.08965,2.9336,2.93962,2.7514,2.57353,2.50148
2000-08-10,2.9930000000000003,2.978,3.0039999999999996,2.95,32803.77,600068,-0.00401,0.00168,0.01569,0.26454,0.41204,0.10954,2.9346,2.94181,2.76145,2.58059,2.50268
2000-08-11,2.964,3.0180000000000002,3.0780000000000003,2.964,80518.74,600068,0.01343,0.04141,0.04141,0.28809,0.40307,0.1211,2.9586,2.94752,2.77234,2.58764,2.504
2000-08-14,3.0610000000000004,3.0410000000000004,3.076,3.0039999999999996,61738.64,600068,0.00762,0.05043,0.02287,0.27452,0.30908,0.11884,2.9878,2.95076,2.7829,2.59348,2.50532
2000-08-15,3.0410000000000004,2.9810000000000003,3.0580000000000003,2.9730000000000003,24928.5,600068,-0.01973,0.0237,0.00202,0.24624,0.34098,0.10041,3.0016,2.95105,2.7924,2.59964,2.50642
2000-08-16,2.9810000000000003,2.9610000000000003,2.998,2.9410000000000003,24426.98,600068,-0.00671,-0.0097,0.00577,0.21452,0.36893,0.07712,2.9958,2.95186,2.80084,2.60613,2.50728
2000-08-17,2.9610000000000003,3.0439999999999996,3.0610000000000004,2.9610000000000003,38508.74,600068,0.02803,0.02216,0.04318,0.23289,0.34869,0.09143,3.009,2.95786,2.81011,2.61253,2.50832
2000-08-18,3.0469999999999997,3.055,3.076,3.0180000000000002,56339.24,600068,0.00361,0.01226,0.05709,0.21907,0.40719,0.09068,3.0164,2.96571,2.81897,2.61972,2.50935
2000-08-21,3.09,3.199,3.2039999999999997,3.09,175605.42,600068,0.04714,0.05196,0.10692,0.25648,0.42241,0.13159,3.048,2.98043,2.8295,2.62744,2.51087
2000-08-22,3.2039999999999997,3.09,3.261,3.0639999999999996,96380.42,600068,-0.03407,0.03656,0.04852,0.20562,0.41938,0.04852,3.0698,2.98724,2.838,2.63486,2.51145
2000-08-23,3.0610000000000004,3.076,3.1180000000000003,2.918,96264.26,600068,-0.00453,0.03884,0.05198,0.19456,0.40009,0.06252,3.0928,2.99448,2.84608,2.64201,2.51218
2000-08-24,3.076,3.0610000000000004,3.09,3.0180000000000002,37262.13,600068,-0.00488,0.00558,0.0296,0.13581,0.41516,0.09753,3.0962,2.99867,2.85198,2.64931,2.51329
2000-08-25,3.0669999999999997,3.05,3.076,3.0180000000000002,19548.91,600068,-0.00359,-0.00164,0.04025,0.12215,0.28151,0.1103,3.0952,3.00429,2.85734,2.65476,2.51452
2000-08-28,3.05,3.113,3.138,3.05,26181.11,600068,0.02066,-0.02688,0.07197,0.14659,0.25524,0.14533,3.078,3.01424,2.86376,2.6599,2.51613
2000-08-29,3.116,3.073,3.133,3.0610000000000004,18008.67,600068,-0.01285,-0.0055,0.02776,0.105,0.26201,0.12812,3.0746,3.01819,2.86847,2.66509,2.51754
2000-08-30,3.0669999999999997,3.01,3.076,2.998,21289.3,600068,-0.0205,-0.02146,0.00871,0.12776,0.24226,0.10499,3.0614,3.01943,2.87397,2.66986,2.51871
2000-08-31,2.975,2.904,2.99,2.904,37604.5,600068,-0.03522,-0.05129,-0.02876,0.07875,0.19555,0.05947,3.03,3.01533,2.87739,2.67372,2.51937
2000-09-01,2.89,2.8810000000000002,2.932,2.864,28000.85,600068,-0.00792,-0.05541,-0.03095,0.0746,0.2312,0.08758,2.9962,3.01095,2.88061,2.67812,2.52031
2000-09-04,2.861,2.832,2.875,2.761,25652.62,600068,-0.01701,-0.09027,-0.02277,0.07029,0.18148,0.02907,2.94,3.00781,2.88361,2.68166,2.52064
2000-09-05,2.832,2.7119999999999997,2.861,2.6919999999999997,13019.73,600068,-0.04237,-0.11747,-0.06321,0.04388,0.13141,-0.00441,2.8678,2.9991,2.88545,2.68422,2.52059
2000-09-06,2.6889999999999996,2.595,2.695,2.592,29184.3,600068,-0.04314,-0.13787,-0.10886,-0.00879,0.09958,-0.04102,2.7848,2.984,2.88508,2.68613,2.52014
2000-09-07,2.595,2.6289999999999996,2.6889999999999996,2.592,20488.64,600068,0.0131,-0.0947,-0.12074,-0.01499,0.13173,-0.02953,2.7298,2.96681,2.88444,2.68862,2.51981
2000-09-08,2.6460000000000004,2.658,2.6889999999999996,2.638,12893.2,600068,0.01103,-0.0774,-0.10745,-0.01774,0.14273,-0.00113,2.6852,2.95157,2.88366,2.69132,2.5198
2000-09-11,2.6660000000000004,2.635,2.6660000000000004,2.6180000000000003,13683.84,600068,-0.00865,-0.06956,-0.12691,-0.03054,0.15875,-0.00865,2.6458,2.93333,2.88232,2.69425,2.51971
2000-09-12,2.635,2.6919999999999997,2.7039999999999997,2.635,13053.49,600068,0.02163,-0.00737,-0.11476,0.0041,0.16739,0.00862,2.6418,2.91671,2.8825,2.69739,2.5198
2000-09-13,2.6919999999999997,2.6860000000000004,2.7119999999999997,2.661,13583.3,600068,-0.00223,0.03507,-0.09896,0.00075,0.1959,0.02052,2.66,2.90267,2.88253,2.70097,2.52002
2000-09-14,2.6860000000000004,2.6489999999999996,2.695,2.6319999999999997,16273.26,600068,-0.01378,0.00761,-0.10537,-0.00226,0.17057,-0.00638,2.664,2.88781,2.88244,2.70411,2.51995
2000-09-15,2.6319999999999997,2.6489999999999996,2.661,2.6319999999999997,12678.12,600068,0.0,-0.00339,-0.12976,-0.00113,0.13448,0.01184,2.6622,2.869,2.88239,2.70666,2.52008
2000-09-18,2.6489999999999996,2.6660000000000004,2.7089999999999996,2.6489999999999996,26047.93,600068,0.00642,0.01176,-0.12733,0.00301,0.14176,0.01833,2.6684,2.85048,2.88252,2.70935,2.52027
2000-09-19,2.655,2.5860000000000003,2.655,2.575,33941.75,600068,-0.03001,-0.03938,-0.19162,-0.0383,0.11178,0.00976,2.6472,2.82129,2.88085,2.71146,2.52037
2000-09-20,2.5580000000000003,2.5140000000000002,2.5580000000000003,2.474,18648.5,600068,-0.02784,-0.06404,-0.18641,-0.07878,0.06525,-0.00278,2.6128,2.79386,2.87739,2.71272,2.52035
2000-09-21,2.5140000000000002,2.521,2.555,2.502,10046.99,600068,0.00278,-0.04832,-0.18043,-0.09544,0.08664,0.01164,2.5872,2.76743,2.8731,2.71435,2.52046
2000-09-22,2.5140000000000002,2.511,2.533,2.502,6685.8,600068,-0.00397,-0.0521,-0.17968,-0.10064,0.02783,-0.00712,2.5596,2.74124,2.86856,2.7149,2.52039
2000-09-25,2.524,2.508,2.533,2.505,5818.96,600068,-0.00119,-0.05926,-0.1777,-0.10461,0.03125,-0.07249,2.528,2.71543,2.86384,2.71552,2.51959
2000-09-26,2.508,2.524,2.536,2.508,4645.39,600068,0.00638,-0.02398,-0.18921,-0.08118,0.03783,-0.06829,2.5156,2.68738,2.86024,2.71627,2.51884
2000-09-27,2.5269999999999997,2.546,2.549,2.524,7206.78,600068,0.00872,0.01273,-0.17149,-0.06431,0.0337,-0.04608,2.522,2.66229,2.85742,2.71694,2.51834
2000-09-28,2.549,2.508,2.5580000000000003,2.502,5730.6,600068,-0.01493,-0.00516,-0.16678,-0.08098,0.01951,-0.06627,2.5194,2.63838,2.85385,2.71733,2.51762
2000-09-29,2.502,2.5180000000000002,2.5180000000000002,2.502,7376.7,600068,0.00399,0.00279,-0.13292,-0.07934,0.06021,-0.0516,2.5208,2.62,2.85035,2.7185,2.51706
2000-10-09,2.5180000000000002,2.458,2.5269999999999997,2.4459999999999997,11927.74,600068,-0.02383,-0.01994,-0.14682,-0.09666,0.03495,-0.06112,2.5108,2.59986,2.84611,2.71917,2.51641
2000-10-10,2.471,2.5180000000000002,2.5180000000000002,2.471,12525.37,600068,0.02441,-0.00238,-0.11088,-0.09652,0.03664,-0.04113,2.5096,2.5849,2.84177,2.71989,2.51597
2000-10-11,2.5180000000000002,2.533,2.555,2.5180000000000002,8790.12,600068,0.00596,-0.00511,-0.066,-0.12865,-0.00079,-0.02689,2.507,2.57638,2.83574,2.71988,2.51569
2000-10-12,2.533,2.505,2.533,2.4859999999999998,5574.68,600068,-0.01105,-0.0012,-0.03468,-0.1365,-0.01957,-0.0358,2.5064,2.5721,2.82935,2.71947,2.51531
2000-10-13,2.508,2.489,2.5180000000000002,2.483,6089.41,600068,-0.00639,-0.01152,-0.05325,-0.15109,-0.00559,-0.03227,2.5006,2.56543,2.82221,2.71936,2.51497
2000-10-16,2.489,2.455,2.489,2.443,6056.0,600068,-0.01366,-0.00122,-0.07637,-0.15286,-0.00688,-0.03914,2.5,2.55576,2.81506,2.71922,2.51457
2000-10-17,2.461,2.471,2.477,2.455,3911.36,600068,0.00652,-0.01867,-0.06224,-0.16885,-0.03288,-0.03514,2.4906,2.54795,2.80697,2.71854,2.5142
2000-10-18,2.496,2.496,2.502,2.4859999999999998,3327.83,600068,0.01012,-0.01461,-0.07281,-0.16101,-0.03704,-0.01964,2.4832,2.53862,2.79924,2.71776,2.514
2000-10-19,2.496,2.4859999999999998,2.508,2.4859999999999998,3697.74,600068,-0.00401,-0.00758,-0.07446,-0.15557,-0.01271,-0.01467,2.4794,2.5291,2.79185,2.7175,2.51385
2000-10-20,2.483,2.508,2.5180000000000002,2.464,5705.98,600068,0.00885,0.00763,-0.05323,-0.14051,-0.01299,-0.00948,2.4832,2.52238,2.78524,2.71723,2.51375
2000-10-23,2.505,2.549,2.5639999999999996,2.502,9044.35,600068,0.01635,0.03829,-0.03775,-0.11799,0.00433,0.01716,2.502,2.51762,2.77974,2.71732,2.51392
2000-10-24,2.549,2.533,2.5580000000000003,2.521,4833.7,600068,-0.00628,0.02509,-0.04989,-0.12353,-0.01516,0.03897,2.5144,2.51129,2.77398,2.717,2.51431
2000-10-25,2.536,2.543,2.552,2.533,6874.46,600068,0.00395,0.01883,-0.01663,-0.13709,0.01476,0.0517,2.5238,2.50924,2.76747,2.7173,2.51482
2000-10-26,2.543,2.549,2.549,2.5269999999999997,8539.18,600068,0.00236,0.02534,0.01392,-0.12825,-0.0101,0.04811,2.5364,2.5109,2.76142,2.71709,2.51529
2000-10-27,2.5580000000000003,2.5989999999999998,2.608,2.5580000000000003,18308.6,600068,0.01962,0.03628,0.03094,-0.1258,0.01722,0.08427,2.5546,2.51462,2.75539,2.71745,2.51611
2000-10-30,2.5989999999999998,2.6180000000000003,2.6430000000000002,2.5989999999999998,15811.15,600068,0.00731,0.02707,0.04261,-0.10709,0.00886,0.08947,2.5684,2.51971,2.75032,2.71763,2.51699
2000-10-31,2.6210000000000004,2.5610000000000004,2.63,2.549,9441.51,600068,-0.02177,0.01105,0.02113,-0.11811,-0.01081,0.04573,2.574,2.52224,2.74479,2.71741,2.51744
2000-11-01,2.5639999999999996,2.577,2.593,2.5610000000000004,4655.7,600068,0.00625,0.01337,0.021,-0.13813,-0.00694,0.07734,2.5808,2.52476,2.73813,2.71726,2.5182
2000-11-02,2.577,2.5989999999999998,2.6239999999999997,2.577,9171.31,600068,0.00854,0.01962,0.02082,-0.12902,0.01168,0.11211,2.5908,2.52729,2.73192,2.7175,2.51926
2000-11-03,2.627,2.583,2.636,2.58,5361.59,600068,-0.00616,-0.00616,0.0299,-0.13612,0.03073,0.09821,2.5876,2.53086,2.72535,2.71813,2.5202
2000-11-06,2.583,2.577,2.596,2.568,6060.16,600068,-0.00232,-0.01566,0.02343,-0.1332,0.07107,0.11221,2.5794,2.53367,2.71897,2.71952,2.52126
2000-11-07,2.615,2.589,2.615,2.583,4077.62,600068,0.00466,0.01093,0.0533,-0.10663,0.09287,0.10358,2.585,2.5399,2.71398,2.72131,2.52224
2000-11-08,2.589,2.608,2.611,2.58,6147.32,600068,0.00734,0.01203,0.03574,-0.09914,0.11026,0.13688,2.5912,2.54419,2.70935,2.72341,2.52352
2000-11-09,2.608,2.627,2.627,2.596,11228.58,600068,0.00729,0.01077,0.03711,-0.09787,0.13477,0.13625,2.5968,2.54867,2.70476,2.72595,2.5248
2000-11-10,2.63,2.6519999999999997,2.6519999999999997,2.6239999999999997,18238.65,600068,0.00952,0.02671,0.05868,-0.11304,0.12611,0.10224,2.6106,2.55567,2.69931,2.72837,2.5258
2000-11-13,2.658,2.696,2.708,2.655,23719.6,600068,0.01659,0.04618,0.08317,-0.09469,0.15066,0.13659,2.6344,2.56552,2.69476,2.73124,2.52712
2000-11-14,2.658,2.718,2.718,2.658,28086.42,600068,0.00816,0.04983,0.10713,-0.0994,0.13915,0.15709,2.6602,2.57805,2.68992,2.73393,2.52862
2000-11-15,2.721,2.7460000000000004,2.805,2.721,43870.59,600068,0.0103,0.05291,0.11129,-0.09701,0.14799,0.17905,2.6878,2.59114,2.68516,2.73681,2.53031
2000-11-16,2.752,2.7430000000000003,2.7680000000000002,2.721,19360.68,600068,-0.00109,0.04416,0.09896,-0.07984,0.1251,0.1808,2.711,2.6029,2.68132,2.73929,2.53202
2000-11-17,2.752,2.715,2.758,2.705,18094.84,600068,-0.01021,0.02376,0.09212,-0.08308,0.09964,0.17177,2.7236,2.61381,2.67735,2.74129,2.53364
2000-11-20,2.715,2.7680000000000002,2.7769999999999997,2.705,24132.45,600068,0.01952,0.02671,0.10367,-0.09067,0.10455,0.20035,2.738,2.62619,2.6729,2.74342,2.53552
2000-11-21,2.7739999999999996,2.7769999999999997,2.802,2.7739999999999996,24503.36,600068,0.00325,0.02171,0.08945,-0.091,0.09073,0.20425,2.7498,2.63705,2.66842,2.7453,2.53743
2000-11-22,2.7769999999999997,2.7680000000000002,2.78,2.74,12721.01,600068,-0.00324,0.00801,0.09278,-0.13473,0.07998,0.19568,2.7542,2.64824,2.66147,2.74697,2.53927
2000-11-23,2.7769999999999997,2.793,2.821,2.7739999999999996,26412.89,600068,0.00903,0.01823,0.09831,-0.09612,0.08466,0.20077,2.7642,2.66014,2.65668,2.74874,2.54117
2000-11-24,2.793,2.677,2.8080000000000003,2.661,22757.89,600068,-0.04153,-0.014,0.05022,-0.12971,-0.00668,0.1624,2.7566,2.66624,2.65024,2.74859,2.54269
2000-11-27,2.661,2.655,2.69,2.627,16190.96,600068,-0.00822,-0.04082,0.02155,-0.13264,-0.02318,0.15435,2.734,2.6689,2.64369,2.74808,2.54413
2000-11-28,2.658,2.702,2.705,2.6519999999999997,11870.78,600068,0.0177,-0.02701,0.03209,-0.1141,-0.00479,0.16869,2.719,2.6729,2.63808,2.74798,2.54572
2000-11-29,2.705,2.674,2.7110000000000003,2.668,9518.8,600068,-0.01036,-0.03396,0.04412,-0.14102,-0.03848,0.16565,2.7002,2.67829,2.631,2.74711,2.54726
2000-11-30,2.6710000000000003,2.6710000000000003,2.69,2.6489999999999996,7888.42,600068,-0.00112,-0.04368,0.03648,-0.13082,0.00075,0.18186,2.6758,2.68276,2.62452,2.74712,2.54893
2000-12-01,2.658,2.6860000000000004,2.69,2.658,10866.84,600068,0.00562,0.00336,0.03347,-0.10764,-0.00223,0.17088,2.6776,2.6869,2.61929,2.74707,2.55053
2000-12-04,2.69,2.705,2.705,2.665,13165.08,600068,0.00707,0.01883,0.04723,-0.06853,0.00895,0.15598,2.6876,2.69271,2.61608,2.74727,2.55201
2000-12-05,2.705,2.6830000000000003,2.715,2.674,8938.79,600068,-0.00813,-0.00703,0.04113,-0.06873,0.01398,0.16349,2.6838,2.69776,2.61289,2.74757,2.55354
2000-12-06,2.68,2.6210000000000004,2.6830000000000003,2.611,17058.57,600068,-0.02311,-0.01982,0.01236,-0.07451,0.00885,0.09072,2.6732,2.69929,2.60948,2.74776,2.55443
2000-12-07,2.6210000000000004,2.593,2.655,2.574,19396.28,600068,-0.01068,-0.0292,-0.00575,-0.04388,-0.00955,0.09179,2.6576,2.69857,2.60756,2.74755,2.55532
2000-12-08,2.596,2.5989999999999998,2.6180000000000003,2.593,11219.15,600068,0.00231,-0.03239,-0.01066,0.00154,-0.02623,0.10926,2.6402,2.69724,2.60763,2.74698,2.55636
2000-12-11,2.58,2.5639999999999996,2.596,2.5580000000000003,9835.72,600068,-0.01347,-0.05213,-0.03318,-0.02472,-0.05248,0.09949,2.612,2.69305,2.60658,2.74583,2.5573
2000-12-12,2.571,2.5860000000000003,2.596,2.5639999999999996,9164.06,600068,0.00858,-0.03615,-0.0408,-0.02709,-0.04857,0.1161,2.5926,2.68781,2.60542,2.74476,2.55839
2000-12-13,2.589,2.589,2.611,2.571,5621.02,600068,0.00116,-0.01221,-0.04746,-0.01746,-0.03432,0.12272,2.5862,2.68167,2.60468,2.74401,2.55954
2000-12-14,2.596,2.568,2.602,2.5639999999999996,7229.59,600068,-0.00811,-0.00964,-0.06482,-0.04606,-0.04322,0.10929,2.5812,2.67319,2.60268,2.74307,2.56057
2000-12-15,2.58,2.574,2.58,2.5639999999999996,5825.19,600068,0.00234,-0.00962,-0.06161,-0.0417,-0.03051,0.10948,2.5762,2.66514,2.60087,2.74241,2.56161
2000-12-18,2.574,2.533,2.58,2.5269999999999997,15703.23,600068,-0.01593,-0.01209,-0.06703,-0.04379,-0.04487,0.09417,2.57,2.65648,2.599,2.74144,2.56249
2000-12-19,2.555,2.555,2.589,2.549,11383.12,600068,0.00869,-0.01199,-0.07695,-0.03549,-0.03875,0.10654,2.5638,2.64633,2.59748,2.7406,2.56349
2000-12-20,2.5639999999999996,2.589,2.605,2.549,14495.21,600068,0.01331,0.0,-0.0677,-0.02888,-0.03719,0.11981,2.5638,2.63738,2.59624,2.73979,2.56462
2000-12-21,2.596,2.605,2.611,2.589,16820.32,600068,0.00618,0.01441,-0.05889,0.00735,-0.04544,0.11707,2.5712,2.62962,2.59655,2.73878,2.56573
2000-12-22,2.611,2.577,2.6210000000000004,2.5639999999999996,9083.51,600068,-0.01075,0.00117,-0.07734,0.02506,-0.07535,0.10934,2.5718,2.61933,2.59756,2.73707,2.56676
2000-12-25,2.58,2.571,2.589,2.5580000000000003,10397.55,600068,-0.00233,0.015,-0.0396,0.01983,-0.07915,0.12173,2.5794,2.61429,2.59837,2.73528,2.56789
2000-12-26,2.568,2.574,2.5860000000000003,2.5639999999999996,10607.9,600068,0.00117,0.00744,-0.03051,0.02509,-0.08104,0.12451,2.5832,2.61043,2.59939,2.73343,2.56905
2000-12-27,2.574,2.5989999999999998,2.615,2.552,5330.52,600068,0.00971,0.00386,-0.03812,0.03628,-0.05388,0.14544,2.5852,2.60552,2.60085,2.73223,2.57039
2000-12-28,2.5989999999999998,2.627,2.633,2.596,9791.75,600068,0.01077,0.00845,-0.01758,0.04081,-0.03455,0.15523,2.5896,2.60329,2.60252,2.73146,2.57183
2000-12-29,2.6430000000000002,2.674,2.677,2.633,15429.83,600068,0.01789,0.03764,0.00112,0.05027,-0.02015,0.15508,2.609,2.60343,2.60458,2.73102,2.57329
2001-01-02,2.69,2.705,2.705,2.677,15721.93,600068,0.01159,0.05212,0.00707,0.07855,-0.01097,0.18953,2.6358,2.60433,2.60776,2.73077,2.57504
2001-01-03,2.721,2.718,2.74,2.705,22231.58,600068,0.00481,0.05594,0.00481,0.07943,-0.0011,0.21502,2.6646,2.60495,2.61098,2.73075,2.577
2001-01-04,2.715,2.6860000000000004,2.715,2.6830000000000003,17536.97,600068,-0.01177,0.03347,0.00112,0.09276,-0.03624,0.24698,2.682,2.6051,2.61466,2.72993,2.57916
2001-01-05,2.69,2.69,2.699,2.661,15985.1,600068,0.00149,0.02398,0.02633,0.06831,-0.07465,0.24884,2.6946,2.60838,2.61744,2.72816,2.58134
2001-01-08,2.715,2.7680000000000002,2.802,2.699,50883.18,600068,0.029,0.03515,0.06749,0.09278,-0.04585,0.28326,2.7134,2.61671,2.62123,2.72708,2.58382
2001-01-09,2.783,2.877,2.9339999999999997,2.7769999999999997,101437.36,600068,0.03938,0.06359,0.10696,0.1485,-0.01876,0.34817,2.7478,2.62995,2.62723,2.72663,2.58684
2001-01-10,2.877,2.8989999999999996,2.9019999999999997,2.846,57226.82,600068,0.00765,0.06659,0.13066,0.16472,0.00035,0.38048,2.784,2.6459,2.63384,2.72664,2.59009
2001-01-11,2.9019999999999997,2.8930000000000002,2.965,2.89,54468.03,600068,-0.00207,0.07707,0.11872,0.17841,-0.02691,0.36656,2.8254,2.66052,2.6409,2.72599,2.59324
2001-01-12,2.8930000000000002,2.858,2.8930000000000002,2.855,27657.67,600068,-0.0121,0.06245,0.1039,0.15662,-0.03933,0.34621,2.859,2.67333,2.64715,2.72504,2.59623
2001-01-15,2.858,2.783,2.858,2.7769999999999997,32731.98,600068,-0.02624,0.00542,0.08372,0.11498,-0.05469,0.28486,2.862,2.68357,2.65177,2.72373,2.59874
2001-01-16,2.755,2.862,2.877,2.73,25812.09,600068,0.02839,-0.00521,0.11189,0.15125,-0.01919,0.32869,2.859,2.69729,2.65784,2.72328,2.60162
2001-01-17,2.862,2.84,2.8930000000000002,2.821,19466.57,600068,-0.00769,-0.02035,0.1212,0.13238,-0.0173,0.2724,2.8472,2.7119,2.66319,2.72287,2.60409
2001-01-18,2.84,2.84,2.877,2.8369999999999997,17397.31,600068,0.0,-0.01832,0.11155,0.11416,-0.0173,0.22414,2.8366,2.72548,2.66789,2.72246,2.6062
2001-01-19,2.852,2.8739999999999997,2.8960000000000004,2.852,32417.42,600068,0.01197,0.0056,0.11008,0.13462,-0.02477,0.2356,2.8398,2.73905,2.67339,2.72187,2.60843
2001-02-05,2.887,2.84,2.905,2.833,19209.91,600068,-0.01183,0.02048,0.09021,0.11679,-0.02873,0.2874,2.8512,2.75024,2.67818,2.72119,2.61101
2001-02-06,2.83,2.821,2.83,2.73,17910.29,600068,-0.00669,-0.01433,0.09468,0.10671,-0.05113,0.30966,2.843,2.76186,2.68256,2.71995,2.61372
2001-02-07,2.815,2.8080000000000003,2.84,2.783,10108.79,600068,-0.00461,-0.01127,0.09218,0.08042,-0.04229,0.3,2.8366,2.77314,2.68594,2.71894,2.61635
2001-02-08,2.8080000000000003,2.761,2.83,2.752,9930.69,600068,-0.01674,-0.02782,0.07265,0.05462,-0.04924,0.30236,2.8208,2.78205,2.68824,2.71778,2.61896
2001-02-12,2.815,2.846,2.858,2.78,25686.42,600068,0.03079,-0.00974,0.09504,0.11128,-0.04816,0.33552,2.8152,2.79381,2.69284,2.71661,2.62187
2001-02-13,2.8710000000000004,2.908,2.924,2.8710000000000004,49599.58,600068,0.02178,0.02394,0.10697,0.12844,-0.02547,0.35508,2.8288,2.80719,2.69818,2.71599,2.62496
2001-02-14,2.908,2.8989999999999996,2.908,2.88,16509.18,600068,-0.00309,0.02765,0.08414,0.11543,-0.03043,0.34027,2.8444,2.8179,2.70302,2.71525,2.62796
2001-02-15,2.8989999999999996,2.8489999999999998,2.908,2.846,12358.55,600068,-0.01725,0.0146,0.05323,0.10298,-0.04171,0.32266,2.8526,2.82476,2.70731,2.71424,2.63078
2001-02-16,2.83,2.855,2.865,2.802,13866.84,600068,0.00211,0.03405,0.0504,0.10788,-0.01484,0.3429,2.8714,2.83129,2.71179,2.71389,2.63374
2001-02-19,2.862,2.862,2.8930000000000002,2.833,11461.49,600068,0.00245,0.00562,0.06552,0.10545,-0.0114,0.36481,2.8746,2.83967,2.71619,2.71363,2.63685
2001-02-20,2.865,2.865,2.9019999999999997,2.846,12350.51,600068,0.00105,-0.01479,0.06506,0.09854,-0.01614,0.34444,2.866,2.848,2.72034,2.71324,2.63984
2001-02-21,2.8710000000000004,2.824,2.8710000000000004,2.815,15000.49,600068,-0.01431,-0.02587,0.02023,0.07499,-0.05552,0.33396,2.851,2.85067,2.72352,2.71189,2.64271
2001-02-22,2.815,2.815,2.846,2.79,12604.77,600068,-0.00319,-0.01193,-0.02155,0.06146,-0.05473,0.33476,2.8442,2.84771,2.72615,2.71057,2.64558
2001-02-23,2.815,2.8710000000000004,2.8710000000000004,2.815,12974.33,600068,0.01989,0.0056,-0.00966,0.06491,-0.04871,0.33473,2.8474,2.84638,2.72897,2.70937,2.64851
2001-02-26,2.887,2.93,2.955,2.877,37731.77,600068,0.02055,0.02376,0.01279,0.078,-0.0365,0.2613,2.861,2.84814,2.73239,2.70847,2.65098
2001-02-27,2.94,2.93,2.946,2.8989999999999996,18429.35,600068,0.0,0.02269,0.02519,0.06701,-0.01711,0.31804,2.874,2.85157,2.73535,2.70806,2.65385
2001-02-28,2.9339999999999997,2.915,2.937,2.887,13564.06,600068,-0.00512,0.03222,0.04743,0.06271,-0.01554,0.34767,2.8922,2.85786,2.73813,2.70768,2.65691
2001-03-01,2.912,2.94,2.94,2.8960000000000004,19205.67,600068,0.00858,0.0444,0.02725,0.08287,-0.03417,0.30261,2.9172,2.86157,2.74176,2.70684,2.65968
2001-03-02,2.955,2.94,2.984,2.94,39729.48,600068,0.0,0.02403,0.03521,0.06214,-0.03764,0.35421,2.931,2.86633,2.74453,2.7059,2.66281
2001-03-05,2.949,2.93,2.9589999999999996,2.924,21914.5,600068,-0.0034,0.0,0.03169,0.0551,-0.08409,0.3028,2.931,2.87062,2.747,2.70372,2.66558
2001-03-06,2.93,2.9589999999999996,2.965,2.924,18100.36,600068,0.0099,0.0099,0.02958,0.069,-0.04239,0.35921,2.9368,2.87467,2.75008,2.70265,2.66876
2001-03-07,2.9619999999999997,2.949,2.9739999999999998,2.94,17691.25,600068,-0.00338,0.01166,0.03838,0.05585,-0.04129,0.34228,2.9436,2.87986,2.7526,2.70162,2.67181
2001-03-08,2.946,2.93,2.946,2.924,15146.79,600068,-0.00644,-0.0034,0.03864,0.09451,-0.0428,0.3546,2.9416,2.88505,2.75668,2.70055,2.67493
2001-03-09,2.93,2.8930000000000002,2.9339999999999997,2.887,23312.85,600068,-0.01263,-0.01599,0.03027,0.08964,-0.05148,0.21555,2.9322,2.8891,2.76052,2.69928,2.67702
2001-03-12,2.8930000000000002,2.883,2.8989999999999996,2.865,17312.64,600068,-0.00346,-0.01604,0.04419,0.06699,-0.07388,0.1625,2.9228,2.8949,2.76344,2.69741,2.67865
2001-03-13,2.887,2.865,2.89,2.846,15688.11,600068,-0.00624,-0.03177,0.00668,0.07143,-0.06769,0.17659,2.904,2.89581,2.76652,2.69572,2.6804
2001-03-14,2.862,2.8960000000000004,2.8960000000000004,2.846,11970.12,600068,0.01082,-0.01797,-0.00413,0.08424,-0.03787,0.19521,2.8934,2.89524,2.77015,2.69479,2.68233
2001-03-15,2.8960000000000004,2.887,2.915,2.887,10479.63,600068,-0.00311,-0.01468,-0.00414,0.07483,-0.00585,0.18855,2.8848,2.89467,2.77339,2.69465,2.68419
2001-03-16,2.887,2.8680000000000003,2.89,2.855,11463.76,600068,-0.00658,-0.00864,0.00667,0.06026,-0.00451,0.22564,2.8798,2.89557,2.77602,2.69454,2.68633
2001-03-19,2.8680000000000003,2.8710000000000004,2.887,2.8489999999999998,12376.07,600068,0.00105,-0.00416,0.0056,0.07007,0.01377,0.19775,2.8774,2.89633,2.77905,2.69486,2.68826
2001-03-20,2.877,2.8989999999999996,2.908,2.8710000000000004,12795.84,600068,0.00975,0.01187,0.01293,0.10607,0.06895,0.20943,2.8842,2.8981,2.78353,2.69638,2.6903
2001-03-21,2.908,2.9019999999999997,2.912,2.877,19185.04,600068,0.00103,0.00207,0.01291,0.11917,0.1183,0.22966,2.8854,2.89986,2.78852,2.69888,2.6925
2001-03-22,2.908,2.9339999999999997,2.955,2.908,23306.48,600068,0.01103,0.01628,0.03895,0.1289,0.11601,0.26302,2.8948,2.9051,2.79392,2.70136,2.69499
2001-03-23,2.937,2.8930000000000002,2.952,2.8930000000000002,21552.02,600068,-0.01397,0.00872,0.02771,0.12832,0.08841,0.24377,2.8998,2.90881,2.79923,2.70327,2.69729
2001-03-26,2.8960000000000004,2.9210000000000003,2.9339999999999997,2.8930000000000002,15998.57,600068,0.00968,0.01742,0.01742,0.12954,0.10854,0.28452,2.9098,2.91119,2.80463,2.70559,2.69992
2001-03-27,2.9339999999999997,2.984,2.984,2.924,62857.54,600068,0.02157,0.02932,0.01843,0.15257,0.10847,0.29402,2.9268,2.91376,2.811,2.70797,2.70268
2001-03-28,3.002,3.015,3.049,3.002,65191.75,600068,0.01039,0.03894,0.02901,0.17407,0.12249,0.34239,2.9494,2.91781,2.81821,2.71064,2.7058
2001-03-29,3.0180000000000002,2.9960000000000004,3.034,2.987,29097.94,600068,-0.0063,0.02113,0.02779,0.16395,0.13099,0.32391,2.9618,2.92167,2.82502,2.71346,2.70878
2001-03-30,3.002,2.9989999999999997,3.009,2.977,17397.23,600068,0.001,0.03664,0.02007,0.18397,0.13213,0.28437,2.983,2.92448,2.83253,2.71631,2.71148
2001-04-02,3.0180000000000002,3.002,3.037,2.9930000000000003,27866.97,600068,0.001,0.02773,0.02109,0.17495,0.12603,0.28565,2.9992,2.92743,2.83974,2.71904,2.7142
2001-04-03,3.009,2.9739999999999998,3.0180000000000002,2.9589999999999996,22076.7,600068,-0.00933,-0.00335,0.01502,0.14871,0.15004,0.27859,2.9972,2.92952,2.84595,2.7222,2.71683
2001-04-04,2.971,2.908,2.984,2.8960000000000004,27333.83,600068,-0.02219,-0.03549,-0.01724,0.11631,0.15672,0.2322,2.9758,2.9271,2.85084,2.7254,2.71906
2001-04-05,2.8960000000000004,2.9339999999999997,2.94,2.89,15664.11,600068,0.00894,-0.02069,-0.00509,0.13853,0.16382,0.26466,2.9634,2.92638,2.8566,2.72876,2.72155
2001-04-06,2.924,2.915,2.952,2.905,12407.88,600068,-0.00648,-0.02801,-0.00512,0.1338,0.16089,0.19321,2.9466,2.92567,2.86215,2.73204,2.72347
2001-04-09,2.915,2.949,2.955,2.9019999999999997,12580.93,600068,0.01166,-0.01765,0.01936,0.14569,0.17584,0.21258,2.936,2.92833,2.86819,2.73563,2.72557
2001-04-10,2.965,2.93,2.965,2.908,15027.87,600068,-0.00644,-0.01479,0.0163,0.12736,0.16086,0.20477,2.9272,2.93057,2.87353,2.73893,2.7276
2001-04-11,2.9339999999999997,2.9019999999999997,2.94,2.883,31218.07,600068,-0.00956,-0.00206,0.01291,0.10468,0.13983,0.17824,2.926,2.93233,2.87797,2.74182,2.72938
2001-04-12,2.9019999999999997,2.908,2.927,2.8930000000000002,20644.92,600068,0.00207,-0.00886,0.00414,0.08751,0.15949,0.18211,2.9208,2.9329,2.88174,2.74507,2.7312
2001-04-13,2.908,2.908,2.918,2.8989999999999996,13170.06,600068,0.0,-0.0024,0.00727,0.07505,0.15488,0.22442,2.9194,2.9339,2.88502,2.74824,2.73337
2001-04-16,2.908,2.94,2.952,2.8989999999999996,23763.04,600068,0.011,-0.00305,0.0251,0.08168,0.19609,0.23789,2.9176,2.93733,2.8886,2.75216,2.73567
2001-04-17,2.943,2.918,2.946,2.905,17202.35,600068,-0.00748,-0.0041,0.01637,0.08637,0.15886,0.20132,2.9152,2.93957,2.89234,2.75541,2.73765
2001-04-18,2.918,2.8989999999999996,2.9339999999999997,2.8930000000000002,18114.23,600068,-0.00651,-0.00103,0.0,0.0777,0.14449,0.14359,2.9146,2.93957,2.89571,2.75839,2.73913
2001-04-19,2.8960000000000004,2.865,2.8989999999999996,2.846,29489.71,600068,-0.01173,-0.01479,-0.01275,0.03504,0.14371,0.12133,2.906,2.93781,2.89727,2.76132,2.74039
2001-04-20,2.862,2.827,2.865,2.815,35316.77,600068,-0.01326,-0.02785,-0.03647,-0.01738,0.1358,0.12944,2.8898,2.93271,2.89647,2.76407,2.74171
2001-04-23,2.815,2.783,2.815,2.755,28031.81,600068,-0.01556,-0.0534,-0.03802,-0.04001,0.1336,0.12581,2.8584,2.92748,2.8946,2.76673,2.74298
2001-04-24,2.783,2.812,2.815,2.7710000000000004,16533.24,600068,0.01042,-0.03633,-0.03732,-0.028,0.138,0.10059,2.8372,2.92229,2.89329,2.7695,2.74402
2001-04-25,2.815,2.7769999999999997,2.815,2.7769999999999997,14488.39,600068,-0.01245,-0.04208,-0.06937,-0.02834,0.11258,0.07137,2.8128,2.91243,2.89198,2.77179,2.74477
2001-04-26,2.7769999999999997,2.758,2.78,2.758,11856.64,600068,-0.00684,-0.03735,-0.08524,-0.00898,0.10941,0.09531,2.7914,2.90019,2.89158,2.774,2.74575
2001-04-27,2.765,2.7710000000000004,2.7739999999999996,2.758,10802.42,600068,0.00471,-0.01981,-0.0751,-0.0318,0.10486,0.09052,2.7802,2.88948,2.89011,2.77614,2.74668
2001-04-30,2.7710000000000004,2.7739999999999996,2.783,2.752,9723.8,600068,0.00108,-0.00323,-0.07503,-0.02324,0.08827,0.09299,2.7784,2.87876,2.88905,2.77797,2.74764
2001-05-08,2.7769999999999997,2.799,2.799,2.7680000000000002,5855.83,600068,0.00901,-0.00462,-0.06762,-0.01444,0.10501,0.08826,2.7758,2.8691,2.88839,2.78013,2.74857
2001-05-09,2.799,2.783,2.8080000000000003,2.78,6217.62,600068,-0.00572,0.00216,-0.06422,-0.03166,0.09438,0.11053,2.777,2.86,2.88692,2.78208,2.74969
2001-05-11,2.815,2.824,2.8369999999999997,2.787,6212.35,600068,0.01473,0.02393,-0.02889,-0.00563,0.10789,0.0967,2.7902,2.856,2.88666,2.78432,2.7507
2001-05-14,2.83,2.83,2.84,2.805,12110.5,600068,0.00212,0.02129,-0.03545,0.00319,0.08888,0.10763,2.802,2.85105,2.88681,2.7862,2.75182
2001-05-15,2.83,2.827,2.846,2.821,11618.96,600068,-0.00106,0.01911,-0.03019,0.00677,0.07983,0.0894,2.8126,2.84686,2.88711,2.78789,2.75276
2001-05-16,2.83,2.812,2.84,2.8080000000000003,9761.55,600068,-0.00531,0.00464,-0.04646,0.01847,0.09801,0.08613,2.8152,2.84033,2.88794,2.78993,2.75367
2001-05-17,2.815,2.787,2.818,2.78,11822.39,600068,-0.00889,0.00144,-0.04881,-0.02073,0.08149,0.07399,2.816,2.83352,2.88698,2.79164,2.75445
2001-05-18,2.787,2.783,2.79,2.758,12177.79,600068,-0.00144,-0.01452,-0.04101,-0.04298,0.0708,0.0833,2.8078,2.82786,2.88497,2.79314,2.75532
2001-05-21,2.783,2.78,2.79,2.761,13966.85,600068,-0.00108,-0.01767,-0.04402,-0.04105,0.07627,0.10934,2.7978,2.82176,2.88305,2.79474,2.75643
2001-05-22,2.78,2.7680000000000002,2.78,2.761,11489.43,600068,-0.00432,-0.02087,-0.04814,-0.02843,0.07412,0.15046,2.786,2.8151,2.88174,2.79629,2.75791
2001-05-23,2.7680000000000002,2.736,2.7739999999999996,2.727,18633.03,600068,-0.01156,-0.02703,-0.06939,-0.04168,0.05678,0.15492,2.7708,2.80538,2.87982,2.79749,2.7594
2001-05-24,2.736,2.736,2.752,2.721,12285.53,600068,0.0,-0.0183,-0.06237,-0.04403,0.04908,0.16475,2.7606,2.79671,2.87779,2.79853,2.76097
2001-05-25,2.736,2.727,2.752,2.721,8725.17,600068,-0.00329,-0.02012,-0.05933,-0.04817,0.03807,0.17797,2.7494,2.78852,2.87556,2.79934,2.76265
2001-05-28,2.721,2.6860000000000004,2.721,2.677,15300.29,600068,-0.01503,-0.03381,-0.06248,-0.04887,0.01282,0.14055,2.7306,2.78,2.87334,2.79962,2.76399
2001-05-29,2.69,2.705,2.727,2.69,7389.22,600068,0.00707,-0.02276,-0.04316,-0.03908,0.00334,0.1545,2.718,2.77419,2.87156,2.79969,2.76546
2001-05-30,2.708,2.736,2.736,2.708,8197.93,600068,0.01146,0.0,-0.01689,-0.04702,0.00662,0.14669,2.718,2.77195,2.86939,2.79984,2.76689
2001-05-31,2.752,2.7430000000000003,2.7710000000000004,2.733,8009.78,600068,0.00256,0.00256,-0.02454,-0.06382,-0.00109,0.14674,2.7194,2.76867,2.86637,2.79981,2.76831
2001-06-01,2.74,2.727,2.7460000000000004,2.718,9684.65,600068,-0.00583,0.0,-0.01801,-0.06928,-0.00583,0.11854,2.7194,2.76629,2.8631,2.79968,2.76949
2001-06-04,2.7239999999999998,2.718,2.73,2.705,12189.52,600068,-0.0033,0.01191,-0.0145,-0.06758,0.0011,0.10085,2.7258,2.76438,2.85992,2.79971,2.7705
2001-06-05,2.718,2.761,2.7710000000000004,2.708,9936.96,600068,0.01582,0.0207,-0.00361,-0.06088,-0.00253,0.10176,2.737,2.7639,2.85703,2.79965,2.77154
2001-06-06,2.761,2.7460000000000004,2.7680000000000002,2.74,8307.8,600068,-0.00543,0.00365,-0.01009,-0.06599,-0.01116,0.07855,2.739,2.76257,2.8539,2.7994,2.77235
2001-06-07,2.752,2.727,2.758,2.721,8890.11,600068,-0.00692,-0.00583,-0.02572,-0.06928,-0.01481,0.06399,2.7358,2.75914,2.85063,2.79907,2.77302
2001-06-08,2.727,2.73,2.74,2.708,9848.16,600068,0.0011,0.0011,-0.01904,-0.07739,-0.02256,0.06019,2.7364,2.75662,2.84694,2.79855,2.77365
2001-06-11,2.736,2.718,2.752,2.708,7629.3,600068,-0.0044,0.0,-0.03754,-0.07833,0.01532,0.00853,2.7364,2.75157,2.84321,2.79889,2.77374
2001-06-12,2.718,2.7489999999999997,2.752,2.7110000000000003,9297.21,600068,0.01141,-0.00435,-0.02862,-0.06177,0.0354,0.01141,2.734,2.74771,2.84029,2.79965,2.77387
2001-06-13,2.752,2.84,2.843,2.7460000000000004,22772.16,600068,0.0331,0.03423,0.0046,-0.01832,0.05107,0.04604,2.7528,2.74833,2.83944,2.80077,2.77437
2001-06-14,2.912,2.955,3.077,2.912,310771.67,600068,0.04049,0.08361,0.05085,0.02497,0.10509,0.06257,2.7984,2.75514,2.8406,2.80306,2.77508
2001-06-15,2.955,2.908,2.955,2.877,57921.64,600068,-0.01591,0.0652,0.04342,0.01501,0.08873,0.08955,2.834,2.7609,2.84129,2.80498,2.77605
2001-06-18,2.908,2.843,2.908,2.815,31409.0,600068,-0.02235,0.04599,0.02156,-0.0183,0.05845,0.05609,2.859,2.76376,2.84044,2.80626,2.77667
2001-06-19,2.84,2.855,2.8739999999999997,2.815,16027.35,600068,0.00422,0.03856,0.02698,-0.01108,0.05545,0.0649,2.8802,2.76733,2.83992,2.80748,2.77737
2001-06-20,2.855,2.827,2.855,2.815,11105.83,600068,-0.00981,-0.00458,0.02132,-0.0143,0.05367,0.06841,2.8776,2.77014,2.83926,2.80865,2.77811
2001-06-21,2.83,2.877,2.89,2.815,13523.6,600068,0.01769,-0.0264,0.05154,0.00209,0.09767,0.10739,2.862,2.77686,2.83935,2.81073,2.77924
2001-06-22,2.877,2.8930000000000002,2.908,2.855,12959.32,600068,0.00556,-0.00516,0.05738,-0.00207,0.1157,0.10504,2.859,2.78433,2.83926,2.81317,2.78036
2001-06-25,2.8989999999999996,2.905,2.94,2.8989999999999996,15699.87,600068,0.00415,0.02181,0.06527,0.00103,0.11774,0.08842,2.8714,2.79281,2.83931,2.81566,2.78132
2001-06-26,2.905,2.883,2.908,2.8680000000000003,16520.02,600068,-0.00757,0.00981,0.07334,-0.01738,0.12441,0.06541,2.877,2.80219,2.83848,2.81825,2.78204
2001-06-27,2.883,2.905,2.924,2.8710000000000004,11616.26,600068,0.00763,0.02759,0.07394,0.00415,0.12336,0.0688,2.8926,2.81171,2.83868,2.82085,2.7828
2001-06-28,2.905,2.8739999999999997,2.908,2.8710000000000004,9638.76,600068,-0.01067,-0.00104,0.05044,-0.01609,0.11008,0.07199,2.892,2.81829,2.83792,2.82316,2.78359
2001-06-29,2.8739999999999997,2.877,2.912,2.8739999999999997,7175.05,600068,0.00104,-0.00553,0.04885,-0.03586,0.12033,0.07191,2.8888,2.82467,2.83619,2.82567,2.78437
2001-07-02,2.877,2.858,2.8930000000000002,2.852,6824.42,600068,-0.0066,-0.01618,0.04804,-0.05207,0.11033,0.07646,2.8794,2.8309,2.83366,2.82798,2.7852
2001-07-03,2.858,2.88,2.8930000000000002,2.858,5705.04,600068,0.0077,-0.00104,0.0596,-0.03872,0.13699,0.08597,2.8788,2.83862,2.83179,2.8308,2.78612
2001-07-04,2.887,2.8680000000000003,2.89,2.865,4908.92,600068,-0.00417,-0.01274,0.03875,-0.04368,0.1225,0.07901,2.8714,2.84371,2.82968,2.83335,2.78698
2001-07-05,2.8710000000000004,2.824,2.8739999999999997,2.82,11092.5,600068,-0.01534,-0.0174,0.0284,-0.05929,0.09077,0.0502,2.8614,2.84743,2.82681,2.83526,2.78752
2001-07-06,2.8139999999999996,2.8139999999999996,2.8360000000000003,2.805,7265.98,600068,-0.00354,-0.0219,0.0319,-0.0538,0.08023,0.03115,2.8488,2.85157,2.82423,2.83696,2.78787
2001-07-09,2.8139999999999996,2.805,2.824,2.7889999999999997,6340.17,600068,-0.0032,-0.01854,0.02747,-0.03542,0.08847,0.00646,2.8382,2.85514,2.82256,2.83881,2.78794
2001-07-10,2.805,2.82,2.827,2.805,5424.5,600068,0.00535,-0.02083,0.03753,-0.03885,0.09685,0.01003,2.8262,2.86,2.82073,2.84084,2.78806
2001-07-11,2.82,2.839,2.884,2.82,6262.41,600068,0.00674,-0.01011,0.03274,-0.02607,0.10295,0.01357,2.8204,2.86429,2.8195,2.84299,2.78821
2001-07-12,2.8360000000000003,2.824,2.8360000000000003,2.8080000000000003,4259.55,600068,-0.00528,0.0,-0.00563,-0.04239,0.08657,0.02803,2.8204,2.86352,2.81748,2.84482,2.78852
2001-07-13,2.83,2.8169999999999997,2.861,2.8139999999999996,3381.42,600068,-0.00248,0.00107,-0.0467,-0.03857,0.07233,0.03528,2.821,2.85695,2.81566,2.84637,2.78891
2001-07-16,2.839,2.786,2.846,2.782,7514.29,600068,-0.011,-0.00677,-0.04195,-0.03997,0.04188,0.02089,2.8172,2.85114,2.81379,2.84728,2.78915
2001-07-17,2.786,2.763,2.798,2.7510000000000003,6874.46,600068,-0.00826,-0.02021,-0.02814,-0.04986,0.02144,0.01024,2.8058,2.84733,2.81145,2.84775,2.78926
2001-07-18,2.782,2.782,2.782,2.76,4250.95,600068,0.00688,-0.02008,-0.02557,-0.04333,0.02355,0.02242,2.7944,2.84386,2.80942,2.84827,2.78951
2001-07-19,2.786,2.7760000000000002,2.8110000000000004,2.773,4079.48,600068,-0.00216,-0.017,-0.01804,-0.05578,0.03351,-0.00395,2.7848,2.84143,2.80677,2.849,2.78946
2001-07-20,2.782,2.846,2.865,2.779,8230.91,600068,0.02522,0.01029,-0.01078,-0.02467,0.05799,-0.02098,2.7906,2.83995,2.80561,2.85027,2.78922
2001-07-23,2.846,2.827,2.861,2.8139999999999996,3927.69,600068,-0.00668,0.01472,-0.02281,-0.02484,0.02132,-0.02551,2.7988,2.83681,2.80445,2.85075,2.78891
2001-07-24,2.8169999999999997,2.786,2.8169999999999997,2.782,5608.27,600068,-0.0145,0.00832,-0.04096,-0.02757,-0.03163,-0.0498,2.8034,2.83114,2.80318,2.85001,2.78832
2001-07-25,2.782,2.767,2.786,2.76,5378.55,600068,-0.00682,-0.00539,-0.04024,-0.02122,-0.04553,-0.0452,2.8004,2.82562,2.80221,2.84893,2.78779
2001-07-26,2.767,2.748,2.767,2.741,6157.11,600068,-0.00687,-0.01009,-0.05404,-0.01258,-0.05012,-0.07568,2.7948,2.81814,2.80165,2.84776,2.78687
2001-07-27,2.748,2.719,2.7539999999999996,2.716,7624.13,600068,-0.01055,-0.04462,-0.05393,-0.03307,-0.04864,-0.08605,2.7694,2.81076,2.80015,2.84663,2.78583
2001-07-30,2.71,2.5860000000000003,2.71,2.5860000000000003,11207.95,600068,-0.04892,-0.08525,-0.10115,-0.06878,-0.07079,-0.1216,2.7212,2.7969,2.79706,2.84502,2.78438
2001-07-31,2.545,2.548,2.6239999999999997,2.523,9084.81,600068,-0.01469,-0.08543,-0.10847,-0.07614,-0.10971,-0.1268,2.6736,2.78214,2.79368,2.84247,2.78287
2001-08-01,2.5580000000000003,2.6210000000000004,2.6239999999999997,2.5580000000000003,7924.16,600068,0.02865,-0.05276,-0.08993,-0.05413,-0.07711,-0.09308,2.6444,2.76981,2.79126,2.84069,2.78178
2001-08-02,2.6239999999999997,2.5860000000000003,2.634,2.539,6159.04,600068,-0.01335,-0.05895,-0.09833,-0.06777,-0.08944,-0.10519,2.612,2.75638,2.78823,2.83863,2.78054
2001-08-03,2.59,2.609,2.6210000000000004,2.59,3862.99,600068,0.00889,-0.04046,-0.07613,-0.06788,-0.09221,-0.11469,2.59,2.74614,2.78516,2.83647,2.77917
2001-08-06,2.605,2.523,2.605,2.5140000000000002,8081.07,600068,-0.03296,-0.02436,-0.10341,-0.09342,-0.11162,-0.13714,2.5774,2.73229,2.78097,2.83389,2.77754
2001-08-07,2.526,2.5580000000000003,2.5610000000000004,2.517,7178.99,600068,0.01387,0.00392,-0.08806,-0.09419,-0.09323,-0.13959,2.5794,2.72052,2.77668,2.83176,2.77585
2001-08-08,2.5610000000000004,2.548,2.5860000000000003,2.536,3662.43,600068,-0.00391,-0.02785,-0.09645,-0.09965,-0.09259,-0.13097,2.5648,2.70757,2.77213,2.82964,2.77429
2001-08-09,2.5669999999999997,2.58,2.58,2.555,4253.72,600068,0.01256,-0.00232,-0.09123,-0.08737,-0.06556,-0.11157,2.5636,2.69524,2.76815,2.82817,2.77298
2001-08-10,2.583,2.602,2.6180000000000003,2.583,4906.61,600068,0.00853,-0.00268,-0.07861,-0.07468,-0.08573,-0.12977,2.5622,2.68467,2.76476,2.82619,2.7714
2001-08-13,2.577,2.571,2.59,2.526,21302.96,600068,-0.01191,0.01902,-0.08733,-0.0775,-0.11589,-0.1384,2.5718,2.67295,2.76127,2.82345,2.76972
2001-08-14,2.571,2.545,2.58,2.526,7069.37,600068,-0.01011,-0.00508,-0.0865,-0.08552,-0.12211,-0.14883,2.5692,2.66148,2.75744,2.82057,2.76791
2001-08-15,2.539,2.5580000000000003,2.5580000000000003,2.533,3540.91,600068,0.00511,0.00392,-0.07419,-0.07986,-0.10214,-0.13959,2.5712,2.65171,2.75385,2.8182,2.76622
2001-08-16,2.571,2.533,2.571,2.533,3934.2,600068,-0.00977,-0.01822,-0.0895,-0.0849,-0.11278,-0.12595,2.5618,2.63986,2.75006,2.81559,2.76474
2001-08-17,2.526,2.545,2.555,2.52,4637.11,600068,0.00474,-0.02191,-0.08321,-0.06981,-0.11076,-0.1209,2.5504,2.62886,2.74698,2.81301,2.76332
2001-08-20,2.545,2.53,2.545,2.517,3745.56,600068,-0.00589,-0.01595,-0.11103,-0.07529,-0.11693,-0.13118,2.5422,2.61381,2.74366,2.81028,2.76176
2001-08-21,2.53,2.533,2.5610000000000004,2.53,4846.95,600068,0.00119,-0.00472,-0.104,-0.07114,-0.10305,-0.15284,2.5398,2.59981,2.74053,2.80792,2.75991
2001-08-22,2.533,2.469,2.533,2.463,9307.3,600068,-0.02527,-0.03479,-0.11378,-0.08079,-0.12291,-0.17092,2.522,2.58471,2.73703,2.80511,2.75784
2001-08-23,2.46,2.479,2.4819999999999998,2.438,5472.41,600068,0.00405,-0.02132,-0.10408,-0.08355,-0.13654,-0.1786,2.5112,2.571,2.73339,2.80192,2.75565
2001-08-24,2.485,2.454,2.498,2.45,3127.66,600068,-0.01008,-0.03576,-0.10699,-0.10307,-0.16246,-0.19303,2.493,2.557,2.72884,2.79805,2.75326
2001-08-27,2.45,2.356,2.45,2.356,7639.9,600068,-0.03993,-0.06877,-0.1335,-0.14109,-0.1959,-0.20966,2.4582,2.53971,2.7226,2.79338,2.75072
2001-08-28,2.346,2.346,2.356,2.3080000000000003,6280.23,600068,-0.00424,-0.07383,-0.09281,-0.13971,-0.1952,-0.2077,2.4208,2.52829,2.71645,2.78876,2.74822
2001-08-29,2.349,2.359,2.381,2.34,3929.14,600068,0.00554,-0.04455,-0.07418,-0.13208,-0.19762,-0.22503,2.3988,2.51929,2.71066,2.78403,2.74543
2001-08-30,2.356,2.34,2.356,2.333,3132.8,600068,-0.00805,-0.05607,-0.10721,-0.15248,-0.20408,-0.23404,2.371,2.5059,2.70387,2.77915,2.74253
2001-08-31,2.3369999999999997,2.34,2.371,2.333,2895.9,600068,0.0,-0.04645,-0.09513,-0.14785,-0.20137,-0.26852,2.3482,2.49419,2.69732,2.77436,2.73904
2001-09-03,2.34,2.34,2.356,2.333,2758.68,600068,0.0,-0.00679,-0.1031,-0.14191,-0.20919,-0.24272,2.345,2.48138,2.69108,2.76933,2.73599
2001-09-04,2.346,2.397,2.403,2.346,3664.78,600068,0.02436,0.02174,-0.04994,-0.12198,-0.18718,-0.22074,2.3552,2.47538,2.68571,2.76484,2.73323
2001-09-05,2.403,2.39,2.4219999999999997,2.387,3940.86,600068,-0.00292,0.01314,-0.06568,-0.12068,-0.1843,-0.21921,2.3614,2.46738,2.68042,2.76045,2.7305
2001-09-06,2.397,2.378,2.403,2.378,2234.0,600068,-0.00502,0.01624,-0.06672,-0.13496,-0.17802,-0.22033,2.369,2.45929,2.67444,2.75626,2.72777
2001-09-07,2.387,2.314,2.387,2.314,4018.35,600068,-0.02691,-0.01111,-0.1031,-0.18521,-0.19736,-0.25667,2.3638,2.44662,2.66595,2.75163,2.72452
2001-09-10,2.302,2.3369999999999997,2.356,2.261,4110.46,600068,0.00994,-0.00128,-0.10184,-0.20914,-0.18429,-0.23951,2.3632,2.434,2.65598,2.74734,2.72153
2001-09-11,2.34,2.343,2.356,2.333,3964.31,600068,0.00257,-0.02253,-0.08868,-0.19429,-0.19095,-0.22159,2.3524,2.42314,2.64687,2.74285,2.71882
2001-09-12,2.311,2.296,2.311,2.153,6074.89,600068,-0.02006,-0.03933,-0.09784,-0.1924,-0.20471,-0.20937,2.3336,2.41129,2.63805,2.73804,2.71635
2001-09-13,2.283,2.3080000000000003,2.324,2.283,2941.06,600068,0.00523,-0.02944,-0.09773,-0.19159,-0.19526,-0.19889,2.3196,2.39938,2.62923,2.73349,2.71402
2001-09-14,2.302,2.267,2.311,2.261,4588.75,600068,-0.01776,-0.02031,-0.10501,-0.19809,-0.21038,-0.19951,2.3102,2.38671,2.62019,2.72858,2.71172
2001-09-17,2.245,2.207,2.245,2.204,7250.56,600068,-0.02647,-0.05563,-0.13281,-0.23288,-0.2387,-0.18621,2.2842,2.37062,2.60939,2.72295,2.70967
2001-09-18,2.201,2.2159999999999997,2.2640000000000002,2.198,2969.0,600068,0.00408,-0.0542,-0.12411,-0.23401,-0.23639,-0.14605,2.2588,2.35567,2.59847,2.71737,2.70813
2001-09-19,2.229,2.254,2.258,2.213,2972.52,600068,0.01715,-0.01829,-0.11015,-0.2241,-0.23177,-0.14264,2.2504,2.34238,2.58797,2.71185,2.7066
2001-09-20,2.258,2.261,2.292,2.258,2975.87,600068,0.00311,-0.02036,-0.08424,-0.21575,-0.21846,-0.14936,2.241,2.33248,2.57794,2.70671,2.70499
2001-09-21,2.267,2.245,2.27,2.239,1969.1,600068,-0.00708,-0.0097,-0.09439,-0.22719,-0.23143,-0.14801,2.2366,2.32133,2.56729,2.70121,2.7034
2001-09-24,2.239,2.2319999999999998,2.245,2.2230000000000003,1887.07,600068,-0.00579,0.01133,-0.09046,-0.22338,-0.25201,-0.17088,2.2416,2.31076,2.55694,2.6951,2.70153
2001-09-25,2.2319999999999998,2.239,2.251,2.2319999999999998,2038.71,600068,0.00314,0.01038,-0.04966,-0.22176,-0.25738,-0.16642,2.2462,2.30519,2.54665,2.68879,2.69972
2001-09-26,2.239,2.2159999999999997,2.245,2.207,3344.43,600068,-0.01027,-0.01686,-0.05541,-0.22463,-0.26035,-0.16346,2.2386,2.299,2.53629,2.68245,2.69796
2001-09-27,2.2159999999999997,2.22,2.2319999999999998,2.207,3012.12,600068,0.00181,-0.01813,-0.05892,-0.22917,-0.25975,-0.16195,2.2304,2.29238,2.52565,2.67611,2.69621
2001-09-28,2.245,2.28,2.311,2.245,8943.06,600068,0.02703,0.01559,-0.02564,-0.20502,-0.24051,-0.14479,2.2374,2.28952,2.51616,2.67024,2.69464
2001-10-08,2.28,2.229,2.302,2.22,3083.1,600068,-0.02237,-0.00134,-0.04744,-0.21069,-0.2505,-0.13805,2.2368,2.28424,2.50656,2.66419,2.69319
2001-10-09,2.213,2.251,2.261,2.213,2121.9,600068,0.00987,0.00536,-0.03803,-0.20007,-0.22593,-0.10461,2.2392,2.28,2.49748,2.65885,2.69212
2001-10-10,2.251,2.204,2.2769999999999997,2.198,4812.47,600068,-0.02088,-0.00542,-0.08052,-0.21426,-0.24881,-0.12574,2.2368,2.27081,2.48779,2.65291,2.69083
2001-10-11,2.185,2.169,2.226,2.156,5601.44,600068,-0.01588,-0.02297,-0.09247,-0.23085,-0.25592,-0.1362,2.2266,2.26029,2.47729,2.64685,2.68944
2001-10-12,2.169,2.27,2.302,2.134,10592.01,600068,0.04657,-0.00439,-0.04542,-0.20042,-0.23025,-0.0949,2.2246,2.25514,2.46811,2.64133,2.68848
2001-10-15,2.283,2.299,2.3080000000000003,2.239,7932.44,600068,0.01278,0.0314,-0.00648,-0.18591,-0.21536,-0.08914,2.2386,2.25443,2.45965,2.6362,2.68756
2001-10-16,2.305,2.2769999999999997,2.314,2.261,3867.62,600068,-0.00957,0.01155,-0.02567,-0.19169,-0.21537,-0.10566,2.2438,2.25157,2.45094,2.63111,2.68647
2001-10-17,2.27,2.324,2.333,2.248,8220.35,600068,0.02064,0.05445,-0.00811,-0.16583,-0.20083,-0.07337,2.2678,2.25067,2.44348,2.62637,2.68572
2001-10-18,2.3080000000000003,2.299,2.34,2.289,7726.83,600068,-0.01076,0.05994,0.00131,-0.16793,-0.20942,-0.08697,2.2938,2.25081,2.436,2.62141,2.68483
2001-10-19,2.292,2.267,2.3080000000000003,2.2159999999999997,9964.92,600068,-0.01392,-0.00132,-0.01776,-0.18512,-0.22891,-0.07771,2.2932,2.24886,2.42769,2.61594,2.68405
2001-10-22,2.245,2.2230000000000003,2.292,2.2159999999999997,6366.78,600068,-0.01941,-0.03306,-0.01941,-0.19921,-0.23818,-0.11716,2.278,2.24676,2.41877,2.61029,2.68285
2001-10-23,2.371,2.444,2.444,2.318,32265.71,600068,0.09942,0.07334,0.10739,-0.14125,-0.15695,-0.03514,2.3114,2.25805,2.41229,2.60659,2.68249
2001-10-24,2.523,2.435,2.523,2.387,35959.9,600068,-0.00368,0.04776,0.09883,-0.13866,-0.15009,-0.02794,2.3336,2.26848,2.40597,2.6031,2.68221
2001-10-25,2.4219999999999997,2.356,2.4219999999999997,2.349,12611.9,600068,-0.03244,0.02479,0.04525,-0.15434,-0.16661,-0.05344,2.345,2.27333,2.39903,2.59927,2.68167
2001-10-26,2.356,2.416,2.435,2.352,13758.74,600068,0.02547,0.06573,0.06855,-0.12685,-0.13187,-0.01589,2.3748,2.28071,2.39337,2.59628,2.68151
2001-10-29,2.416,2.488,2.492,2.416,16009.37,600068,0.0298,0.11921,0.10824,-0.09461,-0.11522,0.00688,2.4278,2.29229,2.38918,2.59365,2.68158
2001-10-30,2.488,2.441,2.495,2.438,6378.6,600068,-0.01889,-0.00123,0.09364,-0.10224,-0.12099,-0.02204,2.4272,2.30224,2.38469,2.59092,2.68135
2001-10-31,2.428,2.45,2.46,2.397,4406.94,600068,0.00369,0.00616,0.09424,-0.05259,-0.11168,-0.01448,2.4302,2.31229,2.3825,2.58841,2.68121
2001-11-01,2.4659999999999997,2.469,2.495,2.444,9648.55,600068,0.00776,0.04796,0.11417,-0.031,-0.10899,-0.01555,2.4528,2.32433,2.38123,2.58596,2.68105
2001-11-02,2.46,2.428,2.46,2.419,5154.5,600068,-0.01661,0.00497,0.09369,-0.07364,-0.12473,-0.04747,2.4552,2.33424,2.37811,2.58315,2.68056
2001-11-05,2.428,2.397,2.431,2.375,3746.83,600068,-0.01277,-0.03658,0.05132,-0.07309,-0.14362,-0.05369,2.437,2.33981,2.37506,2.57988,2.68
2001-11-06,2.403,2.387,2.4130000000000003,2.387,3615.31,600068,-0.00417,-0.02212,0.07088,-0.08509,-0.14229,-0.06134,2.4262,2.34733,2.37148,2.57666,2.67937
2001-11-07,2.387,2.2640000000000002,2.39,2.261,9760.26,600068,-0.05153,-0.07592,0.00578,-0.10266,-0.1983,-0.11181,2.389,2.34795,2.36731,2.57211,2.67821
2001-11-08,2.2230000000000003,2.283,2.292,2.2159999999999997,6502.33,600068,0.00839,-0.07533,0.03584,-0.10751,-0.19329,-0.12159,2.3518,2.35171,2.36287,2.56766,2.67693
2001-11-09,2.273,2.305,2.3080000000000003,2.254,4376.88,600068,0.00964,-0.05066,0.0627,-0.09537,-0.18465,-0.11956,2.3272,2.35819,2.35895,2.56341,2.67565
2001-11-13,2.2769999999999997,2.28,2.3080000000000003,2.242,4099.42,600068,-0.01085,-0.04881,0.00441,-0.11628,-0.18919,-0.10972,2.3038,2.35867,2.35411,2.55909,2.67451
2001-11-14,2.28,2.2769999999999997,2.314,2.2640000000000002,2793.5,600068,-0.00132,-0.04608,-0.00957,-0.1249,-0.18299,-0.11641,2.2818,2.35762,2.34887,2.55494,2.67329
2001-11-15,2.292,2.28,2.292,2.2640000000000002,1917.55,600068,0.00132,0.00707,0.00132,-0.11319,-0.18074,-0.12274,2.285,2.35776,2.34418,2.55085,2.672
2001-11-16,2.431,2.311,2.46,2.305,11810.22,600068,0.0136,0.01226,-0.00559,-0.09194,-0.16871,-0.1053,2.2906,2.35714,2.3404,2.54704,2.67089
2001-11-19,2.311,2.324,2.324,2.289,4848.9,600068,0.00563,0.00824,0.01087,-0.09148,-0.1604,-0.09818,2.2944,2.35833,2.33663,2.54343,2.66986
2001-11-20,2.33,2.381,2.384,2.33,9312.46,600068,0.02453,0.0443,0.05029,-0.06001,-0.12975,-0.08034,2.3146,2.36376,2.33418,2.54054,2.66902
2001-11-21,2.381,2.375,2.397,2.346,5306.66,600068,-0.00252,0.04304,0.06838,-0.0668,-0.13194,-0.08934,2.3342,2.371,2.33144,2.53761,2.66807
2001-11-22,2.371,2.39,2.39,2.356,7443.07,600068,0.00632,0.04825,-0.02209,-0.05534,-0.12358,-0.09022,2.3562,2.36843,2.32918,2.53487,2.66711
2001-11-23,2.403,2.375,2.403,2.3680000000000003,5951.16,600068,-0.00628,0.02769,-0.02464,-0.06238,-0.11579,-0.10445,2.369,2.36557,2.32663,2.53234,2.66598
2001-11-26,2.359,2.356,2.3680000000000003,2.346,3184.48,600068,-0.008,0.01377,0.0,-0.04577,-0.12902,-0.12611,2.3754,2.36557,2.32481,2.5295,2.6646
2001-11-27,2.375,2.4130000000000003,2.428,2.356,3959.84,600068,0.02419,0.01344,-0.00124,-0.02662,-0.11806,-0.11221,2.3818,2.36543,2.32374,2.52688,2.66336
2001-11-28,2.419,2.435,2.45,2.397,15751.34,600068,0.00912,0.02526,-0.0213,-0.00774,-0.11229,-0.11326,2.3938,2.3629,2.32344,2.52437,2.66209
2001-11-29,2.431,2.406,2.447,2.403,6201.49,600068,-0.01191,0.00669,-0.01434,0.02122,-0.11771,-0.12286,2.397,2.36124,2.32424,2.52176,2.66072
2001-11-30,2.403,2.438,2.441,2.381,9389.63,600068,0.0133,0.02653,-0.0049,0.03922,-0.10302,-0.10203,2.4096,2.36067,2.32573,2.51949,2.6596
2001-12-03,2.435,2.447,2.454,2.416,12456.23,600068,0.00369,0.03862,-0.00891,0.0373,-0.11373,-0.11597,2.4278,2.35962,2.32715,2.51693,2.65829
2001-12-04,2.476,2.476,2.479,2.431,14350.66,600068,0.01185,0.02611,0.01977,0.05812,-0.09832,-0.10839,2.4404,2.3619,2.32934,2.51474,2.65707
2001-12-05,2.4819999999999998,2.4219999999999997,2.488,2.419,32037.66,600068,-0.02181,-0.00534,0.01043,0.03504,-0.11184,-0.125,2.4378,2.3631,2.33066,2.51226,2.65566
2001-12-06,2.4130000000000003,2.425,2.438,2.39,7023.64,600068,0.00124,0.0079,0.01592,0.03632,-0.11172,-0.13176,2.4416,2.3649,2.33203,2.50978,2.65417
2001-12-07,2.428,2.403,2.435,2.397,5278.17,600068,-0.00907,-0.01436,0.0614,0.0025,-0.11589,-0.10235,2.4346,2.37152,2.33213,2.50722,2.65305
2001-12-10,2.403,2.416,2.428,2.356,5707.38,600068,0.00541,-0.01267,0.05826,0.01088,-0.12113,-0.09002,2.4284,2.37786,2.33255,2.50451,2.65208
2001-12-11,2.406,2.371,2.406,2.3680000000000003,3831.68,600068,-0.01863,-0.04241,0.02863,-0.00294,-0.16514,-0.1225,2.4074,2.381,2.33244,2.5007,2.65074
2001-12-12,2.371,2.359,2.384,2.356,4591.62,600068,-0.00506,-0.02601,0.03465,0.01945,-0.20169,-0.1178,2.3948,2.38476,2.33316,2.49585,2.64946
2001-12-13,2.349,2.302,2.371,2.302,6591.77,600068,-0.02416,-0.05072,0.01098,-0.01498,-0.20839,-0.13815,2.3702,2.38595,2.3326,2.49093,2.64796
2001-12-14,2.302,2.292,2.3209999999999997,2.289,5728.88,600068,-0.00434,-0.04619,0.00526,-0.02177,-0.19381,-0.14669,2.348,2.38652,2.33177,2.48645,2.64635
2001-12-17,2.289,2.292,2.302,2.283,3591.01,600068,0.0,-0.05132,-0.00822,-0.00174,-0.1972,-0.15268,2.3232,2.38562,2.33171,2.48187,2.64467
2001-12-18,2.302,2.33,2.33,2.299,2865.59,600068,0.01658,-0.01729,0.00258,0.00953,-0.1758,-0.13157,2.315,2.3859,2.33206,2.47783,2.64324
2001-12-19,2.333,2.296,2.333,2.296,2978.46,600068,-0.01459,-0.02671,-0.0357,0.01279,-0.20195,-0.124,2.3024,2.38186,2.33253,2.47311,2.64192
2001-12-20,2.292,2.254,2.302,2.239,7730.97,600068,-0.01829,-0.02085,-0.05095,0.0213,-0.22088,-0.13074,2.2928,2.3761,2.33329,2.46791,2.64054
2001-12-21,2.245,2.2640000000000002,2.283,2.242,2749.98,600068,0.00444,-0.01222,-0.05272,0.02166,-0.22065,-0.1289,2.2872,2.3701,2.33406,2.4627,2.63918
2001-12-24,2.248,2.2319999999999998,2.267,2.2319999999999998,3386.39,600068,-0.01413,-0.02618,-0.06021,-0.00976,-0.22581,-0.12949,2.2752,2.36329,2.33371,2.45741,2.63783
2001-12-25,2.229,2.2319999999999998,2.245,2.2159999999999997,3601.61,600068,0.0,-0.04206,-0.05263,-0.01283,-0.23167,-0.13689,2.2556,2.35738,2.33324,2.45193,2.63639
2001-12-26,2.2319999999999998,2.261,2.261,2.2319999999999998,2301.67,600068,0.01299,-0.01524,-0.06299,0.00713,-0.21329,-0.12669,2.2486,2.35014,2.3335,2.44695,2.63506
2001-12-27,2.267,2.251,2.2769999999999997,2.248,2201.12,600068,-0.00442,-0.00133,-0.07556,0.00851,-0.21759,-0.12344,2.248,2.34138,2.33381,2.44186,2.63377
2001-12-28,2.251,2.258,2.2769999999999997,2.245,2842.77,600068,0.00311,-0.00265,-0.06151,0.00849,-0.20994,-0.12277,2.2468,2.33433,2.33411,2.43698,2.63248
2002-01-04,2.289,2.258,2.296,2.254,3273.7,600068,0.0,0.01165,-0.07383,0.01895,-0.21597,-0.10857,2.252,2.32576,2.33479,2.43193,2.63137
2002-01-07,2.254,2.239,2.258,2.226,3033.49,600068,-0.00841,0.00314,-0.085,0.00856,-0.21932,-0.12368,2.2534,2.31586,2.3351,2.42681,2.63008
2002-01-08,2.239,2.21,2.248,2.207,3480.56,600068,-0.01295,-0.02256,-0.10743,-0.0307,-0.21742,-0.14639,2.2432,2.30319,2.33397,2.42182,2.62854
2002-01-09,2.213,2.15,2.213,2.144,7569.58,600068,-0.02715,-0.04487,-0.1123,-0.03544,-0.23596,-0.17466,2.223,2.29024,2.33269,2.41642,2.62669
2002-01-10,2.15,2.166,2.175,2.084,11004.5,600068,0.00744,-0.04074,-0.1068,-0.03776,-0.22781,-0.15949,2.2046,2.2779,2.33132,2.41123,2.62502
2002-01-11,2.166,2.115,2.166,2.109,4315.66,600068,-0.02355,-0.06333,-0.11985,-0.04038,-0.25,-0.17736,2.176,2.26419,2.32989,2.4055,2.62317
2002-01-14,2.103,2.0140000000000002,2.103,2.0140000000000002,9830.5,600068,-0.04775,-0.10049,-0.16639,-0.07146,-0.2906,-0.21756,2.131,2.24505,2.32739,2.39879,2.62089
2002-01-15,1.992,1.995,2.0269999999999997,1.986,5175.92,600068,-0.00943,-0.09729,-0.15858,-0.12115,-0.29356,-0.2324,2.088,2.22714,2.32295,2.39205,2.61843
2002-01-16,2.001,2.017,2.039,1.986,5018.27,600068,0.01103,-0.06186,-0.14498,-0.12266,-0.28399,-0.2322,2.0614,2.21086,2.3184,2.38554,2.61596
2002-01-17,2.017,1.875,2.017,1.8530000000000002,8122.97,600068,-0.0704,-0.13435,-0.18549,-0.17655,-0.32699,-0.2988,2.0032,2.19052,2.31192,2.37814,2.61271
2002-01-18,1.8659999999999999,1.859,1.91,1.8019999999999998,9226.95,600068,-0.00853,-0.12104,-0.18892,-0.20009,-0.32718,-0.31275,1.952,2.1699,2.30442,2.37079,2.60927
2002-01-21,1.8659999999999999,1.771,1.8659999999999999,1.764,7680.52,600068,-0.04734,-0.12066,-0.22731,-0.22967,-0.36341,-0.34842,1.9034,2.1451,2.2959,2.36257,2.60542
2002-01-22,1.771,1.764,1.8090000000000002,1.749,5995.63,600068,-0.00395,-0.11579,-0.24292,-0.22188,-0.36455,-0.34326,1.8572,2.11814,2.28779,2.35434,2.60167
2002-01-23,1.764,1.8719999999999999,1.8780000000000001,1.749,8312.44,600068,0.06122,-0.07189,-0.18467,-0.15789,-0.34223,-0.30409,1.8282,2.09795,2.28213,2.34642,2.59835
2002-01-24,1.8659999999999999,1.8969999999999998,1.926,1.828,13712.59,600068,0.01335,0.01173,-0.15839,-0.22381,-0.32897,-0.31467,1.8326,2.08095,2.27331,2.33886,2.5948
2002-01-25,1.891,1.8969999999999998,1.916,1.869,6792.78,600068,0.0,0.02044,-0.1621,-0.22094,-0.3191,-0.34063,1.8402,2.06348,2.26463,2.33163,2.59082
2002-01-28,1.8940000000000001,1.774,1.8969999999999998,1.764,9663.18,600068,-0.06484,0.00169,-0.2052,-0.24703,-0.35887,-0.38806,1.8408,2.04167,2.25524,2.32356,2.58625
2002-01-29,1.771,1.818,1.834,1.755,5822.38,600068,0.0248,0.03061,-0.18548,-0.24752,-0.33843,-0.37159,1.8516,2.02195,2.2456,2.316,2.58188
2002-01-30,1.818,1.834,1.8530000000000002,1.7930000000000001,4852.48,600068,0.0088,-0.0203,-0.18885,-0.26286,-0.32549,-0.35829,1.844,2.00162,2.23505,2.3088,2.57772
2002-01-31,1.834,1.976,2.017,1.834,29850.67,600068,0.07743,0.04164,-0.12217,-0.1905,-0.23589,-0.28997,1.8598,1.98852,2.22755,2.30385,2.57443
2002-02-01,1.979,1.9409999999999998,1.986,1.9409999999999998,11920.99,600068,-0.01771,0.02319,-0.14039,-0.20776,-0.23823,-0.3218,1.8686,1.97343,2.21934,2.29891,2.57069
2002-02-04,1.9409999999999998,1.983,1.989,1.922,7367.35,600068,0.02164,0.11781,-0.12179,-0.19684,-0.24342,-0.30176,1.9104,1.96033,2.2115,2.29372,2.56721
2002-02-05,1.986,1.995,2.008,1.954,9578.97,600068,0.00605,0.09736,-0.10898,-0.17834,-0.22854,-0.29754,1.9458,1.94871,2.20452,2.28892,2.56377
2002-02-06,2.008,1.9480000000000002,2.011,1.9480000000000002,7199.49,600068,-0.02356,0.06216,-0.11855,-0.18732,-0.25335,-0.3222,1.9686,1.93624,2.19727,2.28354,2.56001
2002-02-07,1.9480000000000002,1.992,1.9980000000000002,1.935,7627.96,600068,0.02259,0.0081,-0.07349,-0.16548,-0.21046,-0.29859,1.9718,1.92871,2.1909,2.27923,2.55656
2002-02-08,1.9980000000000002,1.976,2.008,1.973,5954.15,600068,-0.00803,0.01803,-0.08772,-0.12721,-0.22752,-0.29954,1.9788,1.91967,2.18626,2.2745,2.55313
2002-02-25,2.024,1.9980000000000002,2.039,1.986,9442.53,600068,0.01113,0.00756,-0.05532,-0.12484,-0.21586,-0.28846,1.9818,1.9141,2.18166,2.27002,2.54983
2002-02-26,1.9980000000000002,1.992,2.001,1.96,3188.18,600068,-0.003,-0.0015,-0.01092,-0.13579,-0.22791,-0.27852,1.9812,1.91305,2.17661,2.26524,2.54671
2002-02-27,1.992,1.995,2.008,1.976,5295.02,600068,0.00151,0.02413,0.0,-0.125,-0.23328,-0.29902,1.9906,1.91305,2.17202,2.26031,2.54325
2002-02-28,1.989,1.986,2.011,1.983,5104.66,600068,-0.00451,-0.00301,-0.01537,-0.1278,-0.22754,-0.31706,1.9894,1.91157,2.16732,2.25555,2.5395
2002-03-01,1.96,1.9480000000000002,1.976,1.9380000000000002,5421.36,600068,-0.01913,-0.01417,0.03893,-0.14561,-0.23458,-0.32804,1.9838,1.91505,2.16197,2.2507,2.53563
2002-03-04,1.9409999999999998,1.9669999999999999,1.9669999999999999,1.929,4018.86,600068,0.00975,-0.01552,0.0581,-0.14885,-0.23104,-0.30958,1.9776,1.92019,2.15642,2.24589,2.53205
2002-03-05,1.9669999999999999,2.005,2.017,1.9669999999999999,10016.5,600068,0.01932,0.00653,0.13213,-0.13726,-0.20845,-0.29772,1.9802,1.93133,2.15127,2.2416,2.52859
2002-03-06,2.011,2.0269999999999997,2.0709999999999997,2.001,18508.06,600068,0.01097,0.01604,0.14909,-0.14868,-0.20354,-0.29175,1.9866,1.94386,2.14556,2.23739,2.5252
2002-03-07,2.0269999999999997,2.099,2.109,2.024,18453.21,600068,0.03552,0.0569,0.12126,-0.11621,-0.17036,-0.26736,2.0092,1.95467,2.14111,2.23389,2.52209
2002-03-08,2.112,2.1790000000000003,2.182,2.0869999999999997,31989.71,600068,0.03811,0.11858,0.14866,-0.08828,-0.13976,-0.2284,2.0554,1.9681,2.13771,2.23101,2.51946
2002-03-11,2.1180000000000003,2.207,2.21,2.1180000000000003,24649.05,600068,0.01285,0.12201,0.16342,-0.07074,-0.10612,-0.21599,2.1034,1.98286,2.135,2.22888,2.51699
2002-03-12,2.207,2.144,2.207,2.137,22094.2,600068,-0.02855,0.06933,0.20857,-0.08998,-0.13514,-0.25322,2.1312,2.00048,2.13158,2.22615,2.51404
2002-03-13,2.134,2.093,2.15,2.09,13381.54,600068,-0.02379,0.03256,0.15127,-0.13262,-0.14711,-0.28567,2.1444,2.01357,2.12642,2.22322,2.51063
2002-03-14,2.09,2.1790000000000003,2.182,2.0869999999999997,16751.0,600068,0.04109,0.03811,0.18811,-0.10513,-0.07513,-0.25631,2.1604,2.03,2.12229,2.22178,2.50758
2002-03-15,2.188,2.106,2.207,2.103,13373.56,600068,-0.0335,-0.0335,0.06579,-0.12469,-0.1023,-0.27753,2.1458,2.03619,2.11745,2.21983,2.50429
2002-03-18,2.1180000000000003,2.125,2.1790000000000003,2.103,8071.89,600068,0.00902,-0.03715,0.0948,-0.12838,-0.09919,-0.27721,2.1294,2.04495,2.1124,2.21793,2.50098
2002-03-19,2.15,2.16,2.169,2.103,9977.1,600068,0.01647,0.00746,0.08926,-0.11729,-0.07692,-0.26531,2.1326,2.05338,2.10777,2.21646,2.49781
2002-03-20,2.1719999999999997,2.169,2.188,2.147,11959.35,600068,0.00417,0.03631,0.08722,-0.12399,-0.07308,-0.25973,2.1478,2.06167,2.10282,2.21507,2.49472
2002-03-21,2.175,2.201,2.213,2.175,22045.43,600068,0.01475,0.0101,0.12988,-0.09125,-0.0594,-0.25617,2.1522,2.07371,2.09926,2.21394,2.49163
2002-03-22,2.207,2.15,2.207,2.147,11406.72,600068,-0.02317,0.02089,0.07932,-0.1134,-0.10305,-0.27094,2.161,2.08124,2.09482,2.21193,2.48839
2002-03-25,2.15,2.1719999999999997,2.182,2.15,4969.25,600068,0.01023,0.02212,0.09919,-0.09613,-0.09121,-0.2587,2.1704,2.09057,2.0911,2.21016,2.4853
2002-03-26,2.166,2.125,2.175,2.112,6765.53,600068,-0.02164,-0.0162,0.06356,-0.12045,-0.10639,-0.26547,2.1634,2.09662,2.0864,2.20811,2.48218
2002-03-27,2.125,2.1180000000000003,2.125,2.0869999999999997,6590.02,600068,-0.00329,-0.02351,0.06325,-0.10671,-0.0847,-0.26535,2.1532,2.10262,2.08232,2.20651,2.47907
2002-03-28,2.112,2.191,2.248,2.096,25737.59,600068,0.03447,-0.00454,0.09825,-0.07122,-0.06247,-0.23525,2.1512,2.11195,2.07961,2.20533,2.47633
2002-03-29,2.1790000000000003,2.125,2.204,2.106,18257.01,600068,-0.03012,-0.01163,0.06999,-0.07689,-0.09304,-0.26623,2.1462,2.11857,2.07676,2.20355,2.4732
2002-04-01,2.115,2.21,2.213,2.103,13775.82,600068,0.04,0.0175,0.1345,-0.03578,-0.03746,-0.2345,2.1538,2.13105,2.07544,2.20285,2.47045
2002-04-02,2.201,2.1719999999999997,2.207,2.153,15036.34,600068,-0.01719,0.02212,0.10422,-0.05236,-0.05893,-0.24268,2.1632,2.14081,2.0735,2.20175,2.46762
2002-04-03,2.273,2.242,2.324,2.229,80488.9,600068,0.03223,0.05855,0.1182,-0.03777,-0.01103,-0.21909,2.188,2.1521,2.07208,2.20154,2.46506
2002-04-04,2.213,2.2640000000000002,2.273,2.175,29397.69,600068,0.00981,0.03332,0.11692,-0.01394,0.02583,-0.21904,2.2026,2.16338,2.07156,2.20201,2.46248
2002-04-05,2.283,2.251,2.286,2.239,19944.27,600068,-0.00574,0.05929,0.07242,-0.00133,0.01579,-0.22433,2.2278,2.17062,2.07152,2.20229,2.45983
2002-04-08,2.245,2.22,2.251,2.201,12309.94,600068,-0.01377,0.00452,0.01882,-0.01943,-0.01508,-0.24335,2.2298,2.17257,2.07081,2.20202,2.45693
2002-04-09,2.2230000000000003,2.245,2.261,2.191,12615.18,600068,0.01126,0.03361,0.01722,0.00582,-0.00708,-0.22399,2.2444,2.17438,2.07102,2.20189,2.4543
2002-04-10,2.245,2.261,2.2640000000000002,2.229,14094.3,600068,0.00713,0.00847,0.05457,0.01299,0.00713,-0.22595,2.2482,2.17995,2.07148,2.20202,2.45161
2002-04-11,2.273,2.2230000000000003,2.2769999999999997,2.22,12547.5,600068,-0.01681,-0.01811,0.06211,-0.01681,-0.00403,-0.25503,2.24,2.18614,2.07087,2.20194,2.44852
2002-04-12,2.2230000000000003,2.242,2.289,2.213,9599.92,600068,0.00855,-0.004,0.02891,-0.004,0.00134,-0.25638,2.2382,2.18914,2.07073,2.20197,2.44538
2002-04-15,2.245,2.242,2.2769999999999997,2.213,8181.98,600068,0.0,0.00991,0.06458,-0.00709,0.01173,-0.25167,2.2426,2.19562,2.07047,2.20218,2.44231
2002-04-16,2.245,2.198,2.251,2.182,7990.04,600068,-0.01963,-0.02094,0.03435,-0.02657,-0.00991,-0.26709,2.2332,2.1991,2.0695,2.202,2.43906
2002-04-17,2.198,2.204,2.226,2.182,5894.37,600068,0.00273,-0.02521,0.02037,-0.01563,-0.03333,-0.26582,2.2218,2.20119,2.06894,2.20138,2.43581
2002-04-18,2.204,2.15,2.213,2.144,8518.55,600068,-0.0245,-0.03284,-0.00876,-0.02715,-0.03544,-0.27707,2.2072,2.20029,2.06797,2.20074,2.43246
2002-04-19,2.131,2.166,2.166,2.115,10033.46,600068,0.00744,-0.0339,-0.0159,0.00744,-0.03776,-0.25516,2.192,2.19862,2.06823,2.20005,2.42945
2002-04-22,2.134,2.137,2.166,2.125,4328.67,600068,-0.01339,-0.04683,-0.00605,-0.01339,-0.0304,-0.27164,2.171,2.198,2.06776,2.1995,2.42621
2002-04-23,2.147,2.147,2.166,2.122,2966.91,600068,0.00468,-0.0232,-0.01151,0.01513,-0.01014,-0.26346,2.1608,2.19681,2.06827,2.19933,2.42309
2002-04-24,2.147,2.1180000000000003,2.147,2.1180000000000003,4875.07,600068,-0.01351,-0.03902,-0.00329,0.05164,-0.06696,-0.28179,2.1436,2.19648,2.06995,2.19809,2.41971
2002-04-25,2.1180000000000003,2.125,2.141,2.112,3216.39,600068,0.00331,-0.01163,0.00331,0.06516,-0.07569,-0.27474,2.1386,2.19681,2.07205,2.19667,2.41643
2002-04-26,2.134,2.169,2.1719999999999997,2.125,5012.74,600068,0.02071,0.00139,-0.01004,0.07536,-0.04743,-0.25258,2.1392,2.19576,2.0745,2.1958,2.41346
2002-04-29,2.169,2.182,2.198,2.156,6257.29,600068,0.00599,0.02106,0.02682,0.16373,-0.0611,-0.24966,2.1482,2.19848,2.07945,2.19464,2.4105
2002-04-30,2.191,2.182,2.198,2.15,5508.35,600068,0.0,0.0163,-0.01267,0.17375,-0.05089,-0.24966,2.1552,2.19714,2.08466,2.19369,2.40755
2002-05-08,2.166,2.153,2.182,2.15,3336.1,600068,-0.01329,0.01653,-0.00875,0.2157,-0.05029,-0.26769,2.1622,2.19624,2.09082,2.19276,2.40435
2002-05-09,2.134,2.147,2.1630000000000003,2.125,4194.66,600068,-0.00279,0.01035,-0.04237,0.21712,-0.03419,-0.26422,2.1666,2.19171,2.097,2.19215,2.40122
2002-05-10,2.141,2.134,2.15,2.128,3616.36,600068,-0.00605,-0.01614,-0.05742,0.13996,-0.12684,-0.26388,2.1596,2.18552,2.10123,2.18963,2.39811
2002-05-13,2.134,2.1180000000000003,2.134,2.112,3342.69,600068,-0.0075,-0.02933,-0.05908,0.1165,-0.13018,-0.26073,2.1468,2.17919,2.10479,2.18705,2.39507
2002-05-14,2.1180000000000003,2.1180000000000003,2.131,2.112,3629.96,600068,0.0,-0.02933,-0.04595,0.1165,-0.10102,-0.2508,2.134,2.17433,2.10835,2.18511,2.39219
2002-05-16,2.0869999999999997,1.989,2.0869999999999997,1.983,10225.7,600068,-0.06091,-0.07617,-0.11403,0.1212,-0.17674,-0.2853,2.1012,2.16214,2.11182,2.18164,2.38896
2002-05-17,1.989,2.024,2.049,1.989,6560.85,600068,0.0176,-0.05729,-0.10482,0.11331,-0.1865,-0.28023,2.0766,2.15086,2.11515,2.17787,2.38576
2002-05-20,2.024,1.976,2.024,1.9569999999999999,4907.83,600068,-0.02372,-0.07404,-0.11111,0.07743,-0.1905,-0.28844,2.045,2.1391,2.11744,2.17409,2.3825
2002-05-21,2.046,2.065,2.109,2.017,7991.7,600068,0.04504,-0.02502,-0.07895,0.04504,-0.15714,-0.25127,2.0344,2.13067,2.11887,2.17096,2.37969
2002-05-22,2.055,2.036,2.081,2.024,5860.53,600068,-0.01404,-0.03872,-0.09188,0.04894,-0.17537,-0.26525,2.018,2.12086,2.1204,2.16744,2.3767
2002-05-23,2.055,2.039,2.0709999999999997,2.03,4813.39,600068,0.00147,0.02514,-0.07234,0.02824,-0.16021,-0.26496,2.028,2.11329,2.12131,2.16428,2.37371
2002-05-24,2.039,1.992,2.046,1.979,4380.99,600068,-0.02305,-0.01581,-0.09619,-0.0015,-0.16896,-0.28832,2.0216,2.10319,2.12126,2.16098,2.37043
2002-05-27,1.9980000000000002,2.065,2.077,1.8019999999999998,9945.71,600068,0.03665,0.04504,-0.03953,0.06006,-0.1349,-0.25799,2.0394,2.09914,2.12315,2.15837,2.36751
2002-05-28,2.039,2.049,2.0709999999999997,2.017,8401.31,600068,-0.00775,-0.00775,-0.05402,0.02861,-0.09496,-0.27443,2.0362,2.09357,2.12406,2.15662,2.36436
2002-05-29,2.036,2.0140000000000002,2.036,1.992,4623.32,600068,-0.01708,-0.01081,-0.05756,0.01923,-0.11783,-0.28834,2.0318,2.08771,2.12468,2.15443,2.36104
2002-05-30,2.0140000000000002,2.005,2.024,1.979,4282.52,600068,-0.00447,-0.01667,-0.06614,0.0035,-0.13015,-0.29077,2.025,2.08095,2.12479,2.15199,2.3577
2002-05-31,2.005,2.008,2.024,1.992,4108.0,600068,0.0015,0.00803,-0.05194,0.00803,-0.1193,-0.28592,2.0282,2.07571,2.12505,2.14978,2.35443
2002-06-03,2.005,1.9380000000000002,2.005,1.925,4022.61,600068,-0.03486,-0.0615,-0.088,-0.02857,-0.14888,-0.30463,2.0028,2.06681,2.12413,2.14702,2.35098
2002-06-04,1.9380000000000002,1.954,1.97,1.922,7350.76,600068,0.00826,-0.04636,-0.09912,-0.01611,-0.14298,-0.29788,1.9838,2.05657,2.12361,2.14437,2.34761
2002-06-05,1.954,1.922,1.954,1.919,4626.5,600068,-0.01638,-0.04568,-0.11916,-0.01335,-0.16833,-0.30863,1.9654,2.04419,2.12319,2.14121,2.34413
2002-06-06,1.906,2.008,2.017,1.8780000000000001,8992.29,600068,0.04475,0.0015,-0.07974,0.02084,-0.13597,-0.27457,1.966,2.0359,2.12385,2.13864,2.34104
2002-06-07,2.002,2.011,2.046,1.973,7447.37,600068,0.00149,0.00149,-0.06595,0.00299,-0.1554,-0.26499,1.9666,2.02914,2.12395,2.13563,2.33809
2002-06-10,2.011,1.986,2.017,1.973,2547.99,600068,-0.01243,0.02477,-0.07499,-0.02023,-0.16379,-0.27412,1.9762,2.02148,2.12329,2.13247,2.33504
2002-06-11,1.986,2.03,2.052,1.986,5489.37,600068,0.02216,0.03889,-0.04873,-0.03287,-0.15063,-0.25559,1.9914,2.01652,2.12218,2.12954,2.33221
2002-06-12,2.0269999999999997,2.021,2.0269999999999997,1.9980000000000002,3869.54,600068,-0.00443,0.05151,-0.0458,-0.07251,-0.14905,-0.24758,2.0112,2.0119,2.11963,2.12667,2.3295
2002-06-13,2.017,1.986,2.03,1.986,2906.0,600068,-0.01732,-0.01096,-0.06232,-0.10014,-0.15705,-0.2658,2.0068,2.00562,2.11606,2.12366,2.32658
2002-06-14,1.986,1.9669999999999999,2.011,1.9569999999999999,4102.52,600068,-0.00957,-0.02188,-0.01106,-0.08256,-0.18483,-0.28107,1.998,2.00457,2.11321,2.12003,2.32346
2002-06-17,1.96,1.9569999999999999,1.9669999999999999,1.944,2824.28,600068,-0.00508,-0.0146,-0.0331,-0.06498,-0.1963,-0.28655,1.9922,2.00138,2.11102,2.11615,2.32026
2002-06-18,2.021,2.002,2.024,1.986,3960.54,600068,0.02299,-0.01379,0.01316,-0.08123,-0.16791,-0.26586,1.9866,2.00262,2.10816,2.11286,2.31731
2002-06-19,2.017,1.976,2.017,1.97,2407.9,600068,-0.01299,-0.02227,-0.0431,-0.06173,-0.1895,-0.27299,1.9776,1.99838,2.10606,2.10911,2.3143
2002-06-20,2.002,2.005,2.0140000000000002,1.992,3885.27,600068,0.01468,0.00957,-0.01523,-0.05647,-0.18063,-0.27381,1.9814,1.9969,2.10413,2.10551,2.31122
2002-06-21,2.005,2.075,2.081,2.005,15780.74,600068,0.03491,0.05491,0.01766,-0.03935,-0.16195,-0.24436,2.003,1.99862,2.10276,2.10225,2.3085
2002-06-24,2.281,2.281,2.281,2.202,82346.87,600068,0.09928,0.16556,0.14508,0.05164,-0.05822,-0.16355,2.0678,2.01238,2.10456,2.10111,2.30668
2002-06-25,2.313,2.3480000000000003,2.494,2.265,107218.95,600068,0.02937,0.17283,0.13705,0.06679,-0.03175,-0.13993,2.137,2.02586,2.10694,2.10048,2.30513
2002-06-26,2.319,2.335,2.37,2.291,33281.94,600068,-0.00554,0.18168,0.13958,0.08605,-0.0283,-0.14091,2.2088,2.03948,2.10992,2.09993,2.30357
2002-06-27,2.345,2.376,2.399,2.332,29428.45,600068,0.01756,0.18504,0.17974,0.09392,-0.01656,-0.13569,2.283,2.05671,2.11321,2.0996,2.30206
2002-06-28,2.376,2.437,2.469,2.367,74393.75,600068,0.02567,0.17446,0.21546,0.14682,0.02784,-0.1419,2.3554,2.07729,2.11824,2.10014,2.30042
2002-07-01,2.4619999999999997,2.399,2.51,2.386,70122.29,600068,-0.01559,0.05173,0.19472,0.13267,0.01696,-0.18816,2.379,2.0959,2.12277,2.10046,2.29816
2002-07-02,2.383,2.4019999999999997,2.4019999999999997,2.354,26502.57,600068,0.00125,0.023,0.23942,0.0963,0.04344,-0.174,2.3898,2.118,2.12618,2.10128,2.2961
2002-07-03,2.4019999999999997,2.396,2.431,2.376,13362.91,600068,-0.0025,0.02612,0.2262,0.12753,0.04538,-0.15723,2.402,2.13905,2.13055,2.10212,2.29428
2002-07-04,2.396,2.3480000000000003,2.405,2.345,16735.13,600068,-0.02003,-0.01178,0.22164,0.06244,0.02443,-0.17758,2.3964,2.15933,2.13277,2.10258,2.29222
2002-07-05,2.342,2.354,2.367,2.329,11945.43,600068,0.00256,-0.03406,0.17231,0.08379,0.0103,-0.16732,2.3798,2.17581,2.13571,2.10277,2.2903
2002-07-08,2.351,2.376,2.399,2.351,10218.19,600068,0.00935,-0.00959,0.1815,0.05977,0.03484,-0.17414,2.3752,2.19319,2.13787,2.10342,2.28826
2002-07-09,2.38,2.37,2.386,2.354,6869.85,600068,-0.00253,-0.01332,0.19335,0.04682,0.05146,-0.18078,2.3688,2.21148,2.13958,2.10437,2.28614
2002-07-10,2.37,2.303,2.3890000000000002,2.303,17258.13,600068,-0.02827,-0.03881,0.13448,0.0231,0.01723,-0.20723,2.3502,2.22448,2.14042,2.10468,2.28369
2002-07-11,2.3,2.31,2.326,2.2880000000000003,9981.42,600068,0.00304,-0.01618,0.143,0.04054,0.03495,-0.19875,2.3426,2.23824,2.14187,2.10532,2.28136
2002-07-12,2.31,2.313,2.322,2.2969999999999997,6665.48,600068,0.0013,-0.01742,0.16465,0.03029,0.03629,-0.20379,2.3344,2.25381,2.14297,2.10598,2.27896
2002-07-15,2.31,2.275,2.31,2.275,8356.91,600068,-0.01643,-0.04251,0.15658,0.00619,0.00619,-0.20842,2.3142,2.26848,2.14319,2.10609,2.27652
2002-07-16,2.2880000000000003,2.2840000000000003,2.319,2.275,6401.19,600068,0.00396,-0.03629,0.16709,0.02744,0.01466,-0.20612,2.297,2.28405,2.14418,2.10636,2.27411
2002-07-17,2.2880000000000003,2.31,2.313,2.278,5371.02,600068,0.01138,0.00304,0.15385,0.03033,0.02303,-0.19174,2.2984,2.29871,2.14527,2.10678,2.27188
2002-07-18,2.31,2.322,2.351,2.307,8190.51,600068,0.00519,0.00519,0.1751,0.03568,0.02834,-0.19375,2.3008,2.31519,2.14656,2.1073,2.26961
2002-07-19,2.322,2.322,2.338,2.3,4104.04,600068,0.0,0.00389,0.1581,0.05641,0.03707,-0.19038,2.3026,2.33029,2.14856,2.10798,2.26739
2002-07-22,2.326,2.2880000000000003,2.338,2.281,7090.87,600068,-0.01464,0.00571,0.10265,0.03811,0.03529,-0.1898,2.3052,2.34043,2.14992,2.10861,2.26522
2002-07-23,2.281,2.281,2.307,2.275,7032.05,600068,-0.00306,-0.00131,0.0,0.06093,0.06093,-0.18941,2.3046,2.34043,2.15203,2.10967,2.26305
2002-07-24,2.278,2.2840000000000003,2.294,2.278,3471.0,600068,0.00132,-0.01126,-0.02726,0.05448,0.05448,-0.18574,2.2994,2.33738,2.15394,2.11063,2.26093
2002-07-25,2.2880000000000003,2.259,2.2969999999999997,2.256,5632.42,600068,-0.01095,-0.02713,-0.03255,0.05709,0.06809,-0.19894,2.2868,2.33376,2.1559,2.1118,2.25865
2002-07-26,2.265,2.253,2.272,2.249,4801.19,600068,-0.00266,-0.02972,-0.05177,0.04937,0.11867,-0.20641,2.273,2.3279,2.15761,2.11375,2.25627
2002-07-29,2.253,2.256,2.256,2.221,5631.04,600068,0.00133,-0.01399,-0.07427,0.06516,0.13083,-0.20113,2.2666,2.31929,2.15984,2.11587,2.25396
2002-07-30,2.256,2.253,2.272,2.224,4384.95,600068,-0.00133,-0.01228,-0.06086,0.06024,0.11701,-0.20021,2.261,2.31233,2.1619,2.11779,2.25167
2002-07-31,2.256,2.24,2.275,2.23,3995.43,600068,-0.00577,-0.01926,-0.06744,0.03273,0.19467,-0.19598,2.2522,2.30462,2.16305,2.12076,2.24945
2002-08-01,2.237,2.2430000000000003,2.256,2.224,4184.11,600068,0.00134,-0.00708,-0.06386,0.02796,0.20656,-0.1882,2.249,2.29733,2.16403,2.12388,2.24733
2002-08-02,2.2430000000000003,2.246,2.253,2.227,2844.84,600068,0.00134,-0.00311,-0.04344,0.02933,0.26821,-0.19267,2.2476,2.29248,2.16506,2.12774,2.24515
2002-08-05,2.246,2.234,2.249,2.227,3178.06,600068,-0.00534,-0.00975,-0.05098,0.03762,0.26644,-0.19524,2.2432,2.28676,2.16637,2.13156,2.24295
2002-08-06,2.224,2.272,2.2880000000000003,2.224,6234.16,600068,0.01701,0.00843,-0.04377,0.05822,0.21368,-0.20169,2.247,2.28181,2.16839,2.13481,2.24062
2002-08-07,2.275,2.262,2.275,2.249,1614.75,600068,-0.0044,0.00982,-0.04557,0.05998,0.19241,-0.19986,2.2514,2.27667,2.17045,2.13778,2.23832
2002-08-08,2.256,2.246,2.281,2.2430000000000003,2257.45,600068,-0.00707,0.00134,-0.02475,0.06043,0.18397,-0.19383,2.252,2.27395,2.17252,2.14062,2.23613
2002-08-09,2.246,2.249,2.253,2.224,4180.08,600068,0.00134,0.00134,-0.02641,0.06185,0.26776,-0.18721,2.2526,2.27105,2.17463,2.14448,2.23402
2002-08-12,2.227,2.224,2.246,2.224,2937.12,600068,-0.01112,-0.00448,-0.03848,0.11815,0.22332,-0.19068,2.2506,2.26681,2.17842,2.14778,2.23189
2002-08-13,2.224,2.218,2.23,2.211,3948.64,600068,-0.0027,-0.02377,-0.02505,0.09585,0.20938,-0.18426,2.2398,2.2641,2.18155,2.1509,2.22985
2002-08-14,2.218,2.237,2.24,2.214,2616.03,600068,0.00857,-0.01105,-0.02058,0.13209,0.13209,-0.13496,2.2348,2.26186,2.18576,2.15302,2.22843
2002-08-15,2.24,2.224,2.24,2.218,1813.92,600068,-0.00581,-0.0098,-0.03723,0.077,0.1458,-0.12716,2.2304,2.25776,2.18832,2.15533,2.22712
2002-08-16,2.224,2.237,2.249,2.214,3514.62,600068,0.00585,-0.00534,-0.03661,0.09872,0.12809,-0.14651,2.228,2.25371,2.19156,2.15739,2.22556
2002-08-19,2.211,2.214,2.224,2.211,2622.96,600068,-0.01028,-0.0045,-0.04651,0.08583,0.10977,-0.14385,2.226,2.24857,2.19439,2.15917,2.22404
2002-08-20,2.224,2.259,2.272,2.211,6719.63,600068,0.02033,0.01849,-0.01267,0.13404,0.15965,-0.13415,2.2342,2.24719,2.19869,2.1617,2.22262
2002-08-21,2.256,2.262,2.275,2.256,4171.51,600068,0.00133,0.01118,-0.00833,0.0954,0.13554,-0.10345,2.2392,2.24629,2.20187,2.16389,2.22156
2002-08-22,2.2680000000000002,2.272,2.2840000000000003,2.259,7177.54,600068,0.00442,0.02158,-0.00525,0.10883,0.1498,-0.11181,2.2488,2.24571,2.20547,2.1663,2.2204
2002-08-23,2.281,2.2680000000000002,2.2840000000000003,2.259,4089.69,600068,-0.00176,0.01386,0.00398,0.12612,0.13514,-0.10989,2.255,2.24614,2.20956,2.1685,2.21926
2002-08-26,2.259,2.237,2.262,2.237,3580.72,600068,-0.01367,0.01039,-0.0071,0.11571,0.12299,-0.13295,2.2596,2.24538,2.21331,2.17049,2.21787
2002-08-27,2.237,2.246,2.253,2.234,2968.66,600068,0.00402,-0.00575,-0.00443,0.11853,0.12581,-0.13682,2.257,2.2449,2.21715,2.17253,2.21642
2002-08-28,2.253,2.237,2.253,2.234,4089.16,600068,-0.00401,-0.01105,-0.0071,0.15428,0.12638,-0.12991,2.252,2.24414,2.22197,2.17457,2.21506
2002-08-29,2.237,2.24,2.253,2.237,2350.66,600068,0.00134,-0.01408,0.0,0.14637,0.1499,-0.11984,2.2456,2.24414,2.22658,2.17694,2.21382
2002-08-30,2.23,2.23,2.24,2.224,3084.75,600068,-0.00446,-0.01675,-0.0058,0.16025,0.13371,-0.12823,2.238,2.24352,2.23155,2.17908,2.21249
2002-09-02,2.227,2.23,2.234,2.221,2598.8,600068,0.0,-0.00313,-0.00712,0.11056,0.11222,-0.11962,2.2366,2.24276,2.23513,2.18091,2.21126
2002-09-03,2.23,2.24,2.253,2.23,2079.21,600068,0.00448,-0.00267,0.00269,0.11387,0.10508,-0.11984,2.2354,2.24305,2.23882,2.18264,2.21002
2002-09-04,2.24,2.1830000000000003,2.24,2.176,8550.07,600068,-0.02545,-0.02414,-0.03917,0.09919,0.04002,-0.13715,2.2246,2.23881,2.242,2.18333,2.20861
2002-09-05,2.186,2.167,2.202,2.16,7458.04,600068,-0.00733,-0.03259,-0.042,0.06749,-0.00551,-0.14449,2.21,2.23429,2.24421,2.18323,2.20712
2002-09-06,2.167,2.145,2.176,2.129,7309.74,600068,-0.01015,-0.03812,-0.04497,0.06136,-0.02809,-0.13123,2.193,2.22948,2.24621,2.18272,2.2058
2002-09-09,2.145,2.122,2.145,2.116,4932.0,600068,-0.01072,-0.04843,-0.05647,0.06848,-0.01026,-0.14401,2.1714,2.22343,2.2484,2.18254,2.20435
2002-09-10,2.126,2.126,2.145,2.119,2831.63,600068,0.00189,-0.05089,-0.04406,0.08083,0.01577,-0.13366,2.1486,2.21876,2.25097,2.18281,2.20302
2002-09-11,2.129,2.135,2.141,2.113,2991.64,600068,0.00423,-0.02199,-0.03742,0.09096,-0.02019,-0.0938,2.139,2.21481,2.25384,2.18246,2.20212
2002-09-12,2.129,2.138,2.154,2.126,1683.45,600068,0.00141,-0.01338,-0.04426,0.06793,0.01519,-0.08866,2.1332,2.2101,2.25603,2.18272,2.20127
2002-09-13,2.135,2.148,2.157,2.1319999999999997,1750.97,600068,0.00468,0.0014,-0.03417,0.08704,0.01082,-0.08944,2.1338,2.20648,2.25881,2.1829,2.20041
2002-09-16,2.145,2.106,2.145,2.103,3007.01,600068,-0.01955,-0.00754,-0.05856,0.05037,-0.025,-0.1,2.1306,2.20024,2.26044,2.18246,2.19946
2002-09-17,2.11,2.103,2.138,2.097,2597.42,600068,-0.00142,-0.01082,-0.05014,0.01349,-0.03043,-0.10128,2.126,2.19495,2.26089,2.18193,2.1985
2002-09-18,2.103,2.094,2.122,2.0909999999999997,2819.77,600068,-0.00428,-0.0192,-0.07304,-0.08198,-0.04861,-0.10513,2.1178,2.1871,2.25787,2.18106,2.1975
2002-09-19,2.084,2.138,2.145,2.081,3625.9,600068,0.02101,0.0,-0.05482,-0.08944,-0.00558,-0.10805,2.1178,2.18119,2.25448,2.18096,2.19645
2002-09-20,2.129,2.113,2.1319999999999997,2.1,1893.76,600068,-0.01169,-0.01629,-0.06998,-0.09507,-0.02716,-0.1159,2.1108,2.17362,2.2509,2.18048,2.19532
2002-09-23,2.11,2.103,2.11,2.0909999999999997,1589.27,600068,-0.00473,-0.00142,-0.07275,-0.1149,-0.01035,-0.11564,2.1102,2.16576,2.2465,2.1803,2.1942
2002-09-24,2.103,2.084,2.116,2.0780000000000003,3233.93,600068,-0.00903,-0.00903,-0.0684,-0.14485,-0.01605,-0.09939,2.1064,2.15848,2.24081,2.18002,2.19327
2002-09-25,2.0909999999999997,2.0909999999999997,2.097,2.075,2442.08,600068,0.00336,-0.00143,-0.06901,-0.12839,-0.04564,-0.10526,2.1058,2.1511,2.23584,2.17921,2.19227
2002-09-26,2.097,2.084,2.106,2.084,2104.0,600068,-0.00335,-0.02526,-0.0684,-0.13239,-0.01929,-0.11054,2.095,2.14381,2.23071,2.17888,2.19122
2002-09-27,2.084,2.065,2.094,2.049,5046.38,600068,-0.00912,-0.02272,-0.07813,-0.13815,-0.06561,-0.10061,2.0854,2.13548,2.22537,2.1777,2.19028
2002-10-08,2.033,2.0269999999999997,2.049,2.011,5137.9,600068,-0.0184,-0.03614,-0.09103,-0.13671,-0.06676,-0.12175,2.0702,2.12581,2.22019,2.17652,2.18913
2002-10-09,2.037,2.002,2.043,1.995,4261.55,600068,-0.01233,-0.03935,-0.10224,-0.14953,-0.10705,-0.11689,2.0538,2.11495,2.21452,2.17457,2.18806
2002-10-10,2.002,1.979,2.017,1.973,3533.3,600068,-0.01149,-0.05356,-0.11652,-0.16709,-0.12588,-0.10331,2.0314,2.10252,2.20811,2.17225,2.18713
2002-10-11,1.995,2.002,2.03,1.979,4058.44,600068,0.01162,-0.03935,-0.08291,-0.15527,-0.11062,-0.09657,2.015,2.0939,2.20218,2.17023,2.18626
2002-10-14,2.002,2.017,2.021,1.979,1839.41,600068,0.00749,-0.02324,-0.06922,-0.12419,-0.09144,-0.10515,2.0054,2.08676,2.19756,2.16858,2.1853
2002-10-15,2.002,1.983,2.005,1.973,4604.97,600068,-0.01686,-0.02171,-0.07552,-0.14156,-0.1167,-0.12295,1.9966,2.07905,2.19229,2.16645,2.18417
2002-10-16,1.976,1.995,2.033,1.973,4049.03,600068,0.00605,-0.0035,-0.05985,-0.13748,-0.11765,-0.11136,1.9952,2.073,2.18716,2.16428,2.18315
2002-10-17,1.995,1.9569999999999999,1.995,1.9569999999999999,2806.51,600068,-0.01905,-0.01112,-0.07949,-0.13978,-0.11966,-0.12321,1.9908,2.06495,2.18203,2.16212,2.18203
2002-10-18,1.954,1.963,1.986,1.9480000000000002,3167.57,600068,0.00307,-0.01948,-0.08056,-0.14054,-0.12444,-0.12327,1.983,2.05676,2.17685,2.15985,2.18091
2002-10-21,1.9669999999999999,1.995,1.995,1.9569999999999999,2799.92,600068,0.0163,-0.01091,-0.06688,-0.13636,-0.11017,-0.09973,1.9786,2.04995,2.17177,2.15785,2.18001
2002-10-22,2.002,2.021,2.0269999999999997,1.9980000000000002,3476.86,600068,0.01303,0.01916,-0.05912,-0.12963,-0.08053,-0.08964,1.9862,2.0439,2.16692,2.15641,2.1792
2002-10-23,2.021,2.0269999999999997,2.0269999999999997,2.002,2200.07,600068,0.00297,0.01604,-0.03751,-0.12705,-0.08031,-0.11096,1.9926,2.04014,2.16216,2.15497,2.17817
2002-10-24,2.017,2.002,2.021,1.9980000000000002,1699.71,600068,-0.01233,0.02299,-0.04803,-0.125,-0.06884,-0.10184,2.0016,2.03533,2.15755,2.15376,2.17725
2002-10-25,2.0140000000000002,1.9980000000000002,2.017,1.986,2753.8,600068,-0.002,0.01783,-0.04585,-0.12407,-0.07756,-0.11239,2.0086,2.03076,2.15298,2.1524,2.17622
2002-10-28,1.995,1.979,2.017,1.973,3671.17,600068,-0.00951,-0.00802,-0.07437,-0.13354,-0.07394,-0.10209,2.0054,2.02319,2.14806,2.15111,2.17531
2002-10-29,1.97,1.992,1.995,1.963,3068.88,600068,0.00657,-0.01435,-0.05726,-0.11819,-0.07219,-0.0816,1.9996,2.01743,2.14376,2.14985,2.17459
2002-10-30,1.979,2.005,2.0269999999999997,1.97,1923.82,600068,0.00653,-0.01085,-0.0466,-0.11008,-0.05335,-0.11674,1.9952,2.01276,2.13976,2.14893,2.17351
2002-10-31,2.011,2.0269999999999997,2.037,2.002,4230.01,600068,0.01097,0.01249,-0.02735,-0.10151,-0.04612,-0.11831,2.0002,2.01005,2.13606,2.14814,2.17241
2002-11-01,2.0269999999999997,2.046,2.062,2.0269999999999997,12557.09,600068,0.00937,0.02402,-0.02152,-0.09188,-0.05671,-0.10145,2.0098,2.0079,2.13273,2.14714,2.17147
2002-11-04,2.049,2.068,2.0869999999999997,2.049,7224.04,600068,0.01075,0.04497,-0.00768,-0.07679,-0.05225,-0.11015,2.0276,2.00714,2.12995,2.14621,2.17043
2002-11-05,2.0780000000000003,2.113,2.113,2.059,12462.36,600068,0.02176,0.06074,0.02324,-0.05796,-0.03162,-0.0809,2.0518,2.00943,2.12785,2.14565,2.16967
2002-11-06,2.116,2.081,2.126,2.0709999999999997,9005.61,600068,-0.01514,0.03791,0.02664,-0.07346,-0.03344,-0.08205,2.067,2.012,2.12519,2.14507,2.16891
2002-11-07,2.075,2.052,2.0780000000000003,2.043,9713.82,600068,-0.01394,0.01233,0.02498,-0.08147,-0.04425,-0.07692,2.072,2.01438,2.12226,2.14429,2.16822
2002-11-08,2.059,2.005,2.0780000000000003,2.002,8806.24,600068,-0.0229,-0.02004,0.01314,-0.11752,-0.06045,-0.17962,2.0638,2.01562,2.11795,2.14324,2.16643
2002-11-11,2.005,1.989,2.024,1.986,4032.54,600068,-0.00798,-0.0382,-0.00649,-0.12069,-0.06091,-0.18316,2.048,2.015,2.11355,2.1422,2.16462
2002-11-12,1.986,1.9509999999999998,2.005,1.9380000000000002,7018.73,600068,-0.01911,-0.07667,-0.03272,-0.13134,-0.07885,-0.1719,2.0156,2.01186,2.10879,2.14084,2.16298
2002-11-13,1.9509999999999998,1.9669999999999999,1.97,1.913,6848.67,600068,0.0082,-0.05478,-0.00807,-0.12539,-0.01106,-0.18584,1.9928,2.0111,2.10424,2.14066,2.16115
2002-11-14,1.9669999999999999,1.925,1.973,1.922,4371.0,600068,-0.02135,-0.06189,-0.03509,-0.13444,-0.04891,-0.22629,1.9674,2.00776,2.09942,2.13985,2.15886
2002-11-15,1.913,1.929,1.954,1.909,4546.01,600068,0.00208,-0.03791,-0.01431,-0.1303,-0.02379,-0.20975,1.9522,2.00643,2.09476,2.13947,2.15678
2002-11-18,1.929,1.932,1.963,1.922,3490.14,600068,0.00156,-0.02866,-0.01579,-0.13634,-0.06441,-0.21143,1.9408,2.00495,2.08984,2.13839,2.15467
2002-11-19,1.932,1.9480000000000002,1.954,1.922,2393.53,600068,0.00828,-0.00154,-0.02356,-0.1241,-0.04322,-0.21102,1.9402,2.00271,2.08539,2.13767,2.15256
2002-11-20,1.9409999999999998,1.9,1.9409999999999998,1.8969999999999998,4440.0,600068,-0.02464,-0.03406,-0.05987,-0.15065,-0.06817,-0.21746,1.9268,1.99695,2.07995,2.13654,2.15041
2002-11-21,1.8430000000000002,1.849,1.8969999999999998,1.8430000000000002,5495.99,600068,-0.02684,-0.03948,-0.08781,-0.16486,-0.07179,-0.22862,1.9116,1.98848,2.07406,2.13538,2.14818
2002-11-22,1.8519999999999999,1.868,1.8940000000000001,1.8430000000000002,4460.27,600068,0.01028,-0.03162,-0.06693,-0.17309,-0.0954,-0.21743,1.8994,1.9821,2.06776,2.13378,2.14607
2002-11-25,1.8519999999999999,1.865,1.881,1.8519999999999999,2112.44,600068,-0.00161,-0.03468,-0.06657,-0.17551,-0.0898,-0.17624,1.886,1.97576,2.06135,2.13228,2.14445
2002-11-26,1.868,1.8330000000000002,1.8840000000000001,1.827,3218.9,600068,-0.01716,-0.05903,-0.07377,-0.19322,-0.08987,-0.19711,1.863,1.96881,2.05427,2.13081,2.14262
2002-11-27,1.811,1.8459999999999999,1.8619999999999999,1.795,4785.14,600068,0.00709,-0.02842,-0.07329,-0.18607,-0.0793,-0.19913,1.8522,1.96186,2.04747,2.12952,2.14076
2002-11-28,1.8430000000000002,1.8869999999999998,1.89,1.814,4644.01,600068,0.02221,0.02055,-0.05885,-0.15646,-0.06026,-0.17237,1.8598,1.95624,2.04182,2.12854,2.13916
2002-11-29,1.903,1.9,1.932,1.8869999999999998,9705.63,600068,0.00689,0.01713,-0.06265,-0.15405,-0.01961,-0.16557,1.8662,1.95019,2.03624,2.12823,2.13763
2002-12-02,1.906,1.855,1.913,1.8519999999999999,3278.94,600068,-0.02368,-0.00536,-0.09335,-0.17076,-0.05067,-0.1864,1.8642,1.9411,2.03008,2.12742,2.1359
2002-12-03,1.8780000000000001,1.868,1.8780000000000001,1.8430000000000002,3444.11,600068,0.00701,0.01909,-0.09671,-0.16607,-0.0281,-0.19169,1.8712,1.93157,2.02408,2.12698,2.1341
2002-12-04,1.868,1.875,1.906,1.859,2896.77,600068,0.00375,0.01571,-0.11264,-0.15919,-0.06624,-0.1932,1.877,1.92024,2.01835,2.1259,2.13227
2002-12-05,1.8430000000000002,1.859,1.871,1.8430000000000002,2308.56,600068,-0.00853,-0.01484,-0.10668,-0.16637,-0.07558,-0.21924,1.8714,1.90967,2.01237,2.12467,2.13015
2002-12-06,1.859,1.8619999999999999,1.868,1.8430000000000002,2295.35,600068,0.00161,-0.02,-0.09259,-0.16875,-0.06244,-0.216,1.8638,1.90062,2.00627,2.12366,2.12807
2002-12-09,1.855,1.849,1.865,1.8430000000000002,1474.41,600068,-0.00698,-0.00323,-0.07781,-0.153,-0.08916,-0.22636,1.8626,1.89319,2.00089,2.12219,2.12587
2002-12-10,1.8459999999999999,1.827,1.8519999999999999,1.824,2035.0,600068,-0.0119,-0.02195,-0.08145,-0.1569,-0.09599,-0.23074,1.8544,1.88548,1.9954,2.12061,2.12364
2002-12-11,1.824,1.811,1.824,1.795,3724.28,600068,-0.00876,-0.03413,-0.07176,-0.15571,-0.08812,-0.23132,1.8416,1.87881,1.99002,2.11919,2.12142
2002-12-12,1.814,1.814,1.827,1.808,5109.81,600068,0.00166,-0.02421,-0.07778,-0.14515,-0.07778,-0.24824,1.8326,1.87152,1.98505,2.11794,2.11899
2002-12-13,1.811,1.827,1.8359999999999999,1.7819999999999998,3059.99,600068,0.00717,-0.0188,-0.05091,-0.14064,-0.06643,-0.24969,1.8256,1.86686,1.98023,2.11689,2.11652
2002-12-16,1.8359999999999999,1.8330000000000002,1.84,1.827,3258.4,600068,0.00328,-0.00865,-0.04977,-0.14145,-0.08442,-0.23815,1.8224,1.86229,1.97535,2.11551,2.11419
2002-12-17,1.8359999999999999,1.8459999999999999,1.8519999999999999,1.824,3004.9,600068,0.00709,0.0104,-0.04451,-0.13658,-0.06579,-0.24282,1.8262,1.85819,1.97065,2.11446,2.11178
2002-12-18,1.8459999999999999,1.84,1.8619999999999999,1.8330000000000002,2413.74,600068,-0.00325,0.01601,-0.05544,-0.14339,-0.08229,-0.24806,1.832,1.85305,1.96568,2.11311,2.10931
2002-12-19,1.827,1.83,1.871,1.817,2393.38,600068,-0.00543,0.00882,-0.03684,-0.13105,-0.11807,-0.2609,1.8352,1.84971,1.96123,2.11112,2.10669
2002-12-20,1.83,1.855,1.865,1.827,3345.56,600068,0.01366,0.01533,0.00324,-0.11793,-0.18676,-0.2341,1.8408,1.85,1.95723,2.10766,2.10438
2002-12-23,1.855,1.8619999999999999,1.8840000000000001,1.855,5310.76,600068,0.00377,0.01582,-0.00321,-0.11079,-0.20698,-0.23216,1.8466,1.84971,1.95348,2.10371,2.10209
2002-12-24,1.855,1.855,1.868,1.83,2706.88,600068,-0.00376,0.00488,-0.00536,-0.13237,-0.20557,-0.22805,1.8484,1.84924,1.94892,2.0998,2.09987
2002-12-25,1.855,1.84,1.8619999999999999,1.84,2422.99,600068,-0.00809,0.0,0.00382,-0.1292,-0.22559,-0.23841,1.8484,1.84957,1.94452,2.09545,2.09752
2002-12-26,1.8430000000000002,1.776,1.8430000000000002,1.7730000000000001,8657.1,600068,-0.03478,-0.02951,-0.03792,-0.15549,-0.27124,-0.25095,1.8376,1.84624,1.93924,2.09007,2.09511
2002-12-27,1.7790000000000001,1.7730000000000001,1.801,1.744,5992.08,600068,-0.00169,-0.0442,-0.06041,-0.14923,-0.26094,-0.24841,1.8212,1.84081,1.93423,2.08498,2.09272
2002-12-30,1.7730000000000001,1.751,1.7730000000000001,1.744,2843.39,600068,-0.01241,-0.05961,-0.07842,-0.1626,-0.27102,-0.23936,1.799,1.83371,1.92874,2.07969,2.09048
2002-12-31,1.7469999999999999,1.735,1.7630000000000001,1.732,3312.95,600068,-0.00914,-0.06469,-0.06469,-0.16747,-0.27588,-0.24302,1.775,1.828,1.92311,2.07432,2.08822
2003-01-02,1.716,1.706,1.7380000000000002,1.7,3684.41,600068,-0.01671,-0.07283,-0.08672,-0.17385,-0.27342,-0.25567,1.7482,1.82029,1.91732,2.0691,2.08584
2003-01-03,1.6969999999999998,1.7,1.709,1.681,2971.16,600068,-0.00352,-0.04279,-0.09333,-0.16132,-0.27782,-0.27039,1.733,1.81195,1.91205,2.06378,2.08328
2003-01-06,1.703,1.712,1.716,1.6780000000000002,2796.93,600068,0.00706,-0.0344,-0.07907,-0.14486,-0.27946,-0.25436,1.7208,1.80495,1.90737,2.05838,2.0809
2003-01-07,1.712,1.709,1.735,1.703,2708.22,600068,-0.00175,-0.02399,-0.08217,-0.13643,-0.2789,-0.24179,1.7124,1.79767,1.90302,2.05301,2.07869
2003-01-08,1.709,1.754,1.766,1.7,4306.37,600068,0.02633,0.01095,-0.05138,-0.12388,-0.23838,-0.22527,1.7162,1.79314,1.89902,2.04854,2.07661
2003-01-09,1.7630000000000001,1.786,1.7890000000000001,1.7469999999999999,7366.22,600068,0.01824,0.04689,-0.02244,-0.11453,-0.22684,-0.19982,1.7322,1.79119,1.89529,2.04428,2.0748
2003-01-10,1.8359999999999999,1.7730000000000001,1.8359999999999999,1.7730000000000001,6980.4,600068,-0.00728,0.04294,-0.02098,-0.1059,-0.23346,-0.20565,1.7468,1.78938,1.8919,2.03989,2.07293
2003-01-13,1.7730000000000001,1.77,1.7790000000000001,1.754,2875.04,600068,-0.00169,0.03388,-0.02426,-0.11278,-0.22198,-0.21716,1.7584,1.78729,1.88827,2.03579,2.07094
2003-01-14,1.7630000000000001,1.8780000000000001,1.916,1.7630000000000001,26692.92,600068,0.06102,0.09889,0.02791,-0.04037,-0.17776,-0.1657,1.7922,1.78971,1.887,2.03249,2.06942
2003-01-15,1.8780000000000001,1.8459999999999999,1.89,1.8330000000000002,16837.34,600068,-0.01704,0.05245,0.00709,-0.0596,-0.20087,-0.18246,1.8106,1.79033,1.88511,2.02872,2.06775
2003-01-16,1.8430000000000002,1.868,1.868,1.8330000000000002,10500.18,600068,0.01192,0.04591,0.01192,-0.06366,-0.19552,-0.17272,1.827,1.79138,1.88306,2.02502,2.06616
2003-01-17,1.871,1.8519999999999999,1.875,1.8459999999999999,8315.18,600068,-0.00857,0.04456,0.00652,-0.08362,-0.20241,-0.17285,1.8428,1.79195,1.88034,2.0212,2.06459
2003-01-20,1.8519999999999999,1.8619999999999999,1.868,1.827,5923.09,600068,0.0054,0.05198,0.01749,-0.0814,-0.18619,-0.15747,1.8612,1.79348,1.87768,2.01774,2.06317
2003-01-21,1.865,1.83,1.871,1.83,5442.5,600068,-0.01719,-0.02556,-0.01348,-0.08591,-0.19772,-0.14884,1.8516,1.79229,1.8749,2.01407,2.06187
2003-01-22,1.814,1.824,1.827,1.808,5933.38,600068,-0.00328,-0.01192,-0.02041,-0.08709,-0.2014,-0.15789,1.8472,1.79048,1.8721,2.01033,2.06048
2003-01-23,1.811,1.798,1.827,1.795,7335.3,600068,-0.01425,-0.03747,-0.03073,-0.09146,-0.20407,-0.14988,1.8332,1.78776,1.86918,2.00659,2.0592
2003-01-24,1.824,1.8519999999999999,1.868,1.795,11764.59,600068,0.03003,0.0,0.00652,-0.07028,-0.17798,-0.08044,1.8332,1.78833,1.86692,2.00333,2.05854
2003-01-27,1.8519999999999999,1.881,1.906,1.8519999999999999,13249.56,600068,0.01566,0.0102,0.05912,-0.06185,-0.16622,-0.05714,1.837,1.79333,1.86492,2.00028,2.05807
2003-01-28,1.89,1.903,1.922,1.881,12693.14,600068,0.0117,0.03989,0.07332,-0.06117,-0.15535,-0.05652,1.8516,1.79952,1.86292,1.99743,2.05761
2003-01-29,1.906,1.881,1.922,1.8780000000000001,5969.96,600068,-0.01156,0.03125,0.07424,-0.08065,-0.16027,0.0032,1.863,1.80571,1.86026,1.99451,2.05763
2003-02-10,1.881,1.849,1.881,1.8430000000000002,4054.2,600068,-0.01701,0.02836,0.06571,-0.1059,-0.17566,-0.00538,1.8732,1.81114,1.85673,1.99131,2.05759
2003-02-11,1.8430000000000002,1.922,1.925,1.8430000000000002,13555.31,600068,0.03948,0.0378,0.12661,-0.09039,-0.14426,0.08526,1.8872,1.82143,1.85365,1.98867,2.05821
2003-02-12,1.919,1.954,1.963,1.9,18653.54,600068,0.01665,0.03881,0.14941,-0.06103,-0.12534,0.10771,1.9018,1.83352,1.8516,1.9864,2.05898
2003-02-13,1.954,1.954,1.9669999999999999,1.922,13890.95,600068,0.0,0.0268,0.14136,-0.04776,-0.13996,0.0438,1.912,1.84505,1.85002,1.98381,2.05931
2003-02-14,1.9380000000000002,1.935,1.97,1.932,6675.42,600068,-0.00972,0.02871,0.13224,-0.03491,-0.14456,0.02003,1.9228,1.85581,1.84889,1.98115,2.05947
2003-02-17,1.929,1.929,1.9480000000000002,1.906,9152.58,600068,-0.0031,0.04327,0.09977,-0.03017,-0.14114,0.01687,1.9388,1.86414,1.84792,1.97858,2.0596
2003-02-18,1.932,1.922,1.9380000000000002,1.913,4390.19,600068,-0.00363,0.0,0.07615,-0.01486,-0.1454,0.08343,1.9388,1.87062,1.84745,1.97592,2.0602
2003-02-19,1.925,1.9380000000000002,1.9509999999999998,1.913,5016.51,600068,0.00832,-0.00819,0.09306,-0.01474,-0.1286,0.06601,1.9356,1.87848,1.84698,1.97359,2.06069
2003-02-20,1.9380000000000002,1.919,1.9380000000000002,1.916,5571.42,600068,-0.0098,-0.01791,0.08418,-0.00312,-0.13481,0.04635,1.9286,1.88557,1.84689,1.97116,2.06103
2003-02-21,1.925,1.8780000000000001,1.925,1.875,8499.19,600068,-0.02137,-0.02946,0.0,-0.02644,-0.16048,-0.0496,1.9172,1.88557,1.84606,1.96824,2.06063
2003-02-24,1.8780000000000001,1.868,1.8840000000000001,1.865,4679.68,600068,-0.00532,-0.03162,0.01192,-0.03313,-0.16007,-0.03761,1.905,1.88662,1.84503,1.96535,2.06034
2003-02-25,1.875,1.909,1.929,1.871,5065.8,600068,0.02195,-0.00676,0.02195,-0.02002,-0.14662,-0.03732,1.9024,1.88857,1.8444,1.96268,2.06004
2003-02-26,1.909,1.903,1.919,1.8940000000000001,2562.76,600068,-0.00314,-0.01806,0.02754,0.00158,-0.14047,-0.04612,1.8954,1.891,1.84445,1.96015,2.05966
2003-02-27,1.906,1.9,1.922,1.8869999999999998,2336.77,600068,-0.00158,-0.0099,0.02041,0.02758,-0.15892,-0.02464,1.8916,1.89281,1.84527,1.95724,2.05947
2003-02-28,1.9,1.89,1.906,1.875,4099.64,600068,-0.00526,0.00639,0.03279,0.01178,-0.16446,-0.0512,1.894,1.89567,1.84563,1.95421,2.05905
2003-03-03,1.8840000000000001,1.944,1.9669999999999999,1.8840000000000001,13486.26,600068,0.02857,0.04069,0.06579,0.04236,-0.14437,-0.01619,1.9092,1.90138,1.8469,1.95154,2.05892
2003-03-04,1.944,1.935,1.954,1.929,4281.52,600068,-0.00463,0.01362,0.0762,0.05565,-0.14683,-0.03153,1.9144,1.9079,1.84855,1.94884,2.05867
2003-03-05,1.935,1.913,1.9409999999999998,1.906,3428.21,600068,-0.01137,0.00525,0.03294,0.03629,-0.14484,-0.03966,1.9164,1.91081,1.84963,1.9462,2.05835
2003-03-06,1.906,1.913,1.9409999999999998,1.8940000000000001,5734.44,600068,0.0,0.00684,0.01701,0.01378,-0.14826,-0.0411,1.919,1.91233,1.85005,1.9435,2.05801
2003-03-07,1.913,1.8840000000000001,1.913,1.875,5855.2,600068,-0.01516,-0.00317,-0.00998,-0.00842,-0.1578,-0.05136,1.9178,1.91143,1.84979,1.94063,2.0576
2003-03-10,1.8869999999999998,1.84,1.89,1.84,6020.37,600068,-0.02335,-0.0535,-0.0218,-0.00809,-0.17857,-0.05544,1.897,1.90948,1.84955,1.93737,2.05716
2003-03-11,1.8430000000000002,1.855,1.875,1.8430000000000002,3452.87,600068,0.00815,-0.04134,0.00324,-0.00696,-0.16816,-0.05694,1.881,1.90976,1.84934,1.93433,2.0567
2003-03-12,1.855,1.859,1.8619999999999999,1.8430000000000002,3310.4,600068,0.00216,-0.02823,-0.03278,-0.00853,-0.16637,-0.07282,1.8702,1.90676,1.84908,1.93131,2.05611
2003-03-13,1.8519999999999999,1.827,1.859,1.827,3049.0,600068,-0.01721,-0.04496,-0.06499,-0.01721,-0.18438,-0.09867,1.853,1.90071,1.84856,1.92795,2.0553
2003-03-14,1.83,1.8359999999999999,1.8430000000000002,1.817,3573.2,600068,0.00493,-0.02548,-0.06039,-0.01396,-0.15896,-0.1253,1.8434,1.8951,1.84815,1.92513,2.05423
2003-03-17,1.8359999999999999,1.8359999999999999,1.84,1.814,2758.33,600068,0.0,-0.00217,-0.05116,-0.00703,-0.15275,-0.15741,1.8426,1.89038,1.84794,1.92244,2.05283
2003-03-18,1.8359999999999999,1.868,1.89,1.83,5382.38,600068,0.01743,0.00701,-0.03162,0.02244,-0.12914,-0.1536,1.8452,1.88748,1.8486,1.92019,2.05146
2003-03-19,1.8519999999999999,1.827,1.8519999999999999,1.811,9613.39,600068,-0.02195,-0.01721,-0.04943,0.00883,-0.13902,-0.14785,1.8388,1.88295,1.84885,1.91779,2.05017
2003-03-20,1.827,1.776,1.84,1.754,13594.58,600068,-0.02791,-0.02791,-0.08359,-0.02095,-0.16463,-0.15146,1.8286,1.87524,1.84824,1.91494,2.04888
2003-03-21,1.7790000000000001,1.795,1.805,1.7790000000000001,8874.76,600068,0.0107,-0.02233,-0.06462,-0.01752,-0.15925,-0.17623,1.8204,1.86933,1.84773,1.91218,2.04732
2003-03-24,1.805,1.7790000000000001,1.814,1.7630000000000001,6340.57,600068,-0.00891,-0.03105,-0.05272,-0.02946,-0.16791,-0.15527,1.809,1.86462,1.84685,1.90926,2.04599
2003-03-25,1.7819999999999998,1.7819999999999998,1.795,1.766,3101.16,600068,0.00169,-0.04604,-0.04604,-0.03467,-0.17039,-0.16141,1.7918,1.86052,1.84582,1.90628,2.04459
2003-03-26,1.786,1.7790000000000001,1.7919999999999998,1.77,2761.31,600068,-0.00168,-0.02627,-0.0681,-0.03315,-0.15527,-0.17639,1.7822,1.85433,1.84484,1.90363,2.04304
2003-03-27,1.7790000000000001,1.8359999999999999,1.8459999999999999,1.776,7249.54,600068,0.03204,0.03378,-0.03521,0.00328,-0.12696,-0.15353,1.7942,1.85114,1.84494,1.90146,2.04169
2003-03-28,1.8459999999999999,1.824,1.8519999999999999,1.811,8079.54,600068,-0.00654,0.01616,-0.04,-0.01671,-0.12894,-0.17129,1.8,1.84752,1.84444,1.89926,2.04016
2003-03-31,1.824,1.859,1.8619999999999999,1.811,7866.72,600068,0.01919,0.04497,-0.0164,-0.00161,-0.1305,-0.13535,1.816,1.84605,1.84439,1.89699,2.03898
2003-04-01,1.859,1.868,1.868,1.8359999999999999,9243.12,600068,0.00484,0.04826,-0.03909,0.00701,-0.11595,-0.13996,1.8332,1.84243,1.8446,1.895,2.03774
2003-04-02,1.868,1.8869999999999998,1.8940000000000001,1.868,9900.4,600068,0.01017,0.06071,-0.02481,0.02554,-0.10271,-0.112,1.8548,1.84014,1.84535,1.89324,2.03677
2003-04-03,1.8869999999999998,1.871,1.8969999999999998,1.865,6446.77,600068,-0.00848,0.01906,-0.02196,0.05349,-0.10221,-0.11662,1.8618,1.83814,1.84689,1.89151,2.03577
2003-04-04,1.871,1.875,1.875,1.8619999999999999,5093.59,600068,0.00214,0.02796,-0.01986,0.05753,-0.1033,-0.14423,1.872,1.83633,1.84853,1.88976,2.03448
2003-04-07,1.875,1.8430000000000002,1.875,1.84,5856.0,600068,-0.01707,-0.00861,-0.02176,0.05254,-0.11564,-0.13271,1.8688,1.83438,1.85002,1.8878,2.03334
2003-04-08,1.827,1.8330000000000002,1.855,1.827,6972.25,600068,-0.00543,-0.01874,-0.0038,0.05648,-0.11235,-0.17059,1.8618,1.83405,1.8516,1.88591,2.0318
2003-04-09,1.8330000000000002,1.903,1.922,1.814,15385.25,600068,0.03819,0.00848,0.02588,0.11547,-0.06117,-0.12385,1.865,1.83633,1.85477,1.8849,2.03071
2003-04-10,1.906,1.916,1.9509999999999998,1.9,25116.11,600068,0.00683,0.02405,0.03066,0.12706,-0.04296,-0.14541,1.874,1.83905,1.85826,1.8842,2.02939
2003-04-11,1.922,1.96,1.97,1.916,28668.13,600068,0.02296,0.04533,0.0728,0.14486,-0.0096,-0.13428,1.891,1.84538,1.86226,1.88405,2.02815
2003-04-14,1.976,2.002,2.017,1.963,42471.83,600068,0.02143,0.08627,0.09041,0.17145,0.0,-0.11062,1.9228,1.85329,1.86698,1.88405,2.02714
2003-04-15,2.011,1.986,2.017,1.963,29145.54,600068,-0.00799,0.08347,0.0817,0.13227,-0.01537,-0.10541,1.9534,1.86043,1.87073,1.8838,2.02619
2003-04-16,1.986,1.935,1.9980000000000002,1.932,27343.62,600068,-0.02568,0.01682,0.03587,0.08343,-0.02421,-0.13808,1.9598,1.86362,1.87313,1.88341,2.02493
2003-04-17,1.935,1.944,1.954,1.919,12229.41,600068,0.00465,0.01461,0.06404,0.09645,-0.02556,-0.1402,1.9654,1.86919,1.87589,1.88299,2.02364
2003-04-18,1.9480000000000002,1.9380000000000002,1.96,1.919,12470.9,600068,-0.00309,-0.01122,0.09122,0.09492,-0.00971,-0.12821,1.961,1.8769,1.8786,1.88284,2.02248
2003-04-21,1.935,1.89,1.935,1.881,15071.0,600068,-0.02477,-0.05594,0.05292,0.00639,-0.03719,-0.157,1.9386,1.88143,1.87879,1.88224,2.02105
2003-04-22,1.9,1.9,1.906,1.89,5484.01,600068,0.00529,-0.0433,0.06802,0.02925,-0.04762,-0.15254,1.9214,1.88719,1.87966,1.88147,2.01966
2003-04-23,1.9,1.849,1.906,1.849,9821.0,600068,-0.02684,-0.04444,0.0376,-0.01017,-0.08511,-0.15878,1.9042,1.89038,1.87935,1.88007,2.01824
2003-04-24,1.8430000000000002,1.814,1.855,1.805,13004.85,600068,-0.01893,-0.06687,0.01967,-0.02052,-0.10508,-0.17695,1.8782,1.89205,1.87874,1.87834,2.01665
2003-04-25,1.811,1.795,1.84,1.7819999999999998,9688.87,600068,-0.01047,-0.07379,-0.02233,-0.03598,-0.1034,-0.16512,1.8496,1.8901,1.87766,1.87666,2.01521
2003-04-28,1.7890000000000001,1.817,1.821,1.757,11122.67,600068,0.01226,-0.03862,-0.00384,-0.0071,-0.09059,-0.16113,1.835,1.88976,1.87745,1.87519,2.01379
2003-04-29,1.821,1.786,1.824,1.7790000000000001,7980.77,600068,-0.01706,-0.06,-0.03927,-0.02083,-0.09752,-0.16425,1.8122,1.88629,1.87684,1.87362,2.01237
2003-04-30,1.7790000000000001,1.795,1.827,1.7790000000000001,8748.15,600068,0.00504,-0.0292,-0.03908,-0.00167,-0.0989,-0.16395,1.8014,1.88281,1.87679,1.87202,2.01093
2003-05-12,1.795,1.7790000000000001,1.811,1.766,7381.55,600068,-0.00891,-0.01929,-0.05723,-0.03942,-0.11272,-0.16006,1.7944,1.87767,1.87561,1.87018,2.00956
2003-05-13,1.7790000000000001,1.716,1.7890000000000001,1.716,15359.92,600068,-0.03541,-0.04401,-0.08284,-0.08772,-0.15343,-0.19247,1.7786,1.87029,1.87295,1.86765,2.00789
2003-05-14,1.716,1.8869999999999998,1.8869999999999998,1.709,27286.43,600068,0.09965,0.03853,0.0064,-0.00841,-0.07771,-0.13001,1.7926,1.87086,1.87269,1.86636,2.00675
2003-05-15,1.906,1.944,2.0269999999999997,1.906,101162.64,600068,0.03021,0.08847,0.0548,0.03349,-0.05996,-0.10907,1.8242,1.87567,1.87371,1.86535,2.00578
2003-05-16,1.944,1.9380000000000002,1.96,1.9,31195.0,600068,-0.00309,0.07967,0.05728,0.04813,-0.08282,-0.11182,1.8528,1.88067,1.87515,1.86393,2.00479
2003-05-19,1.9380000000000002,1.9409999999999998,1.954,1.906,18751.58,600068,0.00155,0.09106,0.01997,0.00989,-0.06728,-0.09847,1.8852,1.88248,1.87545,1.86279,2.00393
2003-05-20,1.925,1.8969999999999998,1.9409999999999998,1.8940000000000001,13602.23,600068,-0.02267,0.10548,-0.00992,-0.02917,-0.07554,-0.11644,1.9214,1.88157,1.87453,1.86153,2.00291
2003-05-21,1.8969999999999998,1.8940000000000001,1.913,1.89,8991.39,600068,-0.00158,0.00371,-0.03367,-0.03071,-0.05536,-0.11246,1.9228,1.87843,1.87356,1.86063,2.00193
2003-05-22,1.8940000000000001,1.9,1.916,1.871,11064.44,600068,0.00317,-0.02263,-0.05095,-0.01809,-0.04475,-0.10293,1.914,1.87357,1.873,1.8599,2.00105
2003-05-23,1.906,2.0909999999999997,2.0909999999999997,1.906,134193.47,600068,0.10053,0.07895,0.05287,0.08398,0.07176,-0.01275,1.9446,1.87857,1.87561,1.86104,2.00094
2003-05-26,2.1319999999999997,2.154,2.186,2.103,218890.0,600068,0.03013,0.10974,0.11318,0.12071,0.09507,0.08296,1.9872,1.889,1.87935,1.86256,2.00161
2003-05-27,2.151,2.126,2.151,2.097,72112.29,600068,-0.013,0.12072,0.09362,0.09701,0.10442,0.0504,2.033,1.89767,1.88239,1.8642,2.00202
2003-05-28,2.122,2.097,2.157,2.0909999999999997,51968.57,600068,-0.01364,0.10718,0.08204,0.09276,0.08709,0.06123,2.0736,1.90524,1.88526,1.86556,2.00252
2003-05-29,2.097,2.1830000000000003,2.246,2.094,103000.54,600068,0.04101,0.14895,0.15503,0.16241,0.12992,0.05714,2.1302,1.91919,1.89018,1.8676,2.003
2003-05-30,2.186,2.173,2.202,2.154,42000.13,600068,-0.00458,0.03922,0.14368,0.16328,0.1155,0.06729,2.1466,1.93219,1.8951,1.86943,2.00355
2003-06-02,2.186,2.186,2.2840000000000003,2.18,77849.9,600068,0.00598,0.01486,0.18226,0.1451,0.15053,0.07209,2.153,1.94824,1.89956,1.87176,2.00415
2003-06-03,2.176,2.129,2.18,2.122,36925.06,600068,-0.02608,0.00141,0.17365,0.11876,0.15143,0.06878,2.1536,1.96324,1.90321,1.87403,2.00471
2003-06-04,2.129,2.126,2.129,2.068,35920.75,600068,-0.00141,0.01383,0.1844,0.11895,0.13812,0.02954,2.1594,1.979,1.90685,1.87613,2.00496
2003-06-05,2.129,2.0709999999999997,2.1319999999999997,2.065,27721.58,600068,-0.02587,-0.05131,0.13979,0.09577,0.11046,0.01074,2.137,1.9911,1.90977,1.8778,2.00504
2003-06-06,2.068,2.024,2.0709999999999997,2.021,25329.07,600068,-0.02269,-0.06857,0.13326,0.04115,0.1042,0.00497,2.1072,2.00243,1.91106,1.87936,2.00509
2003-06-09,2.017,2.037,2.0780000000000003,2.008,22477.21,600068,0.00642,-0.06816,0.13482,0.05271,0.10347,0.01596,2.0774,2.01395,1.91271,1.88091,2.00522
2003-06-11,2.065,2.094,2.097,2.049,17189.96,600068,0.02798,-0.01644,0.17707,0.09462,0.1097,0.04283,2.0704,2.02895,1.91563,1.88259,2.00557
2003-06-12,2.097,2.11,2.154,2.0709999999999997,27742.84,600068,0.00764,-0.00753,0.2296,0.10298,0.11053,0.08875,2.0672,2.04771,1.91881,1.8843,2.00626
2003-06-13,2.126,2.126,2.141,2.103,18542.09,600068,0.00758,0.02656,0.12666,0.12845,0.14609,0.08802,2.0782,2.0591,1.92271,1.8865,2.00696
2003-06-16,2.129,2.106,2.154,2.0909999999999997,15819.39,600068,-0.00941,0.04051,0.08333,0.14457,0.12741,0.09573,2.0946,2.06681,1.927,1.88844,2.00771
2003-06-17,2.097,2.052,2.097,2.046,16647.87,600068,-0.02564,0.00736,0.05882,0.1062,0.0944,0.02191,2.0976,2.07224,1.93018,1.88988,2.00789
2003-06-18,2.046,2.033,2.0780000000000003,2.03,14807.28,600068,-0.00926,-0.02913,0.0474,0.0936,0.0936,0.01094,2.0854,2.07662,1.93298,1.89129,2.00798
2003-06-19,2.059,2.065,2.0909999999999997,2.04,17672.23,600068,0.01574,-0.02133,0.08856,0.13027,0.10902,0.03978,2.0764,2.08462,1.93682,1.89294,2.0083
2003-06-20,2.0709999999999997,2.043,2.094,2.04,11590.65,600068,-0.01065,-0.03904,0.07867,0.11275,0.10492,0.0064,2.0598,2.09171,1.94016,1.89452,2.00835
2003-06-23,2.043,2.017,2.049,2.0140000000000002,9941.31,600068,-0.01273,-0.04226,0.06158,0.09858,0.104,-0.00198,2.042,2.09729,1.94308,1.89607,2.00834
2003-06-24,2.0140000000000002,2.017,2.033,2.002,8150.44,600068,0.0,-0.01706,-0.03539,0.07976,0.11375,0.01561,2.035,2.09376,1.94548,1.89774,2.00846
2003-06-25,2.024,1.979,2.037,1.973,8632.49,600068,-0.01884,-0.02656,-0.08124,0.0832,0.09096,0.0061,2.0242,2.08543,1.94794,1.89908,2.00851
2003-06-26,1.979,1.995,1.9980000000000002,1.9409999999999998,13463.81,600068,0.00808,-0.0339,-0.06162,0.12331,0.09195,0.01942,2.0102,2.07919,1.95147,1.90045,2.00867
2003-06-27,1.995,1.944,1.995,1.9409999999999998,8030.54,600068,-0.02556,-0.04846,-0.07296,0.08301,0.06056,-0.02897,1.9904,2.0719,1.95387,1.90135,2.00843
2003-06-30,1.9380000000000002,1.932,1.954,1.925,6437.28,600068,-0.00617,-0.04214,-0.11498,0.086,0.04659,-0.02227,1.9734,2.05995,1.95634,1.90205,2.00825
2003-07-01,1.932,1.916,1.96,1.913,10685.08,600068,-0.00828,-0.05007,-0.11827,0.0752,0.0413,-0.04439,1.9532,2.04771,1.9585,1.90267,2.00789
2003-07-02,1.954,1.954,1.97,1.922,8118.79,600068,0.01983,-0.01263,-0.10613,0.09837,0.06776,-0.05831,1.9482,2.03667,1.96132,1.90367,2.0074
2003-07-03,1.9569999999999999,1.963,1.976,1.954,6797.99,600068,0.00461,-0.01604,-0.07797,0.06917,0.05822,-0.13941,1.9418,2.02876,1.96337,1.90455,2.00611
2003-07-04,1.963,1.9480000000000002,1.9669999999999999,1.9409999999999998,5126.21,600068,-0.00764,0.00206,-0.08373,0.06798,0.04619,-0.17036,1.9426,2.02029,1.96537,1.90525,2.00448
2003-07-07,1.925,1.935,1.9480000000000002,1.922,4660.96,600068,-0.00667,0.00155,-0.06567,0.04088,0.04313,-0.17131,1.9432,2.01381,1.9666,1.9059,2.00285
2003-07-08,1.935,1.96,1.963,1.929,5673.88,600068,0.01292,0.02296,-0.03162,0.04925,0.06522,-0.17508,1.952,2.01076,1.96808,1.90688,2.00116
2003-07-09,1.97,1.9409999999999998,1.97,1.9380000000000002,4049.29,600068,-0.00969,-0.00665,-0.04713,0.02862,0.09291,-0.20353,1.9494,2.00619,1.96895,1.90822,1.99915
2003-07-10,1.929,1.979,1.983,1.929,12218.42,600068,0.01958,0.00815,-0.05492,0.05772,0.11619,-0.17507,1.9526,2.00071,1.97069,1.90989,1.99744
2003-07-11,1.97,2.068,2.0909999999999997,1.9569999999999999,55250.91,600068,0.04497,0.0616,-0.01991,0.10293,0.18104,-0.13905,1.9766,1.99871,1.97381,1.91247,1.99608
2003-07-14,2.068,2.052,2.0709999999999997,2.03,28202.03,600068,-0.00774,0.06047,-0.03481,0.1134,0.18271,-0.14357,2.0,1.99519,1.97718,1.91505,1.99468
2003-07-15,2.059,2.0909999999999997,2.1,2.037,29608.82,600068,0.01901,0.06684,-0.00712,0.14075,0.22567,-0.10945,2.0262,1.99448,1.98134,1.91818,1.99364
2003-07-16,2.1,2.0780000000000003,2.1,2.059,13154.96,600068,-0.00622,0.07058,0.01267,0.09196,0.22235,-0.11725,2.0536,1.99571,1.98416,1.92125,1.99252
2003-07-17,2.075,2.075,2.0909999999999997,2.065,18397.98,600068,-0.00144,0.04851,0.02066,0.08299,0.21203,-0.12668,2.0728,1.99771,1.98673,1.9242,1.99129
2003-07-18,2.065,1.989,2.065,1.989,20497.42,600068,-0.04145,-0.0382,-0.0368,0.0148,0.16384,-0.16076,2.057,1.9941,1.98719,1.92648,1.98974
2003-07-21,1.989,2.002,2.024,1.97,17302.3,600068,0.00654,-0.02437,-0.02007,0.0,0.14139,-0.1307,2.047,1.99214,1.98719,1.9285,1.98852
2003-07-22,2.002,2.024,2.046,1.989,9183.76,600068,0.01099,-0.03204,0.00347,0.01913,0.13326,-0.12381,2.0336,1.99248,1.98781,1.93043,1.98736
2003-07-23,2.0269999999999997,2.0269999999999997,2.04,1.995,6242.82,600068,0.00148,-0.02454,0.00496,0.04755,0.14326,-0.12365,2.0234,1.99295,1.98929,1.9325,1.9862
2003-07-24,2.03,1.995,2.03,1.995,3992.26,600068,-0.01579,-0.03855,0.00808,0.02623,0.12712,-0.12308,2.0074,1.99371,1.99011,1.93433,1.98506
2003-07-25,1.9980000000000002,1.963,2.011,1.954,8206.53,600068,-0.01604,-0.01307,-0.01604,0.0129,0.04526,-0.14054,2.0022,1.99219,1.99052,1.93502,1.98375
2003-07-28,1.9569999999999999,1.9480000000000002,1.963,1.9380000000000002,6133.27,600068,-0.00764,-0.02697,0.00206,0.03069,0.05525,-0.15671,1.9914,1.99238,1.99145,1.93585,1.98228
2003-07-29,1.9480000000000002,1.9569999999999999,1.9669999999999999,1.944,5424.59,600068,0.00462,-0.0331,0.01294,0.03,0.04764,-0.15719,1.978,1.99357,1.99237,1.93657,1.9808
2003-07-30,1.954,1.935,1.97,1.925,8173.2,600068,-0.01124,-0.04539,0.00992,0.04651,0.04482,-0.16667,1.9596,1.99448,1.99376,1.93724,1.97922
2003-07-31,1.9380000000000002,1.9409999999999998,1.954,1.929,4381.54,600068,0.0031,-0.02707,-0.00665,0.07001,0.04243,-0.15166,1.9488,1.99386,1.99581,1.93789,1.97781
2003-08-01,1.9380000000000002,1.9569999999999999,1.976,1.932,4571.88,600068,0.00824,-0.00306,-0.00306,0.09025,0.0694,-0.14204,1.9476,1.99357,1.99842,1.93892,1.9765
2003-08-04,1.954,1.992,1.992,1.944,6613.74,600068,0.01788,0.02259,0.02259,0.09631,0.09211,-0.12785,1.9564,1.99567,2.00124,1.94028,1.97531
2003-08-05,2.002,1.9980000000000002,2.011,1.973,7541.96,600068,0.00301,0.02095,0.03256,0.1187,0.11123,-0.11554,1.9646,1.99867,2.00466,1.94191,1.97425
2003-08-06,2.002,1.973,2.002,1.97,4614.23,600068,-0.01251,0.01964,0.00663,0.09916,0.06533,-0.12428,1.9722,1.99929,2.00753,1.94289,1.97311
2003-08-07,1.992,1.976,1.995,1.963,3448.83,600068,0.00152,0.01803,0.01803,0.11074,0.05051,-0.12411,1.9792,2.00095,2.01071,1.94367,1.97197
2003-08-08,1.97,1.9569999999999999,1.97,1.9480000000000002,5344.76,600068,-0.00962,0.0,-0.01112,0.14044,0.02838,-0.13138,1.9792,1.9999,2.0146,1.94411,1.97077
2003-08-11,1.954,1.976,1.979,1.9480000000000002,4193.37,600068,0.00971,-0.00803,-0.04449,0.04716,0.05051,-0.11786,1.976,1.99552,2.01603,1.94488,1.9697
2003-08-12,1.963,1.96,1.986,1.9480000000000002,5004.47,600068,-0.0081,-0.01902,-0.04483,0.00823,0.06003,-0.12617,1.9684,1.99114,2.01629,1.94578,1.96854
2003-08-13,1.963,1.9380000000000002,1.9669999999999999,1.9380000000000002,3505.06,600068,-0.01122,-0.01774,-0.07317,0.0,0.00832,-0.13713,1.9614,1.98386,2.01629,1.94591,1.96729
2003-08-14,1.9380000000000002,1.935,1.963,1.929,5047.04,600068,-0.00155,-0.02075,-0.06882,-0.00309,-0.00972,-0.13384,1.9532,1.97705,2.01619,1.94576,1.96608
2003-08-15,1.929,1.9380000000000002,1.944,1.925,5859.46,600068,0.00155,-0.00971,-0.06602,0.02161,-0.00819,-0.14701,1.9494,1.97052,2.01685,1.94563,1.96472
2003-08-18,1.932,1.875,1.932,1.868,14739.43,600068,-0.03251,-0.05111,-0.05732,-0.01003,-0.03101,-0.17109,1.9292,1.9651,2.01655,1.94514,1.96315
2003-08-19,1.875,1.8430000000000002,1.8780000000000001,1.8359999999999999,12305.94,600068,-0.01707,-0.05969,-0.07942,-0.03,-0.04458,-0.17943,1.9058,1.95752,2.01563,1.94444,1.96151
2003-08-20,1.8430000000000002,1.821,1.849,1.805,10016.7,600068,-0.01194,-0.06037,-0.1003,-0.12912,-0.05255,-0.19031,1.8824,1.94786,2.01127,1.94362,1.95977
2003-08-21,1.827,1.827,1.8430000000000002,1.811,6119.56,600068,0.00329,-0.05581,-0.09867,-0.15181,-0.05728,-0.17851,1.8608,1.93833,2.006,1.94272,1.95815
2003-08-22,1.821,1.821,1.8519999999999999,1.817,6439.9,600068,-0.00328,-0.06037,-0.08722,-0.14346,-0.05107,-0.17899,1.8374,1.93005,2.00108,1.94192,1.95654
2003-08-25,1.811,1.811,1.821,1.805,4815.27,600068,-0.00549,-0.03413,-0.07743,-0.13639,-0.03568,-0.19043,1.8246,1.92281,1.99647,1.94137,1.95481
2003-08-26,1.811,1.83,1.8359999999999999,1.805,4150.39,600068,0.01049,-0.00705,-0.06057,-0.1617,-0.02034,-0.17716,1.822,1.91719,1.99077,1.94107,1.95321
2003-08-27,1.827,1.8359999999999999,1.8519999999999999,1.827,5668.52,600068,0.00328,0.00824,-0.06183,-0.15509,-0.03824,-0.17926,1.825,1.91143,1.98534,1.94047,1.95158
2003-08-28,1.84,1.808,1.84,1.805,4293.42,600068,-0.01525,-0.0104,-0.06563,-0.17292,-0.04992,-0.18338,1.8212,1.90538,1.97924,1.9397,1.94993
2003-08-29,1.808,1.859,1.859,1.7819999999999998,8914.26,600068,0.02821,0.02087,-0.04225,-0.12682,-0.02158,-0.17707,1.8288,1.90148,1.97489,1.93937,1.9483
2003-09-01,1.859,1.875,1.8780000000000001,1.83,8007.1,600068,0.00861,0.03534,-0.0419,-0.11806,-0.00794,-0.17109,1.8416,1.89757,1.97084,1.93924,1.94673
2003-09-02,1.875,1.855,1.89,1.849,6925.62,600068,-0.01067,0.01366,-0.06878,-0.1043,-0.04578,-0.18354,1.8466,1.89105,1.96735,1.93852,1.94503
2003-09-03,1.859,1.8780000000000001,1.89,1.855,5248.73,600068,0.0124,0.02288,-0.06006,-0.07213,-0.02946,-0.17196,1.855,1.88533,1.965,1.93806,1.94345
2003-09-04,1.8780000000000001,1.865,1.8869999999999998,1.8619999999999999,5418.72,600068,-0.00692,0.03153,-0.05474,-0.08444,-0.02509,-0.16629,1.8664,1.88019,1.96223,1.93767,1.94193
2003-09-05,1.868,1.827,1.868,1.821,5418.41,600068,-0.02038,-0.01721,-0.0754,-0.12751,-0.04496,-0.18655,1.86,1.8731,1.95792,1.93697,1.94023
2003-09-08,1.824,1.801,1.824,1.798,5093.58,600068,-0.01423,-0.03947,-0.07971,-0.14645,-0.04406,-0.1949,1.8452,1.86567,1.95294,1.93629,1.93846
2003-09-09,1.786,1.795,1.821,1.786,3594.48,600068,-0.00333,-0.03235,-0.0916,-0.15569,-0.02446,-0.19866,1.8332,1.85705,1.9476,1.93593,1.93665
2003-09-10,1.795,1.817,1.827,1.786,2643.82,600068,0.01226,-0.03248,-0.07296,-0.13723,-0.02049,-0.1852,1.821,1.85024,1.94294,1.93562,1.93497
2003-09-11,1.817,1.808,1.824,1.801,2257.88,600068,-0.00495,-0.03056,-0.06708,-0.11891,-0.02743,-0.18924,1.8096,1.84405,1.939,1.9352,1.93326
2003-09-12,1.808,1.7790000000000001,1.808,1.77,5115.68,600068,-0.01604,-0.02627,-0.08062,-0.12494,-0.02627,-0.2058,1.8,1.83662,1.9349,1.93481,1.93138
2003-09-15,1.776,1.76,1.805,1.76,3537.81,600068,-0.01068,-0.02277,-0.09185,-0.1477,-0.04139,-0.19377,1.7918,1.82814,1.92998,1.9342,1.92966
2003-09-16,1.7790000000000001,1.77,1.7790000000000001,1.7469999999999999,4056.49,600068,0.00568,-0.01393,-0.056,-0.13363,-0.03595,-0.1832,1.7868,1.82314,1.92558,1.93366,1.92805
2003-09-17,1.77,1.751,1.77,1.7469999999999999,3731.41,600068,-0.01073,-0.03632,-0.04992,-0.13188,-0.06263,-0.18368,1.7736,1.81876,1.92129,1.93271,1.92645
2003-09-18,1.751,1.7469999999999999,1.7630000000000001,1.744,3596.9,600068,-0.00228,-0.03374,-0.04064,-0.13386,-0.04379,-0.17672,1.7614,1.81524,1.91694,1.93206,1.92492
2003-09-19,1.7469999999999999,1.766,1.77,1.7469999999999999,3473.32,600068,0.01088,-0.00731,-0.03339,-0.10763,-0.00563,-0.16933,1.7588,1.81233,1.9135,1.93198,1.92346
2003-09-22,1.766,1.757,1.7730000000000001,1.7469999999999999,2318.29,600068,-0.0051,-0.0017,-0.03515,-0.1193,-0.02117,-0.17705,1.7582,1.80929,1.90966,1.93167,1.92192
2003-09-23,1.7630000000000001,1.766,1.77,1.744,3625.37,600068,0.00512,-0.00226,-0.02485,-0.09156,-0.00731,-0.17399,1.7574,1.80714,1.90679,1.93156,1.92041
2003-09-24,1.766,1.776,1.7819999999999998,1.757,3553.39,600068,0.00566,0.01428,-0.02951,-0.08075,-0.00337,-0.17318,1.7624,1.80457,1.90427,1.93151,1.9189
2003-09-25,1.776,1.751,1.7790000000000001,1.7469999999999999,2922.6,600068,-0.01408,0.00229,-0.0463,-0.08612,-0.01574,-0.16857,1.7632,1.80052,1.90161,1.93128,1.91746
2003-09-26,1.7469999999999999,1.751,1.76,1.7380000000000002,2487.44,600068,0.0,-0.00849,-0.03153,-0.10389,-0.0463,-0.16738,1.7602,1.79781,1.89834,1.93059,1.91602
2003-09-30,1.725,1.744,1.754,1.719,3800.78,600068,-0.004,-0.0074,-0.06186,-0.11156,-0.04386,-0.16714,1.7576,1.79233,1.89481,1.92994,1.9146
2003-10-08,1.7469999999999999,1.754,1.757,1.735,3139.9,600068,0.00573,-0.0068,-0.06453,-0.09959,-0.05648,-0.17961,1.7552,1.78657,1.89168,1.92909,1.91304
2003-10-09,1.754,1.751,1.776,1.7409999999999999,2615.52,600068,-0.00171,-0.01408,-0.05606,-0.09509,-0.06263,-0.17132,1.7502,1.78162,1.88871,1.92814,1.91157
2003-10-10,1.751,1.7890000000000001,1.798,1.7469999999999999,5838.48,600068,0.0217,0.0217,-0.04739,-0.08724,-0.05193,-0.14931,1.7578,1.77738,1.88595,1.92734,1.91029
2003-10-13,1.827,1.7730000000000001,1.827,1.7730000000000001,4618.4,600068,-0.00894,0.01256,-0.04933,-0.08655,-0.05238,-0.14923,1.7622,1.773,1.88324,1.92654,1.90903
2003-10-14,1.776,1.754,1.786,1.7469999999999999,3793.99,600068,-0.01072,0.00573,-0.03996,-0.11369,-0.06453,-0.16117,1.7642,1.76952,1.87961,1.92556,1.90766
2003-10-15,1.754,1.754,1.7790000000000001,1.7469999999999999,2706.07,600068,0.0,0.0,-0.0261,-0.15184,-0.04829,-0.15835,1.7642,1.76729,1.87455,1.92484,1.90632
2003-10-16,1.7469999999999999,1.7469999999999999,1.7790000000000001,1.744,2972.11,600068,-0.00399,-0.00228,-0.02674,-0.14864,-0.04692,-0.154,1.7634,1.765,1.86963,1.92414,1.90502
2003-10-17,1.7469999999999999,1.744,1.7630000000000001,1.7409999999999999,2358.15,600068,-0.00172,-0.02515,-0.04018,-0.16595,-0.08355,-0.13962,1.7544,1.76152,1.86403,1.92285,1.90387
2003-10-20,1.7409999999999999,1.722,1.751,1.716,4881.58,600068,-0.01261,-0.02876,-0.04757,-0.17132,-0.10125,-0.13986,1.7442,1.75743,1.85829,1.92127,1.90274
2003-10-21,1.719,1.7280000000000002,1.735,1.716,2737.33,600068,0.00348,-0.01482,-0.02867,-0.16723,-0.11837,-0.12683,1.739,1.755,1.85269,1.91938,1.90172
2003-10-22,1.732,1.766,1.786,1.7280000000000002,6318.79,600068,0.02199,0.00684,0.00341,-0.11212,-0.11788,-0.11788,1.7414,1.75529,1.8491,1.91746,1.90076
2003-10-23,1.766,1.76,1.7819999999999998,1.754,3525.7,600068,-0.0034,0.00744,-0.00565,-0.12088,-0.1138,-0.12742,1.744,1.75481,1.84519,1.91563,1.89971
2003-10-24,1.7630000000000001,1.776,1.776,1.7409999999999999,4685.35,600068,0.00909,0.01835,0.01428,-0.12253,-0.08217,-0.10439,1.7504,1.756,1.84119,1.91433,1.89887
2003-10-27,1.77,1.7409999999999999,1.77,1.732,4912.23,600068,-0.01971,0.01103,-0.00343,-0.1411,-0.10442,-0.12732,1.7542,1.75571,1.83658,1.91268,1.89784
2003-10-28,1.732,1.7819999999999998,1.786,1.722,7175.05,600068,0.02355,0.03125,0.00906,-0.10677,-0.0805,-0.08942,1.765,1.75648,1.83315,1.91141,1.89713
2003-10-29,1.7919999999999998,1.766,1.801,1.722,9674.69,600068,-0.00898,0.0,0.00512,-0.10036,-0.06561,-0.10036,1.765,1.7569,1.82997,1.91041,1.89633
2003-10-30,1.7630000000000001,1.735,1.7630000000000001,1.7280000000000002,5566.0,600068,-0.01755,-0.0142,-0.01755,-0.10934,-0.08684,-0.13033,1.76,1.75543,1.82653,1.90907,1.89527
2003-10-31,1.732,1.732,1.7730000000000001,1.716,4311.61,600068,-0.00173,-0.02477,-0.02477,-0.11497,-0.06328,-0.143,1.7512,1.75333,1.8229,1.90811,1.89409
2003-11-03,1.7469999999999999,1.801,1.814,1.732,17383.42,600068,0.03984,0.03446,0.02856,-0.06925,-0.00717,-0.11149,1.7632,1.75571,1.82074,1.90801,1.89317
2003-11-04,1.801,1.814,1.8359999999999999,1.7819999999999998,21947.88,600068,0.00722,0.01796,0.03598,-0.06543,0.01058,-0.09391,1.7696,1.75871,1.81869,1.90816,1.89241
2003-11-05,1.814,1.821,1.83,1.795,11076.88,600068,0.00386,0.03114,0.04415,-0.06949,0.0022,-0.08859,1.7806,1.76238,1.8165,1.9082,1.89169
2003-11-06,1.821,1.7919999999999998,1.827,1.7790000000000001,10678.76,600068,-0.01593,0.03285,0.02166,-0.1004,0.00336,-0.09449,1.792,1.76419,1.81327,1.90824,1.89093
2003-11-07,1.7890000000000001,1.7919999999999998,1.798,1.76,8377.9,600068,0.0,0.03464,0.02342,-0.1031,-0.00167,-0.1004,1.804,1.76614,1.80995,1.90822,1.89012
2003-11-10,1.7890000000000001,1.84,1.8430000000000002,1.7819999999999998,14389.87,600068,0.02679,0.02165,0.02851,-0.06741,0.03429,-0.08229,1.8118,1.76857,1.80781,1.90872,1.88945
2003-11-11,1.8459999999999999,1.8519999999999999,1.865,1.821,19065.99,600068,0.00652,0.02095,0.04456,-0.06275,0.07925,-0.08633,1.8194,1.77233,1.80581,1.90982,1.88874
2003-11-12,1.8519999999999999,1.811,1.8519999999999999,1.811,9989.79,600068,-0.02214,-0.00549,0.0325,-0.0746,-0.04028,-0.11486,1.8174,1.77505,1.80345,1.9092,1.88778
2003-11-13,1.808,1.859,1.868,1.801,14866.37,600068,0.0265,0.03739,0.05986,-0.05921,-0.04372,-0.10106,1.8308,1.78005,1.80156,1.90851,1.88693
2003-11-14,1.868,1.871,1.8869999999999998,1.8430000000000002,21078.31,600068,0.00646,0.04408,0.07098,-0.04541,-0.03457,-0.11453,1.8466,1.78595,1.80013,1.90797,1.88595
2003-11-17,1.875,1.849,1.881,1.8359999999999999,11752.35,600068,-0.01176,0.00489,0.06021,-0.04592,-0.0474,-0.11148,1.8484,1.79095,1.79869,1.90722,1.885
2003-11-18,1.868,1.7890000000000001,1.871,1.7890000000000001,16756.87,600068,-0.03245,-0.03402,0.03891,-0.07545,-0.05693,-0.12817,1.8358,1.79414,1.79634,1.90634,1.88393
2003-11-19,1.7790000000000001,1.7890000000000001,1.805,1.7630000000000001,13402.17,600068,0.0,-0.01215,0.0353,-0.07688,-0.05544,-0.10773,1.8314,1.79705,1.79394,1.90549,1.88306
2003-11-20,1.7890000000000001,1.821,1.8330000000000002,1.754,22581.87,600068,0.01789,-0.02044,0.03114,-0.0288,-0.04158,-0.08446,1.8238,1.79967,1.79306,1.90485,1.88237
2003-11-21,1.821,1.801,1.855,1.798,17795.47,600068,-0.01098,-0.03741,0.0233,-0.02279,-0.13869,-0.07688,1.8098,1.80162,1.79239,1.90249,1.88176
2003-11-24,1.795,1.8519999999999999,1.871,1.7790000000000001,19271.6,600068,0.02832,0.00162,0.04279,0.01702,-0.1402,-0.05846,1.8104,1.80524,1.79289,1.90003,1.8813
2003-11-25,1.849,1.8359999999999999,1.868,1.827,24769.03,600068,-0.00864,0.02627,0.05457,0.00493,-0.13641,-0.04623,1.8198,1.80976,1.79303,1.89767,1.88093
2003-11-26,1.8330000000000002,1.8840000000000001,1.929,1.83,45696.9,600068,0.02614,0.0531,0.05724,0.0346,-0.10157,-0.02333,1.8388,1.81462,1.79405,1.89594,1.88075
2003-11-27,1.881,1.8459999999999999,1.8840000000000001,1.8430000000000002,15039.25,600068,-0.02017,0.01373,0.0453,0.01933,-0.15437,-0.04451,1.8438,1.81843,1.79461,1.8932,1.8804
2003-11-28,1.8459999999999999,1.8619999999999999,1.8940000000000001,1.8359999999999999,9936.9,600068,0.00867,0.03387,0.0732,0.01749,-0.14312,-0.04415,1.856,1.82448,1.79513,1.89067,1.88005
2003-12-01,1.8619999999999999,1.881,1.89,1.8430000000000002,16552.68,600068,0.0102,0.01566,0.08603,0.02451,-0.13952,-0.01,1.8618,1.83157,1.79585,1.8882,1.87998
2003-12-02,1.8940000000000001,1.875,1.8940000000000001,1.865,12805.53,600068,-0.00319,0.02124,0.04109,0.03706,-0.1193,0.01406,1.8696,1.8351,1.79694,1.88613,1.88008
2003-12-03,1.859,1.8940000000000001,1.944,1.859,28721.33,600068,0.01013,0.00531,0.0441,0.01883,-0.10913,0.01392,1.8716,1.8389,1.7975,1.88424,1.88019
2003-12-04,1.89,1.8969999999999998,1.909,1.881,14732.45,600068,0.00158,0.02763,0.04174,0.01173,-0.08402,0.01716,1.8818,1.84252,1.79785,1.88283,1.88032
2003-12-05,1.89,1.875,1.9,1.855,13895.46,600068,-0.0116,0.00698,0.04632,0.01078,-0.07362,0.02291,1.8844,1.84648,1.79818,1.88162,1.88049
2003-12-08,1.875,1.849,1.906,1.849,8622.8,600068,-0.01387,-0.01701,0.03181,-0.01544,-0.09229,0.00163,1.878,1.84919,1.79771,1.88009,1.8805
2003-12-09,1.849,1.859,1.859,1.8359999999999999,5221.16,600068,0.00541,-0.00853,0.01033,-0.00322,-0.11223,-0.01484,1.8748,1.8501,1.79761,1.87818,1.88039
2003-12-10,1.8619999999999999,1.871,1.875,1.8459999999999999,11602.7,600068,0.00646,-0.01214,0.01026,0.02408,-0.11327,-0.01526,1.8702,1.851,1.79832,1.87624,1.88027
2003-12-11,1.871,1.865,1.871,1.849,10604.79,600068,-0.00321,-0.01687,0.02982,0.03554,-0.12277,0.00539,1.8638,1.85357,1.79935,1.87411,1.88031
2003-12-12,1.865,1.8619999999999999,1.868,1.849,14119.96,600068,-0.00161,-0.00693,0.00161,0.03733,-0.11586,-0.00321,1.8612,1.85371,1.80044,1.87213,1.88028
2003-12-15,1.875,1.906,1.916,1.875,34461.06,600068,0.02363,0.03083,0.01871,0.04898,-0.07115,0.01653,1.8726,1.85538,1.80187,1.87094,1.88041
2003-12-16,1.906,1.8840000000000001,1.909,1.8459999999999999,13281.57,600068,-0.01154,0.01345,0.01893,0.04204,-0.07329,0.01345,1.8776,1.85705,1.8031,1.86973,1.88051
2003-12-17,1.875,1.859,1.8940000000000001,1.859,10316.7,600068,-0.01327,-0.00641,0.03913,0.04497,-0.09976,-0.00161,1.8752,1.86038,1.80439,1.86806,1.8805
2003-12-18,1.855,1.83,1.859,1.814,14526.94,600068,-0.0156,-0.01877,0.02292,0.03977,-0.10426,-0.01028,1.8682,1.86233,1.80552,1.86633,1.88042
2003-12-19,1.83,1.786,1.849,1.766,19281.14,600068,-0.02404,-0.04082,-0.01922,0.00904,-0.11453,-0.02244,1.853,1.86067,1.80577,1.86445,1.88026
2003-12-22,1.7790000000000001,1.8330000000000002,1.8330000000000002,1.776,17302.51,600068,0.02632,-0.0383,0.01777,0.04683,-0.09122,0.01215,1.8384,1.86219,1.8071,1.86295,1.88035
2003-12-23,1.849,1.855,1.881,1.8330000000000002,16469.5,600068,0.012,-0.01539,0.00162,0.06182,-0.06266,0.0226,1.8326,1.86233,1.80884,1.86194,1.88051
2003-12-24,1.855,1.855,1.868,1.827,13710.63,600068,0.0,-0.00215,0.01035,0.0504,-0.07018,0.01533,1.8318,1.86324,1.81027,1.8608,1.88063
2003-12-25,1.859,1.8619999999999999,1.8869999999999998,1.849,13707.6,600068,0.00377,0.01749,-0.01168,0.05976,-0.04218,0.01582,1.8382,1.86219,1.81197,1.86014,1.88074
2003-12-26,1.868,1.8840000000000001,1.9,1.859,18168.66,600068,0.01182,0.05487,0.02059,0.06682,-0.02484,0.02059,1.8578,1.864,1.81387,1.85975,1.8809
2003-12-29,1.881,1.8430000000000002,1.881,1.8430000000000002,7971.06,600068,-0.02176,0.00546,-0.0102,0.03773,-0.0381,0.00163,1.8598,1.8631,1.81495,1.85915,1.88091
2003-12-30,1.8359999999999999,1.8330000000000002,1.8519999999999999,1.811,10391.21,600068,-0.00543,-0.01186,-0.02552,0.04683,-0.06192,0.00164,1.8554,1.86081,1.81627,1.85817,1.88092
2003-12-31,1.83,1.805,1.83,1.805,8393.52,600068,-0.01528,-0.02695,-0.03733,0.03084,-0.08049,-0.02695,1.8454,1.85748,1.81715,1.85689,1.88072
2004-01-02,1.805,1.814,1.871,1.805,5689.54,600068,0.00499,-0.02578,-0.04224,0.04014,-0.06879,-0.02578,1.8358,1.85367,1.81827,1.8558,1.88052
2004-01-05,1.814,1.827,1.827,1.786,21655.18,600068,0.00717,-0.03025,-0.0369,0.04162,-0.05581,-0.01509,1.8244,1.85033,1.81945,1.85492,1.88041
2004-01-06,1.8359999999999999,1.811,1.8430000000000002,1.795,20933.57,600068,-0.00876,-0.01736,-0.03413,0.03427,-0.07602,-0.01576,1.818,1.84729,1.82042,1.85371,1.88029
2004-01-07,1.824,1.849,1.871,1.7790000000000001,28632.15,600068,0.02098,0.00873,0.0,0.03354,-0.0474,0.0411,1.8212,1.84729,1.82139,1.85296,1.88059
2004-01-08,1.859,1.859,1.8619999999999999,1.811,22673.32,600068,0.00541,0.02992,0.0,0.04851,-0.06064,0.04851,1.832,1.84729,1.82277,1.85198,1.88094
2004-01-09,1.859,1.875,1.916,1.8430000000000002,48715.68,600068,0.00861,0.03363,0.00214,0.06899,-0.09333,0.07082,1.8442,1.84748,1.82473,1.85041,1.88144
2004-01-12,1.875,1.903,1.932,1.859,30109.73,600068,0.01493,0.0416,0.02038,0.08495,-0.07261,0.09683,1.8594,1.84929,1.82713,1.8492,1.88213
2004-01-13,1.903,1.8869999999999998,1.922,1.8619999999999999,26114.23,600068,-0.00841,0.04197,0.01343,0.08014,-0.09756,0.1061,1.8746,1.85048,1.82939,1.84754,1.88286
2004-01-14,1.8869999999999998,1.8619999999999999,1.8869999999999998,1.8519999999999999,12349.99,600068,-0.01325,0.00703,-0.02308,0.06766,-0.10395,0.09529,1.8772,1.84838,1.83129,1.84579,1.88352
2004-01-15,1.859,1.8969999999999998,1.909,1.8519999999999999,21800.83,600068,0.0188,0.02044,0.0069,0.10163,-0.08578,0.10806,1.8848,1.849,1.83411,1.84434,1.88427
2004-01-16,1.906,1.8969999999999998,1.909,1.8869999999999998,17531.46,600068,0.0,0.01173,0.02044,0.0978,-0.04625,0.11001,1.8892,1.85081,1.83684,1.84359,1.88504
2004-01-29,1.906,1.9480000000000002,1.963,1.9,28588.65,600068,0.02688,0.02365,0.06448,0.10306,-0.02697,0.1106,1.8982,1.85643,1.83977,1.84315,1.88583
2004-01-30,1.9480000000000002,1.916,1.9569999999999999,1.909,20613.65,600068,-0.01643,0.01537,0.07279,0.08864,-0.05336,0.07279,1.904,1.86262,1.84229,1.84228,1.88635
2004-02-02,1.916,1.944,1.9669999999999999,1.9,29621.19,600068,0.01461,0.04404,0.06056,0.09459,-0.04095,0.09645,1.9204,1.8679,1.845,1.8416,1.88705
2004-02-03,1.944,1.979,1.986,1.932,39791.53,600068,0.018,0.04323,0.06685,0.1367,-0.00802,0.11808,1.9368,1.87381,1.84884,1.84147,1.8879
2004-02-04,1.986,1.979,1.9980000000000002,1.9569999999999999,29817.61,600068,0.0,0.04323,0.06685,0.11055,0.00815,0.05378,1.9532,1.87971,1.85202,1.8416,1.88831
2004-02-05,1.986,2.033,2.059,1.986,58188.38,600068,0.02729,0.04363,0.09184,0.15119,0.04363,0.1013,1.9702,1.88786,1.85632,1.84229,1.88907
2004-02-06,2.0269999999999997,1.979,2.0269999999999997,1.97,44763.44,600068,-0.02656,0.03288,0.05042,0.14063,0.01124,0.05942,1.9828,1.89238,1.86026,1.84247,1.88952
2004-02-09,1.976,2.011,2.024,1.97,24231.84,600068,0.01617,0.03447,0.09116,0.16109,0.03928,0.08585,1.9962,1.90038,1.86476,1.84309,1.89017
2004-02-10,2.011,1.983,2.024,1.973,25392.95,600068,-0.01392,0.00202,0.08183,0.10105,0.02164,0.06498,1.997,1.90752,1.86769,1.84343,1.89066
2004-02-11,1.986,1.9980000000000002,2.017,1.976,23919.51,600068,0.00756,0.0096,0.10693,0.10143,0.02095,0.0918,2.0008,1.91671,1.87066,1.84376,1.89134
2004-02-12,1.9980000000000002,2.017,2.043,1.986,24499.78,600068,0.00951,-0.00787,0.11191,0.10763,0.01255,0.10581,1.9976,1.92638,1.87382,1.84397,1.89213
2004-02-13,2.0269999999999997,2.005,2.062,2.002,39218.65,600068,-0.00595,0.01314,0.09743,0.11886,0.0035,0.11513,2.0028,1.93486,1.87726,1.84402,1.89297
2004-02-16,2.011,2.03,2.033,1.989,25091.24,600068,0.01247,0.00945,0.12093,0.13281,0.02889,0.09611,2.0066,1.94529,1.8811,1.84449,1.89369
2004-02-17,2.04,2.037,2.046,2.0140000000000002,26333.61,600068,0.00345,0.02723,0.10168,0.10707,0.03087,0.08293,2.0174,1.95424,1.88427,1.84498,1.89433
2004-02-18,2.037,2.03,2.043,2.005,30053.49,600068,-0.00344,0.01602,0.09198,0.09611,0.0373,0.06674,2.0238,1.96238,1.88715,1.84558,1.89484
2004-02-19,2.037,2.1,2.106,2.03,78381.1,600068,0.03448,0.04115,0.12,0.15958,0.06275,0.11643,2.0404,1.9731,1.89181,1.84659,1.89573
2004-02-20,2.129,2.113,2.16,2.084,73867.75,600068,0.00619,0.05387,0.11035,0.13663,0.07806,0.14278,2.062,1.9831,1.8959,1.84783,1.8968
2004-02-23,2.129,2.062,2.154,2.059,79732.95,600068,-0.02414,0.01576,0.09274,0.10208,0.06398,0.07284,2.0684,1.99143,1.89898,1.84884,1.89737
2004-02-24,2.059,2.056,2.081,2.008,41049.63,600068,-0.00291,0.00933,0.10419,0.11195,0.06253,0.0522,2.0722,2.00067,1.90232,1.84982,1.89779
2004-02-25,2.059,1.995,2.0709999999999997,1.986,30416.14,600068,-0.02967,-0.01724,0.05166,0.11515,0.02941,0.02098,2.0652,2.00533,1.90565,1.85028,1.89796
2004-02-26,1.986,1.9669999999999999,1.995,1.9509999999999998,24848.68,600068,-0.01404,-0.06333,0.0369,0.0995,0.04907,0.01654,2.0386,2.00867,1.90852,1.85103,1.89809
2004-02-27,1.9669999999999999,1.983,1.995,1.9669999999999999,16465.1,600068,0.00813,-0.06152,0.01797,0.08896,0.07596,0.02799,2.0126,2.01033,1.91113,1.85217,1.8983
2004-03-01,1.989,2.011,2.0140000000000002,1.986,15181.52,600068,0.01412,-0.02473,0.04958,0.1166,0.10434,0.04631,2.0024,2.01486,1.91452,1.85372,1.89867
2004-03-02,2.011,2.011,2.024,1.995,17549.08,600068,0.0,-0.02189,0.03447,0.08585,0.10071,0.03767,1.9934,2.01805,1.91708,1.85521,1.89896
2004-03-03,2.0140000000000002,1.983,2.033,1.976,16427.51,600068,-0.01392,-0.00602,0.00202,0.08007,0.08896,0.03335,1.991,2.01824,1.91945,1.85653,1.89922
2004-03-04,1.97,2.002,2.002,1.954,18276.83,600068,0.00958,0.01779,0.01162,0.06263,0.10547,0.06603,1.998,2.01933,1.92135,1.85808,1.89973
2004-03-05,2.002,2.043,2.059,1.989,37838.95,600068,0.02048,0.03026,0.00492,0.10672,0.11639,0.09368,2.01,2.01981,1.92453,1.85981,1.90044
2004-03-08,2.049,1.976,2.049,1.97,22025.99,600068,-0.03279,-0.0174,-0.00152,0.06122,0.07625,0.0351,2.003,2.01967,1.92637,1.86095,1.90071
2004-03-09,1.97,1.976,1.992,1.963,13862.94,600068,0.0,-0.0174,-0.0174,0.05051,0.09292,0.03836,1.996,2.018,1.9279,1.86232,1.90101
2004-03-10,1.989,1.9980000000000002,2.002,1.963,12652.5,600068,0.01113,0.00756,0.00756,0.0656,0.07477,0.05158,1.999,2.01871,1.92989,1.86345,1.90141
2004-03-11,1.989,2.017,2.03,1.986,23272.31,600068,0.00951,0.00749,0.00951,0.06494,0.07573,0.0672,2.002,2.01962,1.93187,1.8646,1.90192
2004-03-12,2.017,1.989,2.0269999999999997,1.979,11160.25,600068,-0.01388,-0.02643,-0.01388,0.0485,0.07224,0.02315,1.9912,2.01829,1.93335,1.86569,1.90211
2004-03-15,1.989,2.021,2.033,1.986,20666.93,600068,0.01609,0.02277,0.00798,0.07787,0.07614,0.04444,2.0002,2.01905,1.93571,1.86685,1.90246
2004-03-16,2.0269999999999997,2.043,2.056,2.024,27534.73,600068,0.01089,0.03391,0.0064,0.10492,0.09544,0.06796,2.0136,2.01967,1.93884,1.8683,1.90298
2004-03-17,2.043,2.03,2.049,2.017,14638.4,600068,-0.00636,0.01602,-0.00344,0.09198,0.11111,0.06116,2.02,2.01933,1.9416,1.86995,1.90346
2004-03-18,2.024,2.011,2.056,2.008,16270.0,600068,-0.00936,-0.00297,-0.00936,0.07483,0.1166,0.06741,2.0188,2.01843,1.94385,1.87166,1.90398
2004-03-19,2.008,2.021,2.0269999999999997,1.992,17114.16,600068,0.00497,0.01609,-0.03762,0.08365,0.12591,0.09837,2.0252,2.01467,1.94637,1.8735,1.90471
2004-03-22,2.0140000000000002,2.065,2.065,1.976,41303.92,600068,0.02177,0.02177,-0.02272,0.10902,0.13649,0.11321,2.034,2.01238,1.94965,1.87551,1.90557
2004-03-23,2.0709999999999997,2.097,2.11,2.056,97448.31,600068,0.0155,0.02643,0.01697,0.10021,0.15985,0.12803,2.0448,2.01405,1.95273,1.87786,1.90653
2004-03-24,2.097,2.065,2.097,2.056,31515.14,600068,-0.01526,0.01724,0.00438,0.09607,0.16076,0.13027,2.0518,2.01448,1.95565,1.88019,1.9075
2004-03-25,2.059,2.046,2.0709999999999997,2.04,16311.68,600068,-0.0092,0.0174,0.02556,0.10059,0.1625,0.11438,2.0588,2.0169,1.95866,1.88251,1.90835
2004-03-26,2.043,2.043,2.049,2.0269999999999997,13500.01,600068,-0.00147,0.01089,0.03864,0.11639,0.15424,0.11275,2.0632,2.02052,1.9621,1.88473,1.9092
2004-03-29,2.043,2.0140000000000002,2.049,2.0140000000000002,13176.0,600068,-0.01419,-0.0247,0.01563,0.12766,0.1502,0.07816,2.053,2.022,1.96577,1.88687,1.90979
2004-03-30,2.0140000000000002,2.005,2.0269999999999997,1.989,12365.59,600068,-0.00447,-0.04387,-0.00298,0.09384,0.14768,0.09743,2.0346,2.02171,1.96855,1.88897,1.91051
2004-03-31,2.002,2.0269999999999997,2.04,2.002,12072.98,600068,0.01097,-0.0184,0.00796,0.09272,0.14779,0.14133,2.027,2.02248,1.97132,1.89109,1.91153
2004-04-01,2.0269999999999997,2.03,2.037,2.017,15013.6,600068,0.00148,-0.00782,0.0237,0.09434,0.15538,0.13092,2.0238,2.02471,1.97415,1.89331,1.91249
2004-04-02,2.033,2.037,2.056,2.03,16427.75,600068,0.00345,-0.00294,0.01748,0.09398,0.15345,0.14503,2.0226,2.02638,1.97697,1.89551,1.91354
2004-04-05,2.037,2.021,2.043,2.011,20405.38,600068,-0.00785,0.00348,-0.01077,0.07272,0.13795,0.13412,2.024,2.02533,1.97918,1.8975,1.91451
2004-04-06,2.021,2.059,2.062,2.011,18516.46,600068,0.0188,0.02693,0.042,0.1172,0.1759,0.15739,2.0348,2.02929,1.98266,1.90001,1.91565
2004-04-07,2.059,2.046,2.0709999999999997,2.033,18430.79,600068,-0.00631,0.00937,0.03543,0.1162,0.16848,0.11438,2.0386,2.03262,1.9861,1.90241,1.9165
2004-04-08,2.046,2.037,2.046,2.0269999999999997,13427.85,600068,-0.0044,0.00345,0.01952,0.12853,0.168,0.11678,2.04,2.03448,1.98984,1.90479,1.91737
2004-04-09,2.037,1.976,2.037,1.96,24660.86,600068,-0.02995,-0.02995,-0.02033,0.08931,0.12657,0.06294,2.0278,2.03252,1.99245,1.90659,1.91784
2004-04-12,1.97,1.973,1.979,1.954,14655.77,600068,-0.00152,-0.02375,-0.00804,0.07991,0.12678,0.05621,2.0182,2.03176,1.99481,1.9084,1.91827
2004-04-13,1.973,1.96,1.986,1.954,12148.49,600068,-0.00659,-0.04808,-0.03018,0.08227,0.09558,0.03869,1.9984,2.02886,1.99721,1.90979,1.91857
2004-04-14,1.9569999999999999,1.932,1.97,1.922,14691.77,600068,-0.01429,-0.05572,-0.05433,0.04489,0.08968,0.0326,1.9756,2.02357,1.99855,1.91108,1.91881
2004-04-15,1.932,1.913,1.944,1.906,12944.39,600068,-0.00983,-0.06087,-0.05764,0.02905,0.09065,0.02027,1.9508,2.018,1.99942,1.91237,1.91897
2004-04-16,1.913,1.903,1.932,1.865,20281.69,600068,-0.00523,-0.03694,-0.0537,0.01493,0.08495,0.03256,1.9362,2.01286,1.99987,1.91359,1.91921
2004-04-19,1.903,1.875,1.906,1.871,9801.54,600068,-0.01471,-0.04967,-0.07224,-0.01471,0.07327,0.02291,1.9166,2.0059,1.99942,1.91463,1.91938
2004-04-20,1.8940000000000001,1.89,1.903,1.875,8363.06,600068,0.008,-0.03571,-0.08475,0.00159,0.08372,-0.00683,1.9026,1.99757,1.99947,1.91581,1.91933
2004-04-21,1.89,1.8969999999999998,1.913,1.8840000000000001,7801.08,600068,0.0037,-0.01812,-0.09537,0.0188,0.10163,-0.00992,1.8956,1.98805,2.00003,1.91724,1.91925
2004-04-22,1.8969999999999998,1.8940000000000001,1.906,1.8840000000000001,5899.11,600068,-0.00158,-0.00993,-0.08281,-0.00158,0.09606,-0.03367,1.8918,1.9799,1.99998,1.91859,1.91898
2004-04-23,1.9,1.868,1.903,1.8619999999999999,8466.2,600068,-0.01373,-0.01839,-0.087,-0.01529,0.05776,-0.06693,1.8848,1.97143,1.99952,1.91941,1.91844
2004-04-26,1.8619999999999999,1.868,1.903,1.8519999999999999,7385.15,600068,0.0,-0.00373,-0.08566,-0.04107,0.06136,-0.05942,1.8834,1.9631,1.99823,1.92029,1.91796
2004-04-27,1.868,1.8330000000000002,1.875,1.827,9991.29,600068,-0.01874,-0.03016,-0.08987,-0.04332,0.03209,-0.05271,1.872,1.95448,1.99689,1.92076,1.91754
2004-04-29,1.8330000000000002,1.814,1.855,1.808,9756.82,600068,-0.01037,-0.04375,-0.09526,-0.06687,0.04193,-0.06687,1.8554,1.94538,1.99479,1.92135,1.91702
2004-04-30,1.8430000000000002,1.808,1.868,1.795,12542.54,600068,-0.00331,-0.04541,-0.10804,-0.08641,0.01459,-0.06708,1.8382,1.93495,1.99203,1.92156,1.91649
2004-05-10,1.808,1.786,1.8430000000000002,1.7819999999999998,6655.88,600068,-0.01217,-0.0439,-0.1202,-0.09752,0.01133,-0.05503,1.8218,1.92333,1.98892,1.92172,1.91607
2004-05-11,1.786,1.801,1.805,1.766,5694.91,600068,0.0084,-0.03587,-0.11586,-0.11412,0.03804,-0.05211,1.8084,1.9121,1.98518,1.92226,1.91566
2004-05-12,1.805,1.859,1.868,1.795,12805.41,600068,0.0322,0.01418,-0.08016,-0.06064,0.07333,0.00541,1.8136,1.90438,1.98324,1.92329,1.9157
2004-05-13,1.8619999999999999,1.849,1.8619999999999999,1.8330000000000002,5347.14,600068,-0.00538,0.01929,-0.10199,-0.08056,0.02665,0.01929,1.8206,1.89438,1.98063,1.92368,1.91585
2004-05-14,1.8519999999999999,1.808,1.8519999999999999,1.801,5345.79,600068,-0.02217,0.0,-0.11632,-0.08825,-0.00331,0.00724,1.8206,1.88305,1.97781,1.92363,1.9159
2004-05-17,1.808,1.811,1.817,1.798,4835.55,600068,0.00166,0.014,-0.11095,-0.09359,-0.00549,-0.0033,1.8256,1.87229,1.97479,1.92355,1.91587
2004-05-18,1.805,1.84,1.84,1.801,5029.63,600068,0.01601,0.02165,-0.06883,-0.08775,0.02679,0.03024,1.8334,1.86581,1.97194,1.92394,1.91609
2004-05-19,1.84,1.8330000000000002,1.868,1.8330000000000002,6761.52,600068,-0.0038,-0.01399,-0.07096,-0.08579,0.02288,0.02117,1.8282,1.85914,1.96916,1.92428,1.91625
2004-05-20,1.817,1.8359999999999999,1.8619999999999999,1.817,6220.44,600068,0.00164,-0.00703,-0.06327,-0.09557,-0.00217,0.03204,1.8256,1.85324,1.96603,1.92424,1.91648
2004-05-21,1.7,1.817,1.8430000000000002,1.7,5640.59,600068,-0.01035,0.00498,-0.05952,-0.108,-0.0189,0.05886,1.8274,1.84776,1.96248,1.92396,1.91689
2004-05-24,1.817,1.7819999999999998,1.83,1.7790000000000001,5762.55,600068,-0.01926,-0.01601,-0.06848,-0.12217,-0.01601,-0.05564,1.8216,1.84152,1.95848,1.92372,1.91646
2004-05-25,1.7819999999999998,1.811,1.849,1.7790000000000001,13469.73,600068,0.01627,-0.01576,-0.04834,-0.13762,-0.02582,-0.06842,1.8158,1.83714,1.95382,1.92333,1.91592
2004-05-26,1.811,1.7890000000000001,1.811,1.7790000000000001,5402.54,600068,-0.01215,-0.024,-0.04587,-0.15334,-0.04383,-0.07688,1.807,1.83305,1.9486,1.92267,1.91532
2004-05-27,1.7890000000000001,1.821,1.8330000000000002,1.786,8117.66,600068,0.01789,-0.00817,-0.03651,-0.11688,-0.01514,-0.06182,1.804,1.82976,1.94471,1.92244,1.91483
2004-05-28,1.827,1.786,1.8330000000000002,1.7790000000000001,8223.12,600068,-0.01922,-0.01706,-0.05851,-0.13132,-0.00168,-0.05851,1.7978,1.82448,1.94035,1.92241,1.91438
2004-05-31,1.7919999999999998,1.7730000000000001,1.7919999999999998,1.7630000000000001,5697.91,600068,-0.00728,-0.00505,-0.06389,-0.11128,-0.00894,-0.06389,1.796,1.81871,1.93677,1.92228,1.91389
2004-06-01,1.7730000000000001,1.795,1.805,1.7730000000000001,7587.33,600068,0.01241,-0.00883,-0.03908,-0.08744,-0.01428,-0.05526,1.7928,1.81524,1.934,1.92207,1.91346
2004-06-02,1.808,1.7790000000000001,1.808,1.7730000000000001,5440.02,600068,-0.00891,-0.00559,-0.04764,-0.10287,-0.01222,-0.14921,1.7908,1.811,1.93071,1.92189,1.91219
2004-06-03,1.7790000000000001,1.751,1.795,1.7380000000000002,9220.76,600068,-0.01574,-0.03844,-0.04474,-0.12929,-0.05454,-0.18709,1.7768,1.8071,1.92652,1.92107,1.91055
2004-06-04,1.751,1.7630000000000001,1.7730000000000001,1.7409999999999999,5052.21,600068,0.00685,-0.01288,-0.02811,-0.12332,-0.03976,-0.17074,1.7722,1.80467,1.92252,1.92048,1.90908
2004-06-07,1.7469999999999999,1.735,1.7630000000000001,1.7280000000000002,4117.52,600068,-0.01588,-0.02143,-0.04038,-0.12506,-0.07909,-0.17263,1.7646,1.80119,1.91852,1.91927,1.90761
2004-06-08,1.735,1.719,1.735,1.716,5272.5,600068,-0.00922,-0.04234,-0.03751,-0.14136,-0.0688,-0.21255,1.7494,1.798,1.91395,1.91824,1.90572
2004-06-09,1.716,1.712,1.732,1.709,5996.29,600068,-0.00407,-0.03766,-0.04942,-0.16202,-0.08056,-0.21215,1.736,1.79376,1.90861,1.91702,1.90385
2004-06-10,1.716,1.719,1.7280000000000002,1.709,6904.08,600068,0.00409,-0.01828,-0.07531,-0.13006,-0.08612,-0.21363,1.7296,1.7871,1.90447,1.9157,1.90195
2004-06-11,1.716,1.7280000000000002,1.754,1.716,6223.07,600068,0.00524,-0.01985,-0.06544,-0.12551,-0.0784,-0.18835,1.7226,1.78133,1.90047,1.9145,1.90032
2004-06-14,1.732,1.703,1.732,1.7,7864.0,600068,-0.01447,-0.01844,-0.05808,-0.14765,-0.10084,-0.19897,1.7162,1.77633,1.89571,1.91295,1.8986
2004-06-15,1.6969999999999998,1.719,1.735,1.6869999999999998,5394.99,600068,0.0094,0.0,-0.0508,-0.14774,-0.09383,-0.16997,1.7162,1.77195,1.8909,1.9115,1.89717
2004-06-17,1.751,1.706,1.7630000000000001,1.706,7480.06,600068,-0.00756,-0.0035,-0.07283,-0.14228,-0.09013,-0.15711,1.715,1.76557,1.88634,1.91013,1.89587
2004-06-18,1.7,1.6969999999999998,1.712,1.693,5621.1,600068,-0.00528,-0.0128,-0.0742,-0.16032,-0.08221,-0.16691,1.7106,1.7591,1.88111,1.90889,1.89449
2004-06-21,1.69,1.719,1.719,1.6869999999999998,4027.36,600068,0.01296,-0.00521,-0.06373,-0.15859,-0.07531,-0.17908,1.7088,1.75352,1.87589,1.90776,1.89297
2004-06-22,1.716,1.709,1.732,1.703,4041.9,600068,-0.00582,0.00352,-0.05944,-0.15813,-0.08658,-0.19005,1.71,1.74838,1.87071,1.90644,1.89134
2004-06-23,1.712,1.709,1.716,1.693,3982.26,600068,0.0,-0.00582,-0.04097,-0.15017,-0.08365,-0.19614,1.708,1.7449,1.86584,1.90517,1.88964
2004-06-24,1.703,1.703,1.716,1.6969999999999998,6621.5,600068,-0.00351,-0.00176,-0.05964,-0.15735,-0.08539,-0.19136,1.7074,1.73976,1.86071,1.90388,1.888
2004-06-25,1.703,1.671,1.725,1.6680000000000001,6580.0,600068,-0.01879,-0.01532,-0.06596,-0.1908,-0.12329,-0.18567,1.7022,1.73414,1.85435,1.90197,1.88646
2004-06-28,1.671,1.6580000000000001,1.69,1.652,4690.42,600068,-0.00778,-0.03549,-0.08951,-0.20935,-0.11996,-0.18446,1.69,1.72638,1.84727,1.90013,1.88493
2004-06-29,1.6580000000000001,1.6680000000000001,1.6840000000000002,1.652,4607.54,600068,0.00603,-0.02399,-0.06607,-0.19225,-0.10274,-0.19225,1.6818,1.72076,1.84087,1.89858,1.88332
2004-06-30,1.6680000000000001,1.643,1.6740000000000002,1.639,4134.0,600068,-0.01499,-0.03862,-0.07332,-0.19697,-0.10219,-0.19579,1.6686,1.71457,1.83437,1.89706,1.88169
2004-07-01,1.63,1.671,1.6780000000000002,1.63,6969.39,600068,0.01704,-0.01879,-0.06908,-0.18209,-0.06439,-0.17154,1.6622,1.70867,1.82837,1.89612,1.88028
2004-07-02,1.671,1.655,1.6740000000000002,1.652,4268.5,600068,-0.00958,-0.00958,-0.0697,-0.17825,-0.09711,-0.17947,1.659,1.70276,1.82258,1.89467,1.87881
2004-07-05,1.655,1.6680000000000001,1.6680000000000001,1.646,3070.93,600068,0.00785,0.00603,-0.0474,-0.16808,-0.10081,-0.15715,1.661,1.69881,1.81715,1.89315,1.87755
2004-07-06,1.6680000000000001,1.662,1.6840000000000002,1.662,4562.72,600068,-0.0036,-0.0036,-0.05729,-0.18007,-0.10404,-0.16692,1.6598,1.694,1.81126,1.89159,1.8762
2004-07-07,1.6780000000000002,1.652,1.6780000000000002,1.643,3801.93,600068,-0.00602,0.00548,-0.04784,-0.18621,-0.11278,-0.15021,1.6616,1.69005,1.80516,1.88988,1.87501
2004-07-08,1.652,1.655,1.655,1.636,3767.92,600068,0.00182,-0.00958,-0.03723,-0.18753,-0.12155,-0.14337,1.6584,1.687,1.799,1.88802,1.87388
2004-07-09,1.652,1.639,1.6680000000000001,1.633,4465.73,600068,-0.00967,-0.00967,-0.04264,-0.18902,-0.11069,-0.14457,1.6552,1.68352,1.79284,1.88636,1.87276
2004-07-12,1.639,1.589,1.639,1.585,6965.0,600068,-0.03051,-0.04736,-0.07563,-0.22827,-0.13312,-0.1868,1.6394,1.67733,1.78526,1.88437,1.87127
2004-07-13,1.589,1.5919999999999999,1.601,1.5730000000000002,4629.87,600068,0.00189,-0.04212,-0.0787,-0.2219,-0.11801,-0.189,1.6254,1.67086,1.77794,1.88264,1.86976
2004-07-14,1.5919999999999999,1.547,1.604,1.528,7586.2,600068,-0.02827,-0.06356,-0.0916,-0.24055,-0.14719,-0.20585,1.6044,1.66343,1.77003,1.88047,1.86813
2004-07-15,1.547,1.56,1.579,1.541,5394.13,600068,0.0084,-0.0574,-0.0925,-0.21053,-0.14614,-0.1938,1.5854,1.65586,1.76332,1.8783,1.86661
2004-07-16,1.56,1.5919999999999999,1.608,1.557,10235.28,600068,0.02051,-0.02868,-0.06682,-0.19311,-0.12093,-0.18776,1.576,1.65043,1.75718,1.87652,1.86511
2004-07-19,1.604,1.601,1.608,1.589,5437.03,600068,0.00565,0.00755,-0.05657,-0.18316,-0.13413,-0.17517,1.5784,1.64586,1.75139,1.8745,1.86373
2004-07-20,1.598,1.5730000000000002,1.598,1.5630000000000002,4775.39,600068,-0.01749,-0.01193,-0.08493,-0.18582,-0.15385,-0.20515,1.5746,1.6389,1.7456,1.87218,1.86208
2004-07-21,1.57,1.589,1.601,1.57,4172.16,600068,0.01017,0.02715,-0.07022,-0.16937,-0.15253,-0.23162,1.583,1.63319,1.74037,1.86985,1.86013
2004-07-22,1.5759999999999998,1.55,1.589,1.55,5118.74,600068,-0.02454,-0.00641,-0.09304,-0.1855,-0.1855,-0.24464,1.581,1.62562,1.73468,1.86698,1.85809
2004-07-23,1.547,1.557,1.5630000000000002,1.535,3675.38,600068,0.00452,-0.02198,-0.08573,-0.1696,-0.17488,-0.25538,1.574,1.61867,1.72955,1.8643,1.85592
2004-07-26,1.56,1.547,1.5630000000000002,1.535,3164.81,600068,-0.00642,-0.03373,-0.07421,-0.18148,-0.16917,-0.25553,1.5632,1.61276,1.72402,1.86174,1.85376
2004-07-27,1.541,1.531,1.557,1.525,4324.01,600068,-0.01034,-0.0267,-0.0766,-0.19294,-0.19294,-0.26217,1.5548,1.60671,1.71811,1.85876,1.85155
2004-07-28,1.535,1.55,1.56,1.531,3140.94,600068,0.01241,-0.02454,-0.07074,-0.18163,-0.18292,-0.22071,1.547,1.6011,1.71256,1.85594,1.84977
2004-07-29,1.544,1.5630000000000002,1.5659999999999998,1.544,4533.71,600068,0.00839,0.00839,-0.04869,-0.16328,-0.19764,-0.21928,1.5496,1.59729,1.70765,1.85281,1.84798
2004-07-30,1.557,1.541,1.56,1.535,2857.81,600068,-0.01408,-0.01028,-0.0778,-0.17505,-0.19572,-0.23864,1.5464,1.5911,1.70237,1.84976,1.84602
2004-08-02,1.531,1.535,1.544,1.525,2894.39,600068,-0.00389,-0.00776,-0.07251,-0.16258,-0.21039,-0.24272,1.544,1.58538,1.69756,1.84644,1.84402
2004-08-03,1.535,1.535,1.541,1.525,3631.91,600068,0.0,0.00261,-0.07974,-0.1538,-0.22436,-0.23058,1.5448,1.57905,1.69306,1.84283,1.84215
2004-08-04,1.535,1.5630000000000002,1.585,1.535,6148.87,600068,0.01824,0.00839,-0.05957,-0.13551,-0.21021,-0.20377,1.5474,1.57433,1.68911,1.83945,1.84052
2004-08-05,1.5819999999999999,1.55,1.5819999999999999,1.55,3506.0,600068,-0.00832,-0.00832,-0.06174,-0.13214,-0.23758,-0.20431,1.5448,1.56948,1.68531,1.83552,1.83891
2004-08-06,1.55,1.547,1.5630000000000002,1.538,2798.26,600068,-0.00194,0.00389,-0.06526,-0.14103,-0.21829,-0.2095,1.546,1.56433,1.68121,1.83201,1.83724
2004-08-09,1.525,1.544,1.544,1.525,3023.15,600068,-0.00194,0.00586,-0.05796,-0.16945,-0.23222,-0.20207,1.5478,1.55981,1.67613,1.82821,1.83565
2004-08-10,1.535,1.541,1.544,1.531,2415.75,600068,-0.00194,0.00391,-0.03021,-0.16658,-0.22289,-0.20608,1.549,1.55752,1.67116,1.82462,1.83402
2004-08-11,1.554,1.5219999999999998,1.554,1.5219999999999998,4145.19,600068,-0.01233,-0.02623,-0.04397,-0.15819,-0.23824,-0.22228,1.5408,1.55419,1.66655,1.82075,1.83226
2004-08-12,1.5219999999999998,1.4809999999999999,1.5219999999999998,1.474,6767.86,600068,-0.02694,-0.04452,-0.04266,-0.18222,-0.26574,-0.25653,1.527,1.55105,1.66123,1.81639,1.83018
2004-08-13,1.4769999999999999,1.4609999999999999,1.493,1.455,6117.7,600068,-0.0135,-0.05559,-0.06346,-0.20598,-0.27132,-0.26877,1.5098,1.54633,1.65511,1.81197,1.828
2004-08-16,1.4609999999999999,1.4269999999999998,1.4680000000000002,1.4140000000000001,5119.5,600068,-0.02327,-0.07578,-0.10364,-0.22149,-0.29704,-0.27674,1.4864,1.53848,1.64856,1.80707,1.82578
2004-08-17,1.423,1.436,1.449,1.4140000000000001,4859.9,600068,0.00631,-0.06814,-0.10306,-0.21786,-0.29504,-0.27328,1.4654,1.53062,1.64211,1.80218,1.82358
2004-08-18,1.446,1.42,1.446,1.42,3111.9,600068,-0.01114,-0.06702,-0.09727,-0.21849,-0.30049,-0.2744,1.445,1.52333,1.63571,1.79722,1.8214
2004-08-19,1.42,1.3880000000000001,1.4269999999999998,1.385,5178.23,600068,-0.02254,-0.0628,-0.12649,-0.2211,-0.33905,-0.29757,1.4264,1.51376,1.62935,1.79143,1.81901
2004-08-20,1.385,1.4069999999999998,1.4169999999999998,1.3730000000000002,4734.53,600068,0.01369,-0.03696,-0.09226,-0.22308,-0.33412,-0.28214,1.4156,1.50695,1.62284,1.78569,1.81676
2004-08-23,1.3980000000000001,1.3980000000000001,1.4069999999999998,1.385,3358.3,600068,-0.0064,-0.02032,-0.10212,-0.21856,-0.32202,-0.27864,1.4098,1.49938,1.61653,1.78029,1.81457
2004-08-24,1.3980000000000001,1.4169999999999998,1.449,1.3980000000000001,6102.93,600068,0.01359,-0.01323,-0.08403,-0.22186,-0.3108,-0.2677,1.406,1.49319,1.61002,1.7751,1.81246
2004-08-25,1.4169999999999998,1.43,1.442,1.4169999999999998,4724.03,600068,0.00917,0.00704,-0.06597,-0.19933,-0.28321,-0.26213,1.408,1.48838,1.60427,1.7705,1.81039
2004-08-26,1.436,1.4069999999999998,1.436,1.4069999999999998,2604.12,600068,-0.01608,0.01369,-0.09226,-0.20643,-0.2847,-0.2496,1.4118,1.48157,1.59837,1.76595,1.80849
2004-08-27,1.4040000000000001,1.392,1.4069999999999998,1.382,3089.56,600068,-0.01066,-0.01066,-0.1094,-0.22451,-0.29803,-0.24471,1.4088,1.47343,1.59187,1.76115,1.80666
2004-08-30,1.392,1.4040000000000001,1.4069999999999998,1.376,2341.18,600068,0.00862,0.00429,-0.0889,-0.21079,-0.30184,-0.229,1.41,1.4669,1.58582,1.75621,1.80496
2004-08-31,1.436,1.4269999999999998,1.4680000000000002,1.4169999999999998,5455.73,600068,0.01638,0.00706,-0.07036,-0.18504,-0.2904,-0.21894,1.412,1.46176,1.5806,1.75146,1.80334
2004-09-01,1.43,1.4040000000000001,1.43,1.3980000000000001,2289.23,600068,-0.01612,-0.01818,-0.08534,-0.20363,-0.29198,-0.229,1.4068,1.45552,1.57481,1.74676,1.80164
2004-09-02,1.411,1.4169999999999998,1.423,1.385,3316.86,600068,0.00926,0.00711,-0.09341,-0.18329,-0.29221,-0.21756,1.4088,1.44857,1.56968,1.742,1.80004
2004-09-03,1.4169999999999998,1.442,1.446,1.411,5847.34,600068,0.01764,0.03592,-0.06968,-0.16114,-0.29418,-0.21202,1.4188,1.44343,1.56521,1.73711,1.79846
2004-09-06,1.433,1.42,1.442,1.411,2325.93,600068,-0.01526,0.0114,-0.08209,-0.17056,-0.28138,-0.22658,1.422,1.43738,1.5605,1.73259,1.79677
2004-09-07,1.42,1.423,1.433,1.4040000000000001,2350.28,600068,0.00211,-0.0028,-0.07837,-0.17219,-0.27986,-0.21294,1.4212,1.43162,1.55573,1.7281,1.79521
2004-09-08,1.43,1.411,1.43,1.395,2507.46,600068,-0.00843,0.00499,-0.08436,-0.18345,-0.29379,-0.24099,1.4226,1.42543,1.55061,1.72333,1.79339
2004-09-09,1.42,1.3659999999999999,1.42,1.36,5468.92,600068,-0.03189,-0.03599,-0.1025,-0.19789,-0.32276,-0.27147,1.4124,1.418,1.54518,1.71803,1.79132
2004-09-10,1.3659999999999999,1.357,1.369,1.334,4116.04,600068,-0.00659,-0.05895,-0.08373,-0.21059,-0.31775,-0.26846,1.3954,1.4121,1.53934,1.71289,1.78929
2004-09-13,1.36,1.3090000000000002,1.36,1.306,5112.05,600068,-0.03537,-0.07817,-0.10404,-0.23271,-0.3523,-0.30298,1.3732,1.40486,1.53294,1.70711,1.78698
2004-09-14,1.3090000000000002,1.3530000000000002,1.3659999999999999,1.3090000000000002,5908.64,600068,0.03361,-0.04919,-0.05186,-0.20271,-0.33774,-0.27453,1.3592,1.40133,1.52739,1.7015,1.7849
2004-09-15,1.3659999999999999,1.42,1.442,1.36,16863.88,600068,0.04952,0.00638,-0.01114,-0.17394,-0.30049,-0.22277,1.361,1.40057,1.52256,1.69654,1.78324
2004-09-16,1.423,1.455,1.4609999999999999,1.4040000000000001,14156.36,600068,0.02465,0.06515,0.02465,-0.14862,-0.27648,-0.19212,1.3788,1.40224,1.51847,1.69202,1.78184
2004-09-17,1.455,1.49,1.493,1.436,19157.27,600068,0.02405,0.09801,0.07349,-0.12815,-0.26274,-0.16992,1.4054,1.4071,1.51494,1.6877,1.7806
2004-09-20,1.496,1.535,1.538,1.4709999999999999,28006.91,600068,0.0302,0.17265,0.09097,-0.09865,-0.25666,-0.1552,1.4506,1.41319,1.51223,1.68339,1.77945
2004-09-21,1.525,1.496,1.531,1.493,19968.25,600068,-0.02541,0.10569,0.0701,-0.10473,-0.2866,-0.17257,1.4792,1.41786,1.5094,1.6785,1.77818
2004-09-22,1.49,1.4580000000000002,1.525,1.455,14874.88,600068,-0.0254,0.02676,0.02893,-0.12063,-0.29395,-0.18044,1.4868,1.41981,1.50618,1.67357,1.77688
2004-09-23,1.4609999999999999,1.496,1.5,1.439,13254.89,600068,0.02606,0.02818,0.04615,-0.10312,-0.26882,-0.15,1.495,1.42295,1.5034,1.6691,1.7758
2004-09-24,1.5030000000000001,1.4580000000000002,1.516,1.455,22597.16,600068,-0.0254,-0.02148,0.03625,-0.1126,-0.28634,-0.17627,1.4886,1.42538,1.50042,1.66434,1.77454
2004-09-27,1.465,1.42,1.4769999999999999,1.4140000000000001,11243.45,600068,-0.02606,-0.07492,0.02011,-0.15021,-0.29494,-0.18903,1.4656,1.42671,1.49637,1.65951,1.77319
2004-09-28,1.436,1.42,1.439,1.411,7029.63,600068,0.0,-0.0508,0.0114,-0.14199,-0.29177,-0.18718,1.4504,1.42748,1.49258,1.65476,1.77186
2004-09-29,1.423,1.395,1.43,1.392,7012.22,600068,-0.01761,-0.04321,-0.02242,-0.16367,-0.31179,-0.21008,1.4378,1.42595,1.48818,1.64962,1.77035
2004-09-30,1.392,1.385,1.3980000000000001,1.379,7001.68,600068,-0.00717,-0.0742,-0.01353,-0.16667,-0.31773,-0.21172,1.4156,1.42505,1.48371,1.64437,1.76884
2004-10-08,1.392,1.411,1.411,1.3630000000000002,8024.74,600068,0.01877,-0.03224,-0.00423,-0.14588,-0.30731,-0.20102,1.4062,1.42476,1.47982,1.63928,1.7674
2004-10-11,1.4140000000000001,1.3980000000000001,1.42,1.3880000000000001,10859.82,600068,-0.00921,-0.01549,-0.03051,-0.15529,-0.30826,-0.21284,1.4018,1.42267,1.47568,1.63422,1.76586
2004-10-12,1.385,1.376,1.395,1.3730000000000002,6978.22,600068,-0.01574,-0.03099,-0.03099,-0.16046,-0.33171,-0.21416,1.393,1.42057,1.47144,1.62867,1.76434
2004-10-13,1.376,1.382,1.4040000000000001,1.3659999999999999,5418.73,600068,0.00436,-0.00932,-0.02881,-0.13027,-0.32454,-0.21074,1.3904,1.41862,1.4681,1.62327,1.76284
2004-10-14,1.382,1.3090000000000002,1.385,1.3090000000000002,8993.45,600068,-0.05282,-0.05487,-0.07229,-0.17776,-0.35739,-0.24943,1.3752,1.41376,1.46353,1.61735,1.76107
2004-10-15,1.319,1.3030000000000002,1.325,1.29,7543.33,600068,-0.00458,-0.07654,-0.04612,-0.15772,-0.34059,-0.25713,1.3536,1.41076,1.4596,1.61188,1.75924
2004-10-18,1.3030000000000002,1.29,1.319,1.268,9404.02,600068,-0.00998,-0.07725,-0.04937,-0.17308,-0.34617,-0.26328,1.332,1.40757,1.45524,1.60633,1.75736
2004-10-19,1.296,1.2770000000000001,1.319,1.274,6422.27,600068,-0.01008,-0.07195,-0.02445,-0.19786,-0.34847,-0.28619,1.3122,1.40605,1.45016,1.60077,1.75528
2004-10-20,1.28,1.271,1.284,1.261,7040.53,600068,-0.0047,-0.08032,-0.06061,-0.20612,-0.34213,-0.28314,1.29,1.40214,1.44484,1.5954,1.75324
2004-10-21,1.2770000000000001,1.195,1.28,1.188,19830.7,600068,-0.0598,-0.08709,-0.15845,-0.24031,-0.37533,-0.3187,1.2672,1.39143,1.43874,1.58956,1.75097
2004-10-22,1.195,1.2009999999999998,1.2009999999999998,1.141,14704.21,600068,0.00502,-0.07828,-0.17457,-0.24418,-0.36889,-0.31528,1.2468,1.37933,1.43248,1.58385,1.74872
2004-10-25,1.207,1.1909999999999998,1.22,1.179,6922.11,600068,-0.00833,-0.07674,-0.20067,-0.23161,-0.3648,-0.31826,1.227,1.3651,1.42669,1.57829,1.74646
2004-10-26,1.2009999999999998,1.198,1.2009999999999998,1.153,7893.14,600068,0.00588,-0.06186,-0.21954,-0.23057,-0.36614,-0.31307,1.2112,1.34905,1.4209,1.57267,1.74424
2004-10-27,1.2009999999999998,1.265,1.2770000000000001,1.1909999999999998,18391.5,600068,0.05593,-0.00472,-0.15441,-0.18229,-0.33316,-0.26539,1.21,1.33805,1.41635,1.56753,1.74238
2004-10-28,1.265,1.265,1.29,1.249,14663.49,600068,0.0,0.05858,-0.13237,-0.17374,-0.3321,-0.26794,1.224,1.32886,1.41206,1.56241,1.7405
2004-10-29,1.252,1.28,1.3030000000000002,1.1909999999999998,17757.15,600068,0.01186,0.06578,-0.14439,-0.17419,-0.31478,-0.2752,1.2398,1.31857,1.40771,1.55763,1.73852
2004-11-01,1.271,1.2329999999999999,1.274,1.2229999999999999,7444.91,600068,-0.03672,0.03526,-0.15432,-0.21113,-0.33994,-0.29943,1.2482,1.30786,1.40239,1.55247,1.73638
2004-11-02,1.22,1.217,1.2329999999999999,1.2009999999999998,5113.58,600068,-0.01298,0.01586,-0.14296,-0.21025,-0.33606,-0.31475,1.252,1.29819,1.39716,1.54746,1.73411
2004-11-03,1.217,1.245,1.245,1.217,6773.08,600068,0.02301,-0.01581,-0.12324,-0.18893,-0.31367,-0.28489,1.248,1.28986,1.39248,1.54284,1.73209
2004-11-04,1.245,1.22,1.255,1.217,6361.45,600068,-0.02008,-0.03557,-0.12545,-0.20521,-0.32522,-0.31538,1.239,1.28152,1.3874,1.53806,1.72981
2004-11-05,1.2329999999999999,1.207,1.239,1.204,4742.03,600068,-0.01066,-0.05703,-0.12852,-0.22777,-0.32419,-0.31653,1.2244,1.27305,1.38166,1.53335,1.72754
2004-11-08,1.2009999999999998,1.2109999999999999,1.226,1.1909999999999998,4131.74,600068,0.00331,-0.01784,-0.14174,-0.21871,-0.3276,-0.30202,1.22,1.26352,1.37619,1.52855,1.72541
2004-11-09,1.2109999999999999,1.226,1.23,1.204,3566.91,600068,0.01239,0.0074,-0.12303,-0.2075,-0.34051,-0.29215,1.2218,1.25533,1.37102,1.52341,1.72335
2004-11-10,1.226,1.2770000000000001,1.287,1.22,12760.93,600068,0.0416,0.0257,-0.07195,-0.17293,-0.30936,-0.29095,1.2282,1.25062,1.36671,1.51876,1.72122
2004-11-11,1.28,1.265,1.2930000000000001,1.261,17827.12,600068,-0.0094,0.03689,-0.08466,-0.1791,-0.30033,-0.30265,1.2372,1.24505,1.36226,1.51434,1.71899
2004-11-12,1.265,1.268,1.28,1.252,9156.27,600068,0.00237,0.05054,-0.03132,-0.16689,-0.29983,-0.30368,1.2494,1.2431,1.35816,1.50993,1.71674
2004-11-15,1.268,1.2930000000000001,1.2990000000000002,1.265,7611.79,600068,0.01972,0.06771,-0.00767,-0.12694,-0.29728,-0.27846,1.2658,1.24262,1.35513,1.50548,1.71471
2004-11-16,1.2770000000000001,1.28,1.2930000000000001,1.268,6884.99,600068,-0.01005,0.04405,-0.00775,-0.12389,-0.30169,-0.28571,1.2766,1.24214,1.35221,1.50098,1.71263
2004-11-17,1.2770000000000001,1.249,1.29,1.245,6683.78,600068,-0.02422,-0.02193,-0.02193,-0.12474,-0.31972,-0.3212,1.271,1.24081,1.34934,1.49621,1.71023
2004-11-18,1.255,1.296,1.2990000000000002,1.252,10060.6,600068,0.03763,0.02451,0.01967,-0.09749,-0.28674,-0.30022,1.2772,1.242,1.34708,1.49198,1.70797
2004-11-19,1.2930000000000001,1.319,1.338,1.2930000000000001,16923.15,600068,0.01775,0.04022,0.10377,-0.07113,-0.25982,-0.27167,1.2874,1.2479,1.34545,1.48821,1.70597
2004-11-22,1.319,1.325,1.328,1.3030000000000002,9744.81,600068,0.00455,0.02475,0.10325,-0.04539,-0.26836,-0.28725,1.2938,1.25381,1.34444,1.48426,1.7038
2004-11-23,1.319,1.306,1.3219999999999998,1.2990000000000002,8016.56,600068,-0.01434,0.02031,0.09656,-0.07178,-0.26998,-0.30198,1.299,1.25929,1.34281,1.48033,1.7015
2004-11-24,1.3030000000000002,1.296,1.315,1.2930000000000001,7320.35,600068,-0.00766,0.03763,0.0818,-0.07296,-0.2883,-0.29908,1.3084,1.26395,1.34116,1.47607,1.69925
2004-11-25,1.287,1.3030000000000002,1.3090000000000002,1.287,6929.47,600068,0.0054,0.0054,0.03004,-0.08045,-0.27044,-0.27166,1.3098,1.26576,1.33932,1.47214,1.69728
2004-11-26,1.3030000000000002,1.3219999999999998,1.325,1.287,8824.68,600068,0.01458,0.00227,0.04506,-0.07552,-0.25437,-0.26104,1.3104,1.26848,1.33758,1.46847,1.69538
2004-11-29,1.3090000000000002,1.284,1.319,1.28,6717.55,600068,-0.02874,-0.03094,0.00313,-0.08742,-0.28468,-0.29489,1.3022,1.26867,1.3356,1.46432,1.6932
2004-11-30,1.274,1.3030000000000002,1.3030000000000002,1.274,7518.51,600068,0.0148,-0.0023,0.05677,-0.06394,-0.26757,-0.27651,1.3016,1.272,1.33416,1.46045,1.69117
2004-12-01,1.296,1.325,1.331,1.296,13426.35,600068,0.01688,0.02238,0.08874,-0.05627,-0.24329,-0.28456,1.3074,1.27714,1.33289,1.45698,1.68903
2004-12-02,1.331,1.319,1.331,1.306,5844.91,600068,-0.00453,0.01228,0.05944,-0.07568,-0.25184,-0.28159,1.3106,1.28067,1.33115,1.45337,1.68693
2004-12-06,1.3219999999999998,1.3090000000000002,1.325,1.296,4799.88,600068,-0.00758,-0.00983,0.07295,-0.06766,-0.24553,-0.3052,1.308,1.2849,1.32961,1.44991,1.68459
2004-12-07,1.3030000000000002,1.287,1.3119999999999998,1.287,4599.66,600068,-0.01681,0.00234,0.06628,-0.09174,-0.25131,-0.30282,1.3086,1.28871,1.32752,1.4464,1.68232
2004-12-08,1.2770000000000001,1.2930000000000001,1.3030000000000002,1.2770000000000001,3320.24,600068,0.00466,-0.00767,0.06771,-0.10333,-0.24474,-0.30559,1.3066,1.29262,1.32511,1.44299,1.68
2004-12-09,1.29,1.306,1.315,1.284,4057.43,600068,0.01005,-0.01434,0.06525,-0.08028,-0.24026,-0.30569,1.3028,1.29643,1.32327,1.43963,1.67767
2004-12-10,1.3030000000000002,1.28,1.3119999999999998,1.2770000000000001,5912.53,600068,-0.01991,-0.02957,0.00235,-0.10049,-0.25926,-0.31733,1.295,1.29657,1.32097,1.43599,1.67525
2004-12-13,1.28,1.255,1.28,1.249,5435.39,600068,-0.01953,-0.04125,-0.00791,-0.11056,-0.26307,-0.33738,1.2842,1.2961,1.31845,1.43235,1.67265
2004-12-14,1.255,1.258,1.268,1.23,7661.68,600068,0.00239,-0.02253,-0.00789,-0.07906,-0.26818,-0.33685,1.2784,1.29562,1.31671,1.4286,1.67005
2004-12-15,1.261,1.261,1.265,1.2329999999999999,5447.16,600068,0.00238,-0.02475,-0.02475,-0.07074,-0.26084,-0.32747,1.272,1.2941,1.31516,1.42498,1.66756
2004-12-16,1.274,1.306,1.334,1.271,42454.5,600068,0.03569,0.0,0.02031,-0.00229,-0.23041,-0.29367,1.272,1.29533,1.31511,1.4218,1.66535
2004-12-17,1.306,1.274,1.306,1.271,10564.42,600068,-0.0245,-0.00469,0.02002,-0.05839,-0.25887,-0.31469,1.2708,1.29652,1.31384,1.41819,1.66297
2004-12-20,1.268,1.2990000000000002,1.306,1.242,10681.95,600068,0.01962,0.03506,0.00231,-0.08521,-0.23991,-0.30572,1.2796,1.29667,1.31189,1.41485,1.66065
2004-12-21,1.296,1.306,1.3119999999999998,1.28,7634.92,600068,0.00539,0.03816,-0.00986,-0.10241,-0.23581,-0.29973,1.2892,1.29605,1.30948,1.41158,1.65837
2004-12-22,1.306,1.3530000000000002,1.3630000000000002,1.3030000000000002,35076.25,600068,0.03599,0.07296,0.02113,-0.09195,-0.20552,-0.27336,1.3076,1.29738,1.30727,1.40873,1.6563
2004-12-23,1.3530000000000002,1.325,1.357,1.3219999999999998,11548.79,600068,-0.02069,0.01455,0.01455,-0.13681,-0.20706,-0.30483,1.3114,1.29829,1.30389,1.40592,1.65394
2004-12-24,1.3219999999999998,1.328,1.347,1.315,7886.34,600068,0.00226,0.04239,0.02469,-0.1123,-0.19903,-0.29512,1.3222,1.29981,1.30118,1.40324,1.65168
2004-12-27,1.334,1.3030000000000002,1.334,1.2990000000000002,8459.76,600068,-0.01883,0.00308,0.0,-0.10631,-0.21882,-0.29909,1.323,1.29981,1.29868,1.40027,1.64942
2004-12-28,1.2990000000000002,1.28,1.306,1.28,6366.8,600068,-0.01765,-0.01991,-0.03177,-0.14439,-0.22094,-0.30055,1.3178,1.29781,1.29519,1.39732,1.64719
2004-12-29,1.28,1.2770000000000001,1.296,1.274,6049.64,600068,-0.00234,-0.05617,-0.00545,-0.12414,-0.23579,-0.28499,1.3026,1.29748,1.29227,1.39411,1.64512
2004-12-30,1.2770000000000001,1.261,1.287,1.249,7619.73,600068,-0.01253,-0.0483,-0.03223,-0.11197,-0.23807,-0.31206,1.2898,1.29548,1.28971,1.39091,1.64279
2004-12-31,1.265,1.265,1.274,1.258,4108.56,600068,0.00317,-0.04744,-0.04528,-0.10915,-0.24161,-0.31806,1.2772,1.29262,1.28721,1.38763,1.64039
2005-01-04,1.258,1.236,1.261,1.2329999999999999,4671.15,600068,-0.02292,-0.05142,-0.06293,-0.11398,-0.25632,-0.33369,1.2638,1.28867,1.28465,1.38417,1.63788
2005-01-05,1.236,1.252,1.265,1.226,3422.7,600068,0.01294,-0.02188,-0.04354,-0.09603,-0.24213,-0.3276,1.2582,1.28595,1.2825,1.38092,1.6354
2005-01-06,1.255,1.236,1.255,1.236,3897.01,600068,-0.01278,-0.03211,-0.03963,-0.12403,-0.25317,-0.34395,1.25,1.28352,1.27968,1.37751,1.63276
2005-01-07,1.2329999999999999,1.249,1.271,1.2329999999999999,2799.13,600068,0.01052,-0.00952,-0.03403,-0.10658,-0.23795,-0.3223,1.2476,1.28143,1.27727,1.37434,1.63035
2005-01-10,1.249,1.268,1.268,1.2329999999999999,3180.98,600068,0.01521,0.00237,-0.0291,-0.07849,-0.20201,-0.30824,1.2482,1.27962,1.27553,1.37173,1.62805
2005-01-11,1.268,1.271,1.2770000000000001,1.265,4068.05,600068,0.00237,0.02832,-0.00703,-0.08032,-0.20163,-0.29584,1.2552,1.27919,1.27374,1.36912,1.62588
2005-01-12,1.261,1.271,1.274,1.258,2859.33,600068,0.0,0.01518,0.01275,-0.02903,-0.17841,-0.29934,1.259,1.27995,1.27313,1.36688,1.62367
2005-01-13,1.265,1.261,1.268,1.252,3590.89,600068,-0.00787,0.02023,0.00238,-0.03223,-0.19167,-0.3098,1.264,1.2801,1.27245,1.36445,1.62137
2005-01-14,1.261,1.242,1.274,1.242,3452.77,600068,-0.01507,-0.0056,-0.01507,-0.03721,-0.21985,-0.31419,1.2626,1.27919,1.27168,1.3616,1.61906
2005-01-17,1.23,1.2009999999999998,1.239,1.195,7882.8,600068,-0.03301,-0.05284,-0.0804,-0.05951,-0.24984,-0.35046,1.2492,1.27419,1.27045,1.35835,1.61643
2005-01-18,1.2009999999999998,1.214,1.2229999999999999,1.195,3962.97,600068,0.01082,-0.04485,-0.0471,-0.04485,-0.22823,-0.34696,1.2378,1.27133,1.26953,1.35543,1.6138
2005-01-19,1.214,1.217,1.2329999999999999,1.214,2293.7,600068,0.00247,-0.04249,-0.06313,0.01841,-0.23411,-0.35093,1.227,1.26743,1.26989,1.35241,1.61113
2005-01-20,1.217,1.182,1.217,1.179,4171.0,600068,-0.02876,-0.06265,-0.09495,-0.01582,-0.23742,-0.37888,1.2112,1.26152,1.26958,1.34941,1.6082
2005-01-21,1.179,1.207,1.217,1.166,5644.21,600068,0.02115,-0.02818,-0.10791,0.01343,-0.22479,-0.36036,1.2042,1.25457,1.26984,1.34657,1.60543
2005-01-24,1.239,1.23,1.245,1.207,13387.69,600068,0.01906,0.02415,-0.0717,0.02671,-0.20491,-0.33942,1.21,1.25005,1.27035,1.34399,1.60287
2005-01-25,1.2329999999999999,1.1909999999999998,1.2329999999999999,1.179,18026.85,600068,-0.03171,-0.01895,-0.10316,-0.0585,-0.22208,-0.37217,1.2054,1.24352,1.26916,1.34123,1.6
2005-01-26,1.195,1.182,1.195,1.169,15535.31,600068,-0.00756,-0.02876,-0.09286,-0.06561,-0.23742,-0.37691,1.1984,1.23776,1.26782,1.33824,1.59709
2005-01-27,1.179,1.163,1.182,1.16,8573.64,600068,-0.01607,-0.01607,-0.09141,-0.09141,-0.25592,-0.40298,1.1946,1.23219,1.26594,1.33498,1.5939
2005-01-28,1.157,1.157,1.172,1.15,4707.51,600068,-0.00516,-0.04143,-0.09397,-0.06164,-0.24919,-0.39614,1.1846,1.22648,1.26471,1.33186,1.59081
2005-01-31,1.157,1.1059999999999999,1.157,1.1059999999999999,8333.46,600068,-0.04408,-0.10081,-0.12292,-0.09121,-0.27948,-0.43107,1.1598,1.2191,1.26292,1.32837,1.58741
2005-02-01,1.1059999999999999,1.1179999999999999,1.131,1.1059999999999999,4803.86,600068,0.01085,-0.06129,-0.11621,-0.10201,-0.27166,-0.43507,1.1452,1.2121,1.26087,1.32498,1.58391
2005-02-02,1.125,1.179,1.182,1.122,8486.44,600068,0.05456,-0.00254,-0.04612,-0.03361,-0.24568,-0.40424,1.1446,1.20938,1.26021,1.32186,1.58065
2005-02-03,1.182,1.147,1.185,1.141,9784.62,600068,-0.02714,-0.01376,-0.08387,-0.04971,-0.26,-0.43581,1.1414,1.20438,1.25924,1.31859,1.57705
2005-02-04,1.163,1.166,1.182,1.137,7455.48,600068,0.01656,0.00778,-0.05663,-0.03716,-0.24628,-0.41081,1.1432,1.20105,1.25852,1.31549,1.57375
2005-02-16,1.179,1.172,1.188,1.169,5360.99,600068,0.00515,0.05967,-0.06165,-0.04405,-0.24093,-0.41721,1.1564,1.19738,1.25765,1.31246,1.57034
2005-02-17,1.176,1.179,1.1909999999999998,1.166,3809.97,600068,0.00597,0.05456,-0.07019,-0.07674,-0.23491,-0.40545,1.1686,1.19314,1.25606,1.30952,1.56707
2005-02-18,1.176,1.169,1.185,1.157,5068.4,600068,-0.00848,-0.00848,-0.08025,-0.07589,-0.23193,-0.41491,1.1666,1.18829,1.25452,1.30665,1.5637
2005-02-21,1.169,1.188,1.1909999999999998,1.166,6756.29,600068,0.01625,0.03575,-0.0653,-0.06309,-0.19784,-0.41101,1.1748,1.18433,1.25323,1.30427,1.56033
2005-02-22,1.188,1.22,1.236,1.188,17510.56,600068,0.02694,0.04631,-0.03251,-0.05646,-0.16496,-0.39152,1.1856,1.18238,1.25205,1.30231,1.55714
2005-02-23,1.217,1.2229999999999999,1.239,1.214,12327.59,600068,0.00246,0.04352,-0.0153,-0.04453,-0.14296,-0.39754,1.1958,1.18148,1.25113,1.30065,1.55386
2005-02-24,1.22,1.23,1.239,1.214,10305.2,600068,0.00572,0.04326,0.02415,-0.01521,-0.14345,-0.39617,1.206,1.18286,1.25082,1.29898,1.55058
2005-02-25,1.239,1.236,1.252,1.22,12972.77,600068,0.00488,0.05731,0.01812,-0.0463,-0.12958,-0.39113,1.2194,1.1839,1.24985,1.29748,1.54735
2005-02-28,1.245,1.255,1.284,1.242,32660.19,600068,0.01537,0.0564,0.03122,-0.04852,-0.09582,-0.40238,1.2328,1.18571,1.24882,1.2964,1.54391
2005-03-01,1.255,1.242,1.255,1.23,11058.29,600068,-0.01036,0.01803,0.05076,-0.06264,-0.11727,-0.41221,1.2372,1.18857,1.24748,1.29506,1.54037
2005-03-02,1.239,1.2229999999999999,1.255,1.2229999999999999,10148.0,600068,-0.0153,0.0,0.01326,-0.06355,-0.12518,-0.40689,1.2372,1.18933,1.24615,1.29363,1.53696
2005-03-03,1.2229999999999999,1.2229999999999999,1.226,1.2009999999999998,7141.99,600068,0.0,-0.00569,-0.00569,-0.05633,-0.13691,-0.40516,1.2358,1.189,1.24497,1.29206,1.53358
2005-03-04,1.226,1.22,1.226,1.214,2939.5,600068,-0.00245,-0.01294,0.02435,-0.0637,-0.14685,-0.38847,1.2326,1.19038,1.24363,1.29035,1.53043
2005-03-07,1.214,1.23,1.239,1.214,4204.28,600068,0.0082,-0.01992,0.04061,-0.06959,-0.1258,-0.37468,1.2276,1.19267,1.24215,1.28891,1.52743
2005-03-08,1.2329999999999999,1.249,1.249,1.23,8148.47,600068,0.01545,0.00564,0.07395,-0.02726,-0.10273,-0.37015,1.229,1.19676,1.24158,1.28775,1.52445
2005-03-09,1.255,1.242,1.258,1.239,7520.94,600068,-0.0056,0.01554,0.07347,-0.04682,-0.11538,-0.3824,1.2328,1.20081,1.2406,1.28643,1.52132
2005-03-10,1.242,1.207,1.242,1.207,8133.75,600068,-0.02818,-0.01308,0.09132,-0.08906,-0.15417,-0.3998,1.2296,1.20562,1.23869,1.28464,1.51805
2005-03-11,1.207,1.2109999999999999,1.214,1.195,6954.09,600068,0.00331,-0.00738,0.08318,-0.08188,-0.13746,-0.38931,1.2278,1.21005,1.23695,1.28307,1.51491
2005-03-14,1.204,1.188,1.207,1.185,6283.72,600068,-0.01899,-0.03415,0.00763,-0.09244,-0.16161,-0.40659,1.2194,1.21048,1.235,1.28121,1.51161
2005-03-15,1.1909999999999998,1.163,1.198,1.163,6841.68,600068,-0.02104,-0.06886,0.01395,-0.09635,-0.19348,-0.43074,1.2022,1.21124,1.233,1.27894,1.50803
2005-03-16,1.163,1.166,1.179,1.153,3951.61,600068,0.00258,-0.06119,0.0,-0.09822,-0.17887,-0.40992,1.187,1.21124,1.23095,1.27688,1.50474
2005-03-17,1.166,1.157,1.172,1.157,4317.12,600068,-0.00772,-0.04143,-0.0128,-0.11409,-0.18693,-0.41447,1.177,1.21052,1.22855,1.27472,1.50141
2005-03-18,1.157,1.1440000000000001,1.16,1.141,4650.65,600068,-0.01124,-0.05533,-0.02969,-0.10625,-0.18923,-0.42743,1.1636,1.20886,1.22635,1.27254,1.49793
2005-03-21,1.137,1.1440000000000001,1.15,1.131,4104.88,600068,0.0,-0.03704,-0.02139,-0.08845,-0.16252,-0.43282,1.1548,1.20767,1.22456,1.27074,1.49439
2005-03-22,1.1440000000000001,1.109,1.15,1.102,8611.99,600068,-0.03059,-0.04643,-0.0665,-0.11844,-0.18276,-0.44243,1.144,1.2039,1.22216,1.26872,1.49081
2005-03-23,1.109,1.112,1.1179999999999999,1.0959999999999999,5693.58,600068,0.00271,-0.04631,-0.08852,-0.11816,-0.1505,-0.44978,1.1332,1.19876,1.21976,1.26712,1.48711
2005-03-24,1.1179999999999999,1.131,1.137,1.102,5134.04,600068,0.01709,-0.02247,-0.07522,-0.134,-0.16408,-0.4464,1.128,1.19438,1.21694,1.26532,1.48341
2005-03-25,1.1340000000000001,1.1440000000000001,1.1440000000000001,1.112,6194.73,600068,0.01149,0.0,-0.06992,-0.10204,-0.19437,-0.43645,1.128,1.19029,1.21484,1.26307,1.4798
2005-03-28,1.128,1.131,1.141,1.1059999999999999,5393.84,600068,-0.01136,-0.01136,-0.08495,-0.12933,-0.22268,-0.43759,1.1254,1.18529,1.21213,1.26044,1.47623
2005-03-29,1.115,1.122,1.141,1.112,2562.29,600068,-0.00796,0.01172,-0.10598,-0.14089,-0.24698,-0.44483,1.128,1.17895,1.20916,1.25745,1.47257
2005-03-30,1.115,1.083,1.115,1.077,6805.94,600068,-0.03476,-0.02608,-0.12802,-0.19956,-0.29446,-0.47554,1.1222,1.17138,1.20481,1.25377,1.46858
2005-03-31,1.083,1.08,1.087,1.064,5256.77,600068,-0.00277,-0.04509,-0.11693,-0.18491,-0.27807,-0.48498,1.112,1.16457,1.20085,1.25039,1.46445
2005-04-01,1.08,1.1179999999999999,1.128,1.068,9298.2,600068,0.03519,-0.02273,-0.08585,-0.15813,-0.2332,-0.4586,1.1068,1.15957,1.19747,1.24763,1.4606
2005-04-04,1.1059999999999999,1.09,1.112,1.087,6555.16,600068,-0.02504,-0.03625,-0.10656,-0.16347,-0.27139,-0.46725,1.0986,1.15338,1.19403,1.24433,1.45671
2005-04-05,1.093,1.077,1.0959999999999999,1.074,4886.01,600068,-0.01193,-0.04011,-0.12439,-0.15859,-0.26132,-0.47283,1.0896,1.1461,1.19076,1.24123,1.45278
2005-04-06,1.077,1.112,1.115,1.077,7939.7,600068,0.0325,0.02678,-0.10969,-0.12921,-0.2169,-0.44786,1.0954,1.13957,1.1881,1.23872,1.44912
2005-04-07,1.112,1.125,1.15,1.1059999999999999,11608.44,600068,0.01169,0.04167,-0.0942,-0.10785,-0.20775,-0.4389,1.1044,1.134,1.1859,1.23633,1.44554
2005-04-08,1.122,1.1440000000000001,1.147,1.115,8414.01,600068,0.01689,0.02326,-0.0522,-0.09565,-0.17993,-0.43562,1.1096,1.131,1.18395,1.23428,1.44195
2005-04-11,1.15,1.137,1.157,1.131,6976.47,600068,-0.00612,0.04312,-0.06111,-0.0801,-0.17906,-0.4399,1.119,1.12748,1.18235,1.23227,1.43832
2005-04-12,1.131,1.1059999999999999,1.137,1.102,5487.0,600068,-0.02726,0.02693,-0.06902,-0.11661,-0.21616,-0.45704,1.1248,1.12357,1.18,1.22979,1.43454
2005-04-13,1.1059999999999999,1.137,1.15,1.1059999999999999,9813.15,600068,0.02803,0.02248,-0.02236,-0.0801,-0.1867,-0.43741,1.1298,1.12233,1.1784,1.22767,1.43094
2005-04-14,1.141,1.125,1.1440000000000001,1.1179999999999999,5540.66,600068,-0.01055,0.0,-0.03516,-0.09928,-0.18241,-0.45362,1.1298,1.12038,1.1764,1.22563,1.42715
2005-04-15,1.125,1.099,1.125,1.0959999999999999,5332.23,600068,-0.02311,-0.03934,-0.05013,-0.13328,-0.20478,-0.46285,1.1208,1.11762,1.17368,1.22333,1.4233
2005-04-18,1.099,1.083,1.099,1.074,5952.7,600068,-0.01456,-0.04749,-0.05332,-0.14792,-0.17265,-0.46834,1.11,1.11471,1.17065,1.22149,1.41942
2005-04-19,1.083,1.087,1.0959999999999999,1.077,3840.88,600068,0.00369,-0.01718,-0.04983,-0.14477,-0.16577,-0.4499,1.1062,1.112,1.16768,1.21973,1.4158
2005-04-20,1.087,1.068,1.087,1.064,5280.34,600068,-0.01748,-0.06069,-0.03697,-0.15305,-0.17209,-0.45869,1.0924,1.11005,1.16456,1.21793,1.41213
2005-04-21,1.068,1.045,1.077,1.045,7468.46,600068,-0.02154,-0.07111,-0.06025,-0.15862,-0.18168,-0.46684,1.0764,1.10686,1.16139,1.21604,1.40841
2005-04-22,1.048,1.026,1.055,1.0170000000000001,7382.91,600068,-0.01818,-0.06642,-0.09284,-0.14571,-0.19276,-0.46894,1.0618,1.10186,1.15856,1.21405,1.40472
2005-04-25,1.02,1.001,1.02,0.985,7776.01,600068,-0.02437,-0.07572,-0.125,-0.17545,-0.16234,-0.47674,1.0454,1.09505,1.15513,1.21247,1.40102
2005-04-26,1.001,1.02,1.023,0.988,5452.83,600068,0.01898,-0.06164,-0.09814,-0.16187,-0.15071,-0.464,1.032,1.08976,1.15195,1.211,1.39743
2005-04-27,1.023,1.004,1.033,0.988,5360.7,600068,-0.01569,-0.05993,-0.10517,-0.15059,-0.15701,-0.46453,1.0192,1.08414,1.14908,1.20948,1.39389
2005-04-28,1.004,1.0290000000000001,1.033,0.985,7852.64,600068,0.0249,-0.01531,-0.04986,-0.14747,-0.14107,-0.45556,1.016,1.08157,1.14621,1.20811,1.39039
2005-04-29,1.033,1.0290000000000001,1.033,1.01,5137.58,600068,0.0,0.00292,-0.04722,-0.16341,-0.18656,-0.45756,1.0166,1.07914,1.14297,1.20619,1.38686
2005-05-09,1.023,0.991,1.0290000000000001,0.988,5882.68,600068,-0.03693,-0.00999,-0.1136,-0.16793,-0.2166,-0.47677,1.0146,1.0731,1.13974,1.20396,1.38319
2005-05-10,0.985,0.9940000000000001,1.004,0.96,7497.12,600068,0.00303,-0.02549,-0.08807,-0.15905,-0.22344,-0.46788,1.0094,1.06852,1.13671,1.20163,1.37963
2005-05-11,0.985,0.982,1.0070000000000001,0.975,3641.32,600068,-0.01207,-0.02191,-0.08821,-0.15563,-0.20357,-0.4743,1.005,1.064,1.13379,1.19959,1.37603
2005-05-12,0.975,0.988,0.991,0.972,4804.25,600068,0.00611,-0.03984,-0.11151,-0.14607,-0.18817,-0.46099,0.9968,1.0581,1.13106,1.19773,1.3726
2005-05-13,0.985,0.991,1.004,0.975,5193.93,600068,0.00304,-0.03693,-0.11911,-0.10398,-0.20402,-0.45369,0.9892,1.05171,1.12921,1.19567,1.36925
2005-05-16,0.988,0.991,0.991,0.982,3707.7,600068,0.0,0.0,-0.13374,-0.1136,-0.1877,-0.45188,0.9892,1.04443,1.12716,1.1938,1.36593
2005-05-17,0.991,1.001,1.0070000000000001,0.985,5270.26,600068,0.01009,0.00704,-0.11961,-0.15098,-0.17067,-0.43953,0.9906,1.03795,1.12429,1.19213,1.36274
2005-05-18,1.004,1.01,1.01,0.9940000000000001,4990.7,600068,0.00899,0.02851,-0.0868,-0.11944,-0.16598,-0.4392,0.9962,1.03338,1.12208,1.1905,1.35952
2005-05-19,1.01,1.0070000000000001,1.01,0.9940000000000001,3272.88,600068,-0.00297,0.01923,-0.11434,-0.13636,-0.17863,-0.45831,1.0,1.02719,1.11952,1.18872,1.35606
2005-05-20,1.004,1.0170000000000001,1.042,1.004,12564.7,600068,0.00993,0.02624,-0.096,-0.13225,-0.2036,-0.44997,1.0052,1.02205,1.11702,1.1866,1.35268
2005-05-23,1.014,0.975,1.014,0.975,7539.0,600068,-0.0413,-0.01615,-0.11283,-0.17303,-0.22925,-0.46073,1.002,1.01614,1.11373,1.18424,1.34929
2005-05-24,0.975,0.998,1.001,0.972,5353.2,600068,0.02359,-0.003,-0.07849,-0.14628,-0.21293,-0.44892,1.0014,1.0121,1.11097,1.18205,1.34599
2005-05-25,0.988,0.998,1.014,0.988,4663.53,600068,0.0,-0.01188,-0.08188,-0.15993,-0.22815,-0.45761,0.999,1.00786,1.1079,1.17965,1.34257
2005-05-26,1.0070000000000001,1.001,1.0070000000000001,0.9940000000000001,4405.34,600068,0.00301,-0.00596,-0.06273,-0.17951,-0.21797,-0.4539,0.9978,1.00467,1.10437,1.17738,1.33918
2005-05-27,1.004,1.004,1.0170000000000001,0.9940000000000001,4627.52,600068,0.003,-0.01278,-0.03923,-0.17907,-0.19616,-0.45316,0.9952,1.00271,1.10084,1.17539,1.3358
2005-05-30,1.01,1.0170000000000001,1.023,0.998,4798.07,600068,0.01295,0.04308,-0.00877,-0.17317,-0.21528,-0.44029,1.0036,1.00229,1.0974,1.17312,1.33255
2005-05-31,1.014,1.0290000000000001,1.033,1.0070000000000001,10426.79,600068,0.0118,0.03106,0.02797,-0.16748,-0.21986,-0.42256,1.0098,1.00362,1.09406,1.17076,1.32949
2005-06-01,1.026,1.01,1.026,1.004,5201.85,600068,-0.01846,0.01202,-0.0098,-0.19522,-0.23774,-0.4423,1.0122,1.00314,1.09011,1.1682,1.32623
2005-06-02,1.0070000000000001,1.01,1.0170000000000001,0.9940000000000001,6407.33,600068,0.0,0.00899,0.00598,-0.1868,-0.22665,-0.43544,1.014,1.00343,1.08637,1.1658,1.32307
2005-06-03,1.01,1.023,1.0290000000000001,1.001,9913.33,600068,0.01287,0.01892,-0.00583,-0.16353,-0.21065,-0.43822,1.0178,1.00314,1.08315,1.16358,1.31982
2005-06-06,1.0290000000000001,1.033,1.036,1.014,10082.01,600068,0.00978,0.01573,0.00389,-0.15536,-0.20721,-0.42161,1.021,1.00333,1.08008,1.16138,1.31676
2005-06-07,1.052,1.026,1.052,1.02,15514.24,600068,-0.00678,-0.00292,0.03532,-0.15902,-0.2239,-0.42132,1.0204,1.005,1.07695,1.15898,1.31372
2005-06-08,1.033,1.093,1.099,1.033,33699.58,600068,0.0653,0.08218,0.0996,-0.11138,-0.14875,-0.39109,1.037,1.00971,1.07474,1.15742,1.31087
2005-06-09,1.09,1.093,1.099,1.058,32929.52,600068,0.0,0.08218,0.11303,-0.1249,-0.16117,-0.38561,1.0536,1.015,1.07223,1.15572,1.30808
2005-06-10,1.087,1.068,1.093,1.061,15124.66,600068,-0.02287,0.04399,0.08097,-0.1401,-0.19396,-0.39006,1.0626,1.01881,1.06942,1.15363,1.3053
2005-06-13,1.064,1.064,1.071,1.048,7643.27,600068,-0.00375,0.03001,0.07366,-0.11848,-0.19333,-0.39648,1.0688,1.02229,1.06711,1.15155,1.30246
2005-06-14,1.074,1.068,1.08,1.055,9481.06,600068,0.00376,0.04094,0.0777,-0.11808,-0.18411,-0.38444,1.0772,1.02595,1.06481,1.14959,1.29975
2005-06-15,1.061,1.0290000000000001,1.061,1.026,8437.8,600068,-0.03652,-0.05855,0.02797,-0.13384,-0.20047,-0.4014,1.0644,1.02729,1.06224,1.1475,1.29695
2005-06-16,1.0290000000000001,1.026,1.042,1.01,7837.69,600068,-0.00292,-0.0613,0.01584,-0.1178,-0.2065,-0.4007,1.051,1.02805,1.06003,1.14533,1.29416
2005-06-20,1.055,1.087,1.087,1.0390000000000001,30216.03,600068,0.05945,0.01779,0.07944,-0.06775,-0.16769,-0.36766,1.0548,1.03186,1.05876,1.14354,1.29159
2005-06-21,1.083,1.071,1.087,1.058,12056.28,600068,-0.01472,0.00658,0.0531,-0.07433,-0.16328,-0.38021,1.0562,1.03443,1.05737,1.14185,1.28892
2005-06-22,1.064,1.061,1.074,1.048,8753.37,600068,-0.00934,-0.00655,0.08821,-0.07255,-0.15458,-0.37698,1.0548,1.03852,1.05603,1.14027,1.28631
2005-06-23,1.055,1.0390000000000001,1.064,1.033,10616.8,600068,-0.02074,0.00972,0.04108,-0.09178,-0.17409,-0.39558,1.0568,1.04048,1.05434,1.13849,1.28354
2005-06-24,1.026,1.042,1.048,1.026,5096.79,600068,0.00289,0.01559,0.04409,-0.06041,-0.17367,-0.38921,1.06,1.04257,1.05326,1.13671,1.28085
2005-06-27,1.068,1.064,1.077,1.052,14158.47,600068,0.02111,-0.02116,0.06294,-0.04317,-0.1853,-0.37301,1.0554,1.04557,1.05248,1.13474,1.27827
2005-06-28,1.058,1.045,1.064,1.045,5233.0,600068,-0.01786,-0.02428,0.04084,-0.07604,-0.17975,-0.39209,1.0502,1.04752,1.0511,1.13288,1.27553
2005-06-29,1.045,1.042,1.058,1.042,4129.98,600068,-0.00287,-0.01791,0.02458,-0.08916,-0.19784,-0.39029,1.0464,1.04871,1.04945,1.13079,1.27282
2005-06-30,1.042,1.0070000000000001,1.042,1.0070000000000001,9620.0,600068,-0.03359,-0.0308,-0.02138,-0.10964,-0.22894,-0.41077,1.04,1.04767,1.04745,1.12836,1.26997
2005-07-01,1.001,0.975,1.004,0.972,8328.46,600068,-0.03178,-0.0643,-0.03465,-0.13102,-0.27938,-0.42748,1.0266,1.046,1.04508,1.12528,1.26701
2005-07-04,0.9790000000000001,0.96,0.982,0.9470000000000001,8625.58,600068,-0.01538,-0.09774,-0.0495,-0.11357,-0.27547,-0.42549,1.0058,1.04362,1.0431,1.12232,1.26412
2005-07-05,0.96,0.953,0.96,0.94,4587.64,600068,-0.00729,-0.08804,-0.06843,-0.11759,-0.28238,-0.42521,0.9874,1.04029,1.04105,1.11927,1.26125
2005-07-06,0.953,0.953,0.963,0.95,5535.95,600068,0.0,-0.08541,-0.07744,-0.14758,-0.26861,-0.42866,0.9696,1.03648,1.03839,1.11642,1.25835
2005-07-07,0.953,0.96,0.963,0.953,4374.5,600068,0.00735,-0.04667,-0.06433,-0.11927,-0.25,-0.4157,0.9602,1.03333,1.03629,1.11382,1.25557
2005-07-08,0.96,0.9209999999999999,0.96,0.915,9441.38,600068,-0.04063,-0.05538,-0.15737,-0.14485,-0.27878,-0.44883,0.9494,1.02514,1.03377,1.11093,1.25252
2005-07-11,0.9209999999999999,0.915,0.95,0.912,6773.15,600068,-0.00651,-0.04687,-0.16285,-0.17716,-0.27439,-0.44713,0.9404,1.01667,1.0306,1.10811,1.24951
2005-07-12,0.95,0.9440000000000001,0.95,0.915,6678.42,600068,0.03169,-0.00944,-0.1161,-0.16089,-0.25375,-0.43405,0.9386,1.01076,1.02768,1.1055,1.24657
2005-07-13,0.9440000000000001,0.937,0.9440000000000001,0.9279999999999999,3084.09,600068,-0.00742,-0.01679,-0.11936,-0.18094,-0.24191,-0.43622,0.9354,1.00471,1.02434,1.10307,1.24362
2005-07-14,0.925,0.9279999999999999,0.9470000000000001,0.925,5168.4,600068,-0.00961,-0.03333,-0.13109,-0.18382,-0.25879,-0.43826,0.929,0.99805,1.02097,1.10044,1.24068
2005-07-15,0.9279999999999999,0.9059999999999999,0.94,0.9059999999999999,7096.92,600068,-0.02371,-0.01629,-0.11953,-0.18083,-0.26699,-0.45257,0.926,0.99219,1.01774,1.09776,1.23763
2005-07-18,0.899,0.8320000000000001,0.899,0.82,15829.98,600068,-0.08168,-0.09071,-0.18908,-0.26825,-0.33387,-0.49237,0.9094,0.98295,1.01282,1.09437,1.23435
2005-07-19,0.8290000000000001,0.845,0.852,0.8290000000000001,6120.81,600068,0.01562,-0.10487,-0.22263,-0.24889,-0.3336,-0.46822,0.8896,0.97143,1.00831,1.09093,1.23133
2005-07-20,0.848,0.855,0.871,0.8420000000000001,5485.08,600068,0.01183,-0.08751,-0.20168,-0.22202,-0.3273,-0.46294,0.8732,0.96114,1.00437,1.08754,1.22833
2005-07-21,0.858,0.852,0.867,0.836,5662.46,600068,-0.00351,-0.0819,-0.19698,-0.2133,-0.32966,-0.44926,0.858,0.95119,1.00065,1.08414,1.22551
2005-07-22,0.855,0.877,0.89,0.852,9636.76,600068,0.02934,-0.03201,-0.15592,-0.19319,-0.30452,-0.43782,0.8522,0.94348,0.99726,1.08102,1.22273
2005-07-25,0.877,0.8740000000000001,0.88,0.8640000000000001,4532.2,600068,-0.00342,0.05048,-0.16123,-0.18165,-0.2963,-0.45101,0.8606,0.93548,0.99413,1.07802,1.21981
2005-07-26,0.867,0.89,0.893,0.867,11406.53,600068,0.01831,0.05325,-0.16353,-0.14833,-0.25895,-0.4441,0.8696,0.92719,0.99163,1.0755,1.21692
2005-07-27,0.8859999999999999,0.902,0.902,0.88,9510.16,600068,0.01348,0.05497,-0.13684,-0.12086,-0.257,-0.42657,0.879,0.92038,0.98963,1.07296,1.2142
2005-07-28,0.902,0.902,0.915,0.893,17362.47,600068,0.0,0.05869,-0.13436,-0.0989,-0.25883,-0.43235,0.889,0.91371,0.98803,1.0704,1.2114
2005-07-29,0.899,0.899,0.899,0.8859999999999999,11390.78,600068,-0.00333,0.02509,-0.10725,-0.11863,-0.23942,-0.42,0.8934,0.90857,0.98608,1.0681,1.20876
2005-08-01,0.909,0.94,0.96,0.9059999999999999,44157.8,600068,0.04561,0.07551,-0.0359,-0.06375,-0.22121,-0.39627,0.9066,0.9069,0.98505,1.06593,1.20625
2005-08-02,0.94,0.956,0.956,0.937,18130.52,600068,0.01702,0.07416,-0.00417,-0.07094,-0.22276,-0.38203,0.9198,0.90671,0.98387,1.0637,1.20385
2005-08-03,0.963,0.953,0.972,0.95,27752.62,600068,-0.00314,0.05654,0.0,-0.07386,-0.19983,-0.37753,0.93,0.90671,0.98265,1.06176,1.2015
2005-08-04,0.9470000000000001,0.9440000000000001,0.953,0.94,9466.73,600068,-0.00944,0.04656,-0.00944,-0.04743,-0.20135,-0.39097,0.9384,0.90629,0.98189,1.05983,1.19903
2005-08-05,0.953,0.973,0.982,0.941,18844.67,600068,0.03072,0.08231,0.01354,-0.02113,-0.16337,-0.37748,0.9532,0.9069,0.98155,1.05828,1.19663
2005-08-08,0.976,0.973,0.982,0.963,18286.48,600068,0.0,0.03511,0.05646,-0.00916,-0.15903,-0.36859,0.9598,0.90938,0.9814,1.05679,1.19433
2005-08-09,0.973,0.9890000000000001,0.992,0.963,16149.88,600068,0.01644,0.03452,0.08087,0.00101,-0.10579,-0.3557,0.9664,0.9129,0.98142,1.05584,1.19211
2005-08-10,0.985,0.992,0.995,0.973,19067.57,600068,0.00303,0.04092,0.05085,0.00101,-0.1127,-0.35375,0.9742,0.91519,0.98144,1.05481,1.1899
2005-08-11,0.992,1.005,1.021,0.992,27972.3,600068,0.0131,0.06462,0.07257,0.01413,-0.14758,-0.35701,0.9864,0.91843,0.98166,1.0534,1.18763
2005-08-12,1.005,0.976,1.018,0.973,24564.67,600068,-0.02886,0.00308,0.05172,-0.02498,-0.14908,-0.37032,0.987,0.92071,0.98126,1.05201,1.1853
2005-08-15,0.9790000000000001,0.985,0.995,0.9690000000000001,18924.88,600068,0.00922,0.01233,0.0872,-0.02475,-0.15523,-0.36328,0.9894,0.92448,0.98085,1.05054,1.18301
2005-08-16,0.998,0.9890000000000001,1.008,0.982,19602.33,600068,0.00406,0.0,0.1887,-0.01787,-0.15614,-0.35946,0.9894,0.93195,0.98056,1.04905,1.18076
2005-08-17,0.985,0.9890000000000001,0.995,0.966,24189.06,600068,0.0,-0.00302,0.17041,-0.02753,-0.16115,-0.35821,0.9888,0.93881,0.98011,1.0475,1.17851
2005-08-18,0.995,0.96,1.014,0.953,32106.07,600068,-0.02932,-0.04478,0.12281,-0.01538,-0.17879,-0.36925,0.9798,0.94381,0.97987,1.0458,1.17623
2005-08-19,0.95,0.953,0.976,0.934,20244.81,600068,-0.00729,-0.02357,0.11854,-0.04509,-0.19781,-0.35652,0.9752,0.94862,0.97915,1.04389,1.17408
2005-08-22,0.95,0.973,0.973,0.941,16350.52,600068,0.02099,-0.01218,0.10946,-0.02505,-0.20246,-0.33402,0.9728,0.95319,0.97874,1.04189,1.1721
2005-08-23,0.973,0.953,0.976,0.9440000000000001,10160.54,600068,-0.02055,-0.0364,0.09039,-0.04795,-0.22077,-0.33217,0.9656,0.95695,0.97797,1.03969,1.17017
2005-08-24,0.9570000000000001,0.992,1.008,0.9570000000000001,50523.15,600068,0.04092,0.00303,0.11461,-0.01195,-0.1935,-0.30919,0.9662,0.96181,0.97777,1.03776,1.16837
2005-08-25,1.002,1.0270000000000001,1.03,0.9890000000000001,50124.82,600068,0.03528,0.06979,0.13858,0.00983,-0.16909,-0.27676,0.9796,0.96776,0.97794,1.03606,1.16677
2005-08-26,1.0270000000000001,1.021,1.034,1.008,23975.25,600068,-0.00584,0.07135,0.13193,-0.00777,-0.18645,-0.26441,0.9932,0.97343,0.97781,1.03415,1.16528
2005-08-29,1.0270000000000001,1.005,1.03,1.002,18584.6,600068,-0.01567,0.03289,0.11791,-0.00495,-0.19082,-0.28571,0.9996,0.97848,0.97773,1.03223,1.16364
2005-08-30,0.995,1.002,1.008,0.995,10593.31,600068,-0.00299,0.05142,0.06596,-0.00792,-0.1807,-0.28326,1.0094,0.98143,0.9776,1.03043,1.16203
2005-08-31,0.995,1.011,1.018,0.992,15873.81,600068,0.00898,0.01915,0.05753,-0.01173,-0.17334,-0.28652,1.0132,0.98405,0.9774,1.02871,1.16038
2005-09-01,1.018,1.043,1.056,1.011,45340.76,600068,0.03165,0.01558,0.09444,0.00968,-0.14508,-0.27063,1.0164,0.98833,0.97756,1.02727,1.15881
2005-09-02,1.043,1.056,1.079,1.04,39706.54,600068,0.01246,0.03428,0.11864,0.02924,-0.14146,-0.24947,1.0234,0.99367,0.97805,1.02585,1.15738
2005-09-05,1.0590000000000002,1.107,1.13,1.0590000000000002,60589.08,600068,0.0483,0.10149,0.13772,0.01281,-0.11369,-0.20474,1.0438,1.00005,0.97827,1.0247,1.15622
2005-09-06,1.107,1.088,1.12,1.069,45545.95,600068,-0.01716,0.08583,0.11819,-0.00457,-0.12399,-0.22507,1.061,1.00552,0.97819,1.02345,1.15494
2005-09-07,1.085,1.101,1.104,1.0659999999999998,16304.79,600068,0.01195,0.08902,0.11325,0.0309,-0.08782,-0.22845,1.079,1.01086,0.97873,1.02259,1.15361
2005-09-08,1.101,1.091,1.117,1.082,17137.29,600068,-0.00908,0.04602,0.0998,0.02538,-0.09909,-0.22293,1.0886,1.01557,0.97916,1.02161,1.15234
2005-09-09,1.091,1.082,1.0979999999999999,1.0659999999999998,15527.74,600068,-0.00825,0.02462,0.07662,0.01311,-0.08923,-0.23641,1.0938,1.01924,0.97939,1.02075,1.15098
2005-09-12,1.079,1.091,1.095,1.075,6552.97,600068,0.00832,-0.01445,0.11783,0.06025,-0.06191,-0.24341,1.0906,1.02471,0.98039,1.02016,1.14955
2005-09-13,1.091,1.104,1.107,1.082,24342.87,600068,0.01192,0.01471,0.12081,0.07602,-0.05317,-0.22254,1.0938,1.03038,0.98165,1.01966,1.14827
2005-09-14,1.107,1.107,1.114,1.0979999999999999,20761.03,600068,0.00272,0.00545,0.11931,0.0184,-0.04322,-0.22207,1.095,1.036,0.98197,1.01925,1.14698
2005-09-15,1.111,1.114,1.114,1.085,18529.03,600068,0.00632,0.02108,0.12639,0.04015,-0.02622,-0.21049,1.0996,1.04195,0.98266,1.01901,1.14578
2005-09-16,1.114,1.101,1.114,1.095,8686.48,600068,-0.01167,0.01756,0.14688,0.0377,-0.03759,-0.194,1.1034,1.04867,0.98331,1.01866,1.1447
2005-09-19,1.0979999999999999,1.104,1.107,1.095,11371.96,600068,0.00272,0.01192,0.15845,0.06256,-0.00451,-0.18644,1.106,1.05586,0.98435,1.01862,1.14367
2005-09-20,1.104,1.085,1.104,1.079,15827.05,600068,-0.01721,-0.01721,0.11511,0.04127,-0.02428,-0.17112,1.1022,1.06119,0.98505,1.0184,1.14276
2005-09-21,1.075,1.053,1.082,1.053,17061.35,600068,-0.02949,-0.04878,0.10493,-0.01034,-0.06897,-0.22173,1.0914,1.06595,0.98487,1.01776,1.14154
2005-09-22,1.053,1.03,1.085,1.014,23059.06,600068,-0.02184,-0.0754,0.03831,-0.01435,-0.09965,-0.27465,1.0746,1.06776,0.98463,1.01684,1.13996
2005-09-23,1.03,1.014,1.037,1.011,8563.96,600068,-0.01553,-0.07902,-0.01266,-0.02687,-0.10345,-0.30309,1.0572,1.06714,0.98418,1.01589,1.13816
2005-09-26,1.008,1.014,1.021,0.998,6834.07,600068,0.0,-0.08152,-0.00686,0.00695,-0.09626,-0.31946,1.0392,1.06681,0.98429,1.01501,1.13623
2005-09-27,1.014,0.998,1.021,0.995,5541.33,600068,-0.01578,-0.08018,-0.00697,0.02359,-0.07849,-0.34984,1.0218,1.06648,0.98466,1.01432,1.13404
2005-09-28,0.995,0.985,1.002,0.982,7591.11,600068,-0.01303,-0.06458,-0.01697,0.02604,-0.08796,-0.34158,1.0082,1.06567,0.98506,1.01354,1.13197
2005-09-29,0.992,1.005,1.008,0.992,5292.01,600068,0.0203,-0.02427,-0.00593,0.05456,-0.10107,-0.3107,1.0032,1.06538,0.9859,1.01263,1.13013
2005-09-30,1.005,0.998,1.008,0.9890000000000001,8288.45,600068,-0.00697,-0.01578,-0.04314,0.04722,-0.0844,-0.33289,1.0,1.06324,0.98663,1.01188,1.1281
2005-10-10,0.992,0.982,0.998,0.9790000000000001,4995.52,600068,-0.01603,-0.03156,-0.07008,0.02292,-0.08821,-0.32647,0.9936,1.05971,0.98698,1.01111,1.12617
2005-10-11,0.982,0.998,0.998,0.9790000000000001,9504.43,600068,0.01629,0.0,-0.09846,0.0836,-0.10252,-0.29718,0.9936,1.05452,0.98823,1.01018,1.12445
2005-10-12,0.995,1.011,1.018,0.985,8878.59,600068,0.01303,0.0264,-0.07077,0.10492,-0.10133,-0.28803,0.9988,1.05086,0.98977,1.00925,1.12279
2005-10-13,1.011,0.995,1.011,0.9890000000000001,5532.18,600068,-0.01583,-0.00995,-0.09628,0.05403,-0.13024,-0.28674,0.9968,1.04581,0.9906,1.00804,1.12116
2005-10-14,1.002,0.9790000000000001,1.002,0.9690000000000001,8166.68,600068,-0.01608,-0.01904,-0.10266,0.04482,-0.13896,-0.29314,0.993,1.04048,0.99127,1.00676,1.11951
2005-10-17,0.9690000000000001,0.953,0.9790000000000001,0.9470000000000001,10002.96,600068,-0.02656,-0.02953,-0.11922,0.02694,-0.13834,-0.32459,0.9872,1.03433,0.99168,1.00551,1.11765
2005-10-18,0.953,0.9790000000000001,0.982,0.953,7342.95,600068,0.02728,-0.01904,-0.10266,0.08057,-0.13896,-0.29971,0.9834,1.029,0.99285,1.00423,1.11595
2005-10-19,0.9690000000000001,0.9690000000000001,0.982,0.96,6189.7,600068,-0.01021,-0.04154,-0.12228,0.16466,-0.13867,-0.29578,0.975,1.02257,0.99506,1.00296,1.11429
2005-10-20,0.9690000000000001,0.966,0.982,0.96,5397.5,600068,-0.0031,-0.02915,-0.12737,0.1432,-0.12102,-0.30101,0.9692,1.01586,0.99702,1.00188,1.1126
2005-10-21,0.966,0.973,0.985,0.963,8321.38,600068,0.00725,-0.00613,-0.12657,0.13801,-0.10157,-0.25668,0.968,1.00914,0.99892,1.00098,1.11124
2005-10-24,0.973,0.9690000000000001,0.9790000000000001,0.963,6827.53,600068,-0.00411,0.01679,-0.11989,0.13732,-0.10856,-0.25633,0.9712,1.00286,1.00081,1.00002,1.10988
2005-10-25,0.9690000000000001,0.9470000000000001,0.9690000000000001,0.9440000000000001,8011.39,600068,-0.0227,-0.03269,-0.14221,0.07982,-0.1133,-0.26589,0.9648,0.99538,1.00194,0.99904,1.10848
2005-10-26,0.941,0.924,0.953,0.9209999999999999,6547.07,600068,-0.02429,-0.04644,-0.14839,0.05721,-0.11579,-0.27643,0.9558,0.98771,1.00274,0.99806,1.10705
2005-10-27,0.924,0.9179999999999999,0.924,0.9079999999999999,6165.14,600068,-0.00649,-0.04969,-0.12821,0.03146,-0.10526,-0.27773,0.9462,0.98129,1.00319,0.99718,1.10561
2005-10-28,0.9179999999999999,0.899,0.9279999999999999,0.8959999999999999,6042.0,600068,-0.0207,-0.07605,-0.12718,-0.00333,-0.1019,-0.2477,0.9314,0.97505,1.00315,0.99635,1.10441
2005-10-31,0.899,0.915,0.9179999999999999,0.892,4448.59,600068,0.0178,-0.05573,-0.09763,0.01441,-0.10294,-0.23813,0.9206,0.97033,1.00335,0.9955,1.10325
2005-11-01,0.9079999999999999,0.9179999999999999,0.9179999999999999,0.899,5146.44,600068,0.00328,-0.03062,-0.09467,0.02113,-0.08566,-0.22922,0.9148,0.96576,1.00366,0.9948,1.10214
2005-11-02,0.915,0.9440000000000001,0.953,0.912,10768.56,600068,0.02832,0.02165,-0.05411,0.00426,-0.0826,-0.21202,0.9188,0.96319,1.00373,0.99411,1.10111
2005-11-03,0.9470000000000001,0.934,0.95,0.9209999999999999,4903.48,600068,-0.01059,0.01743,-0.05178,-0.02301,-0.09232,-0.26166,0.922,0.96076,1.00337,0.99333,1.09976
2005-11-04,0.934,0.941,0.941,0.9179999999999999,4044.41,600068,0.00749,0.04672,-0.06368,-0.01259,-0.05045,-0.25613,0.9304,0.95771,1.00318,0.99293,1.09844
2005-11-07,0.941,0.9440000000000001,0.95,0.9279999999999999,6455.81,600068,0.00319,0.03169,-0.05411,0.0,-0.0503,-0.2625,0.9362,0.95514,1.00318,0.99252,1.09708
2005-11-08,0.9470000000000001,0.9470000000000001,0.953,0.9309999999999999,7647.49,600068,0.00318,0.03159,-0.03564,-0.02672,-0.03564,-0.23195,0.942,0.95348,1.00276,0.99224,1.09591
2005-11-09,0.95,0.941,0.9570000000000001,0.934,7558.73,600068,-0.00634,-0.00318,-0.05711,-0.03289,-0.04757,-0.22679,0.9414,0.95076,1.00224,0.99185,1.09479
2005-11-10,0.941,0.912,0.941,0.9079999999999999,6824.37,600068,-0.03082,-0.02355,-0.09792,-0.07786,-0.07972,-0.26747,0.937,0.94605,1.001,0.99121,1.09344
2005-11-11,0.899,0.912,0.9179999999999999,0.899,5182.52,600068,0.0,-0.03082,-0.08342,-0.08065,-0.07972,-0.25246,0.9312,0.9421,0.99971,0.99057,1.09219
2005-11-14,0.912,0.924,0.9279999999999999,0.9079999999999999,4437.82,600068,0.01316,-0.02119,-0.05618,-0.0806,-0.07692,-0.23447,0.9272,0.93948,0.9984,0.98994,1.09104
2005-11-15,0.924,0.902,0.937,0.8959999999999999,13036.0,600068,-0.02381,-0.04752,-0.05352,-0.07582,-0.10693,-0.25516,0.9182,0.93705,0.99721,0.98907,1.08978
2005-11-16,0.902,0.902,0.912,0.883,11749.45,600068,0.0,-0.04145,-0.07865,-0.08426,-0.10427,-0.26427,0.9104,0.93338,0.99587,0.98821,1.08846
2005-11-17,0.9079999999999999,0.912,0.9209999999999999,0.902,17982.65,600068,0.01109,0.0,-0.05882,-0.07786,-0.10324,-0.28583,0.9104,0.93067,0.99463,0.98736,1.08698
2005-11-18,0.9079999999999999,0.9309999999999999,0.934,0.9079999999999999,14734.7,600068,0.02083,0.02083,-0.03623,-0.05865,-0.04513,-0.26403,0.9142,0.929,0.99369,0.987,1.08562
2005-11-21,0.934,0.937,0.941,0.915,28589.73,600068,0.00644,0.01407,-0.037,-0.02396,-0.06112,-0.26104,0.9168,0.92729,0.99332,0.9865,1.08428
2005-11-22,0.9309999999999999,0.9179999999999999,0.934,0.915,13581.0,600068,-0.02028,0.01774,-0.05263,-0.03673,-0.08016,-0.29002,0.92,0.92486,0.99276,0.98585,1.08275
2005-11-23,0.9179999999999999,0.937,0.937,0.9179999999999999,8227.2,600068,0.0207,0.0388,-0.01056,-0.037,-0.06394,-0.26797,0.927,0.92438,0.99218,0.98533,1.08136
2005-11-24,0.937,0.963,0.963,0.9209999999999999,34410.29,600068,0.02775,0.05592,0.04221,0.01049,-0.04084,-0.22898,0.9372,0.92624,0.99234,0.985,1.0802
2005-11-25,0.963,0.953,0.9690000000000001,0.95,26750.65,600068,-0.01038,0.02363,0.03813,-0.03931,-0.06293,-0.26466,0.9416,0.9279,0.99171,0.98448,1.0788
2005-11-28,0.9570000000000001,0.9470000000000001,0.966,0.941,14605.35,600068,-0.0063,0.01067,0.05339,-0.0779,-0.07969,-0.28203,0.9436,0.93019,0.99042,0.98381,1.07729
2005-11-29,0.9470000000000001,0.937,0.95,0.9309999999999999,8019.81,600068,-0.01056,0.0207,0.02404,-0.08227,-0.07228,-0.29283,0.9474,0.93124,0.98906,0.98322,1.07571
2005-11-30,0.937,0.934,0.937,0.9179999999999999,7458.84,600068,-0.0032,-0.0032,0.01743,-0.07065,-0.07525,-0.28484,0.9468,0.932,0.98792,0.9826,1.0742
2005-12-01,0.937,0.934,0.941,0.924,3938.09,600068,0.0,-0.03011,-0.01059,-0.06786,-0.087,-0.27932,0.941,0.93152,0.98682,0.98188,1.07273
2005-12-02,0.924,0.9209999999999999,0.937,0.915,5424.61,600068,-0.01392,-0.03358,-0.01392,-0.08902,-0.10842,-0.29317,0.9346,0.9309,0.98537,0.98097,1.07117
2005-12-05,0.9209999999999999,0.9209999999999999,0.9279999999999999,0.905,7635.51,600068,0.0,-0.02746,-0.02125,-0.11697,-0.10234,-0.30333,0.9294,0.92995,0.9834,0.98011,1.06954
2005-12-06,0.9179999999999999,0.9279999999999999,0.937,0.905,7006.7,600068,0.0076,-0.00961,-0.01695,-0.12121,-0.15096,-0.27726,0.9276,0.92919,0.98134,0.97877,1.0681
2005-12-07,0.9279999999999999,0.937,0.937,0.9179999999999999,4696.23,600068,0.0097,0.00321,-0.01056,-0.15357,-0.14273,-0.28089,0.9282,0.92871,0.9786,0.9775,1.06661
2005-12-08,0.937,0.937,0.941,0.9279999999999999,6335.77,600068,0.0,0.00321,-0.00425,-0.13879,-0.12266,-0.29283,0.9288,0.92852,0.97616,0.97644,1.06503
2005-12-09,0.934,0.9440000000000001,0.9470000000000001,0.9309999999999999,10464.71,600068,0.00747,0.02497,0.03509,-0.1426,-0.11278,-0.28431,0.9334,0.93005,0.97363,0.97546,1.06351
2005-12-12,0.9440000000000001,0.9440000000000001,0.9470000000000001,0.937,8256.77,600068,0.0,0.02497,0.03509,-0.13474,-0.1161,-0.27884,0.938,0.93157,0.97126,0.97446,1.06202
2005-12-13,0.9440000000000001,0.934,0.9440000000000001,0.9309999999999999,6064.01,600068,-0.01059,0.00647,0.01082,-0.13678,-0.09232,-0.27428,0.9392,0.93205,0.96887,0.97368,1.06059
2005-12-14,0.9309999999999999,0.9470000000000001,0.95,0.9309999999999999,8963.98,600068,0.01392,0.01067,0.04989,-0.13199,-0.077,-0.26759,0.9412,0.93419,0.96655,0.97304,1.05918
2005-12-15,0.9470000000000001,0.941,0.953,0.937,9574.49,600068,-0.00634,0.00427,0.04324,-0.14764,-0.13431,-0.27948,0.942,0.93605,0.96392,0.97185,1.0577
2005-12-16,0.9440000000000001,0.9470000000000001,0.95,0.937,8321.78,600068,0.00638,0.00318,0.03838,-0.14453,-0.11578,-0.26016,0.9426,0.93771,0.96134,0.97085,1.05635
2005-12-19,0.9470000000000001,0.953,0.9570000000000001,0.941,8758.08,600068,0.00634,0.00953,0.02363,-0.14452,-0.10179,-0.24064,0.9444,0.93876,0.95874,0.96997,1.05512
2005-12-20,0.95,0.953,0.9570000000000001,0.9470000000000001,6258.03,600068,0.0,0.02034,0.01708,-0.13442,-0.08277,-0.24245,0.9482,0.93952,0.95635,0.96927,1.05388
2005-12-21,0.953,0.937,0.9570000000000001,0.937,7574.79,600068,-0.01679,-0.01056,0.0207,-0.15127,-0.10077,-0.25694,0.9462,0.94043,0.95366,0.96841,1.05256
2005-12-22,0.9440000000000001,0.9570000000000001,0.963,0.934,12604.09,600068,0.02134,0.017,0.02134,-0.11797,-0.10056,-0.26723,0.9494,0.94138,0.9516,0.96754,1.05114
2005-12-23,0.953,0.9570000000000001,0.96,0.9470000000000001,12021.91,600068,0.0,0.01056,-0.00623,-0.09117,-0.08421,-0.24882,0.9514,0.9411,0.95005,0.96683,1.04985
2005-12-26,0.96,0.9690000000000001,0.973,0.9570000000000001,17221.43,600068,0.01254,0.01679,0.01679,-0.05922,-0.07006,-0.25404,0.9546,0.94186,0.94906,0.96624,1.04851
2005-12-27,0.9690000000000001,0.982,0.992,0.96,22428.35,600068,0.01342,0.03043,0.03696,-0.03156,-0.02483,-0.24809,0.9604,0.94352,0.94855,0.96603,1.0472
2005-12-28,0.982,0.976,0.985,0.9690000000000001,8687.23,600068,-0.00611,0.04162,0.04162,-0.03748,0.00103,-0.27864,0.9682,0.94538,0.94794,0.96604,1.04566
2005-12-29,0.976,0.985,0.992,0.973,14041.2,600068,0.00922,0.02926,0.0546,-0.01303,0.02604,-0.2566,0.9738,0.94781,0.94773,0.96624,1.04428
2005-12-30,0.985,0.995,1.018,0.982,38040.82,600068,0.01015,0.03971,0.06531,0.01015,0.04407,-0.25075,0.9814,0.95071,0.94789,0.96659,1.04293
2006-01-04,0.992,1.014,1.018,0.9890000000000001,22621.27,600068,0.0191,0.04644,0.10098,0.00896,0.06401,-0.2218,0.9904,0.95514,0.94803,0.96708,1.04175
2006-01-05,1.014,1.018,1.018,1.005,12420.39,600068,0.00394,0.03666,0.10532,0.02004,0.06042,-0.20469,0.9976,0.95976,0.94835,0.96755,1.04069
2006-01-06,1.014,1.021,1.024,1.005,19519.33,600068,0.00295,0.04611,0.10022,0.03971,0.10858,-0.20047,1.0066,0.96419,0.94898,0.96837,1.03965
2006-01-09,1.021,1.024,1.037,1.014,16749.41,600068,0.00294,0.03959,0.09285,0.02605,0.11913,-0.18795,1.0144,0.96833,0.9494,0.96925,1.03868
2006-01-10,1.024,1.014,1.024,1.008,15297.01,600068,-0.00977,0.0191,0.08218,0.00297,0.07415,-0.19842,1.0182,0.972,0.94945,0.96982,1.03766
2006-01-11,1.011,1.002,1.018,0.998,16665.5,600068,-0.01183,-0.01183,0.06144,0.00704,0.06937,-0.18932,1.0158,0.97476,0.94956,0.97035,1.03671
2006-01-12,0.998,1.018,1.021,0.998,12025.07,600068,0.01597,0.0,0.07839,0.03984,0.09698,-0.1869,1.0158,0.97829,0.95019,0.97108,1.03576
2006-01-13,1.021,1.0270000000000001,1.043,1.018,19900.53,600068,0.00884,0.00588,0.09957,0.07765,0.13355,-0.16909,1.017,0.98271,0.95139,0.97207,1.03491
2006-01-16,1.018,0.992,1.0270000000000001,0.992,36576.28,600068,-0.03408,-0.03125,0.04752,0.01328,0.19231,-0.20576,1.0106,0.98486,0.9516,0.97337,1.03387
2006-01-17,0.9890000000000001,0.995,1.002,0.982,22250.03,600068,0.00302,-0.01874,0.05739,0.02683,0.17751,-0.2153,1.0068,0.98743,0.95202,0.97459,1.03276
2006-01-18,0.995,1.034,1.043,0.992,40116.26,600068,0.0392,0.03194,0.09187,0.07039,0.20936,-0.18647,1.0132,0.99157,0.95311,0.97604,1.03179
2006-01-19,1.043,1.0979999999999999,1.123,1.034,112798.93,600068,0.0619,0.07859,0.15215,0.12847,0.28873,-0.13611,1.0292,0.99848,0.95513,0.97804,1.03109
2006-01-20,1.085,1.095,1.117,1.085,50523.94,600068,-0.00273,0.06621,0.149,0.13003,0.24857,-0.13164,1.0428,1.00524,0.95716,0.97981,1.03041
2006-01-23,1.085,1.107,1.114,1.072,33392.51,600068,0.01096,0.11593,0.18143,0.16895,0.26659,-0.1087,1.0658,1.01333,0.95974,0.98171,1.02987
2006-01-24,1.104,1.107,1.156,1.0979999999999999,46482.22,600068,0.0,0.11256,0.15674,0.19805,0.24382,-0.07827,1.0882,1.02048,0.96269,0.98347,1.02948
2006-01-25,1.117,1.104,1.127,1.088,29734.6,600068,-0.00271,0.0677,0.15361,0.20261,0.22395,-0.09061,1.1022,1.02748,0.96569,0.98511,1.02904
2006-02-06,1.101,1.114,1.127,1.085,36706.9,600068,0.00906,0.01457,0.14964,0.23915,0.23503,-0.08463,1.1054,1.03438,0.96916,0.98684,1.02862
2006-02-07,1.12,1.194,1.226,1.114,94435.81,600068,0.07181,0.09041,0.21589,0.30492,0.32814,0.01015,1.1252,1.04448,0.97366,0.98924,1.02867
2006-02-08,1.194,1.242,1.242,1.178,80403.78,600068,0.0402,0.12195,0.27254,0.35294,0.32128,0.029,1.1522,1.05714,0.97889,0.99169,1.02881
2006-02-09,1.242,1.1840000000000002,1.242,1.175,57836.26,600068,-0.0467,0.06956,0.20203,0.25424,0.23849,-0.0374,1.1676,1.06662,0.98276,0.99354,1.02862
2006-02-10,1.178,1.22,1.22,1.178,40305.88,600068,0.03041,0.10507,0.22613,0.30621,0.28017,0.02435,1.1908,1.07733,0.98737,0.99572,1.02874
2006-02-13,1.2229999999999999,1.213,1.229,1.2009999999999998,36239.37,600068,-0.00574,0.08887,0.19625,0.28905,0.28496,0.02623,1.2106,1.08681,0.99176,0.9979,1.02887
2006-02-14,1.217,1.207,1.229,1.197,25481.29,600068,-0.00495,0.01089,0.18566,0.2786,0.24049,0.03783,1.2132,1.09581,0.996,0.9998,1.02904
2006-02-15,1.22,1.21,1.2229999999999999,1.197,37904.21,600068,0.00249,-0.02576,0.18511,0.27772,0.24358,0.04581,1.2068,1.10481,1.00024,1.00173,1.02926
2006-02-16,1.213,1.1520000000000001,1.2229999999999999,1.146,40323.1,600068,-0.04793,-0.02703,0.125,0.22423,0.16481,0.04159,1.2004,1.1109,1.00365,1.00306,1.02945
2006-02-17,1.149,1.14,1.162,1.127,28550.96,600068,-0.01042,-0.06557,0.12426,0.25,0.14919,0.01968,1.1844,1.1169,1.00732,1.00426,1.02954
2006-02-20,1.13,1.156,1.159,1.117,25789.43,600068,0.01404,-0.04699,0.15369,0.26754,0.15025,-0.01951,1.173,1.12424,1.01126,1.00549,1.02944
2006-02-21,1.156,1.175,1.178,1.136,31870.85,600068,0.01644,-0.02651,0.15422,0.27165,0.20389,0.02441,1.1666,1.13171,1.01531,1.00711,1.02956
2006-02-22,1.172,1.162,1.181,1.156,19884.69,600068,-0.01106,-0.03967,0.13145,0.28825,0.1797,-0.00343,1.157,1.13814,1.0195,1.00854,1.02954
2006-02-23,1.162,1.156,1.162,1.136,20323.66,600068,-0.00516,0.00347,0.16532,0.2816,0.16886,-0.01365,1.1578,1.14595,1.0236,1.0099,1.02948
2006-02-24,1.149,1.156,1.165,1.146,11778.56,600068,0.0,0.01404,0.16181,0.26754,0.16886,-0.01951,1.161,1.15362,1.02753,1.01126,1.02938
2006-02-27,1.156,1.146,1.165,1.14,15043.61,600068,-0.00865,-0.00865,0.10832,0.23093,0.19375,-0.01967,1.159,1.15895,1.031,1.01277,1.02929
2006-02-28,1.146,1.136,1.146,1.12,17512.45,600068,-0.00873,-0.03319,0.03461,0.21238,0.19203,-0.04377,1.1512,1.16076,1.03421,1.01426,1.02908
2006-03-01,1.14,1.168,1.172,1.13,19059.1,600068,0.02817,0.00516,0.06667,0.27233,0.20041,-0.04262,1.1524,1.16424,1.03824,1.01585,1.02887
2006-03-02,1.162,1.133,1.168,1.13,11895.4,600068,-0.02997,-0.0199,0.02349,0.20918,0.18888,-0.07359,1.1478,1.16548,1.0414,1.01731,1.0285
2006-03-03,1.133,1.136,1.149,1.123,21032.98,600068,0.00265,-0.0173,0.0262,0.17965,0.14516,-0.07642,1.1438,1.16686,1.04419,1.01848,1.02812
2006-03-06,1.133,1.14,1.146,1.133,7998.12,600068,0.00352,-0.00524,0.03261,0.19622,0.11003,-0.07767,1.1426,1.16857,1.04721,1.0194,1.02773
2006-03-07,1.14,1.085,1.14,1.075,29914.01,600068,-0.04825,-0.04489,-0.02603,0.14572,0.06268,-0.13546,1.1324,1.16719,1.04944,1.01992,1.02704
2006-03-08,1.079,1.085,1.091,1.05,20740.51,600068,0.0,-0.07106,-0.09129,0.15795,0.0796,-0.12641,1.1158,1.162,1.05182,1.02057,1.0264
2006-03-09,1.075,1.079,1.082,1.0659999999999998,7408.72,600068,-0.00553,-0.04766,-0.13124,0.15525,0.07685,-0.11774,1.105,1.15424,1.05416,1.0212,1.02581
2006-03-10,1.082,1.095,1.101,1.075,15627.78,600068,0.01483,-0.03609,-0.07517,0.17238,0.08309,-0.10466,1.0968,1.15,1.05676,1.02188,1.02529
2006-03-13,1.091,1.101,1.101,1.082,9395.13,600068,0.00548,-0.03421,-0.09754,0.19544,0.05561,-0.09754,1.089,1.14433,1.05966,1.02235,1.02481
2006-03-14,1.104,1.101,1.114,1.095,9416.82,600068,0.0,0.01475,-0.09233,0.19544,0.04261,-0.10488,1.0922,1.139,1.06256,1.02272,1.02428
2006-03-15,1.0979999999999999,1.117,1.12,1.0979999999999999,9912.62,600068,0.01453,0.02949,-0.07457,0.20366,0.00903,-0.10568,1.0986,1.13471,1.06561,1.0228,1.02375
2006-03-16,1.117,1.117,1.12,1.107,7706.38,600068,0.0,0.03522,-0.07686,0.1921,0.02665,-0.10064,1.1062,1.13029,1.06852,1.02303,1.02324
2006-03-17,1.114,1.156,1.162,1.107,35632.75,600068,0.03491,0.05571,0.00347,0.23372,0.04995,-0.04225,1.1184,1.13048,1.07205,1.02348,1.02303
2006-03-20,1.162,1.2009999999999998,1.213,1.146,47202.84,600068,0.03893,0.09083,0.05351,0.27225,0.10082,-0.00826,1.1384,1.13338,1.07619,1.02437,1.02299
2006-03-21,1.204,1.1909999999999998,1.213,1.168,44164.26,600068,-0.00833,0.08174,0.03028,0.26165,0.10074,0.00253,1.1564,1.13505,1.08018,1.02526,1.023
2006-03-22,1.1840000000000002,1.207,1.21,1.181,26522.41,600068,0.01343,0.08057,0.02723,0.29229,0.10632,0.03783,1.1744,1.13657,1.08458,1.0262,1.02318
2006-03-23,1.204,1.22,1.236,1.204,30214.72,600068,0.01077,0.09221,0.04991,0.28828,0.10507,0.04631,1.195,1.13933,1.08898,1.02715,1.0234
2006-03-24,1.22,1.188,1.226,1.188,23832.58,600068,-0.02623,0.02768,0.02768,0.26249,0.07317,0.02679,1.2014,1.14086,1.09297,1.0278,1.02353
2006-03-27,1.1840000000000002,1.178,1.1840000000000002,1.168,14934.92,600068,-0.00842,-0.01915,0.01903,0.24393,0.05745,0.02972,1.1968,1.1419,1.09669,1.02833,1.02367
2006-03-28,1.178,1.258,1.268,1.178,85548.73,600068,0.06791,0.05626,0.09773,0.32004,0.1426,0.09965,1.2102,1.14724,1.10161,1.0296,1.02413
2006-03-29,1.274,1.249,1.274,1.236,35752.53,600068,-0.00715,0.0348,0.09947,0.3106,0.13134,0.12624,1.2186,1.15262,1.10639,1.03078,1.0247
2006-03-30,1.245,1.249,1.29,1.239,42940.41,600068,0.0,0.02377,0.06935,0.33298,0.15115,0.1232,1.2244,1.15648,1.11142,1.03211,1.02526
2006-03-31,1.245,1.3030000000000002,1.306,1.239,81590.09,600068,0.04323,0.0968,0.15004,0.36155,0.23742,0.15208,1.2474,1.16457,1.117,1.03415,1.02596
2006-04-12,1.435,1.435,1.435,1.435,18022.55,600068,0.1013,0.21817,0.2632,0.49948,0.3932,0.25437,1.2988,1.17881,1.12471,1.03744,1.02714
2006-04-13,1.5730000000000002,1.57,1.579,1.5019999999999998,287314.46,600068,0.09408,0.24801,0.37719,0.62023,0.54832,0.38815,1.3612,1.19929,1.1344,1.04196,1.02892
2006-04-14,1.541,1.5819999999999999,1.5859999999999999,1.5119999999999998,186526.5,600068,0.00764,0.26661,0.45806,0.611,0.56016,0.40998,1.4278,1.22295,1.14408,1.04658,1.03079
2006-05-17,1.4340000000000002,1.305,1.4340000000000002,1.248,536734.85,600068,-0.17509,0.04484,0.20276,0.33709,0.30762,0.20499,1.439,1.23343,1.14939,1.04907,1.0317
2006-05-18,1.296,1.339,1.3530000000000002,1.262,239789.48,600068,0.02605,0.02763,0.24096,0.35939,0.35939,0.23981,1.4462,1.24581,1.1551,1.05195,1.03275
2006-05-19,1.329,1.473,1.473,1.329,434001.91,600068,0.10007,0.02648,0.34521,0.4804,0.46567,0.31753,1.4538,1.26381,1.16281,1.05576,1.03419
2006-05-22,1.4680000000000002,1.535,1.5730000000000002,1.439,433655.38,600068,0.04209,-0.02229,0.39419,0.51381,0.53808,0.40826,1.4468,1.28448,1.17121,1.06012,1.036
2006-05-23,1.525,1.425,1.525,1.425,318099.06,600068,-0.07166,-0.09924,0.29428,0.3998,0.45112,0.32312,1.4154,1.2999,1.17777,1.06372,1.03741
2006-05-24,1.411,1.3530000000000002,1.463,1.296,219049.14,600068,-0.05053,0.03678,0.21128,0.32517,0.35571,0.21673,1.425,1.31114,1.18313,1.06661,1.03839
2006-05-26,1.3769999999999998,1.415,1.42,1.3530000000000002,213082.26,600068,0.04582,0.05676,0.26679,0.38184,0.3996,0.25778,1.4402,1.32533,1.18944,1.06989,1.03957
2006-05-29,1.42,1.501,1.501,1.406,325027.83,600068,0.06078,0.01901,0.29844,0.48028,0.50854,0.31206,1.4458,1.34176,1.19729,1.07401,1.04102
2006-05-30,1.511,1.4869999999999999,1.525,1.463,355868.68,600068,-0.00933,-0.03127,0.23813,0.48403,0.5189,0.30783,1.4362,1.35538,1.20511,1.07814,1.04245
2006-05-31,1.4869999999999999,1.449,1.492,1.4340000000000002,187996.38,600068,-0.02555,0.01684,0.21662,0.42338,0.52046,0.31013,1.441,1.36767,1.21206,1.08217,1.04384
2006-06-01,1.444,1.506,1.53,1.4340000000000002,295755.6,600068,0.03934,0.11308,0.24772,0.46641,0.5383,0.32454,1.4716,1.3819,1.21979,1.08646,1.04534
2006-06-02,1.506,1.53,1.554,1.492,398905.13,600068,0.01594,0.08127,0.2541,0.54234,0.57895,0.36,1.4946,1.39667,1.22847,1.09102,1.04699
2006-06-05,1.5730000000000002,1.683,1.683,1.5730000000000002,644385.25,600068,0.1,0.12125,0.41667,0.69146,0.74224,0.53139,1.531,1.42024,1.23956,1.09685,1.04936
2006-06-06,1.6880000000000002,1.693,1.7790000000000001,1.6740000000000002,534679.86,600068,0.00594,0.13853,0.43718,0.63733,0.73998,0.56325,1.5722,1.44476,1.25019,1.1027,1.05184
2006-06-07,1.693,1.525,1.702,1.525,297224.79,600068,-0.09923,0.05245,0.21224,0.38889,0.57379,0.40294,1.5874,1.45748,1.25708,1.10722,1.05362
2006-06-08,1.4869999999999999,1.53,1.54,1.4580000000000002,209568.5,600068,0.00328,0.01594,0.22498,0.39726,0.61563,0.43258,1.5922,1.47086,1.2641,1.11196,1.0555
2006-06-09,1.53,1.463,1.54,1.4580000000000002,131733.96,600068,-0.04379,-0.04379,0.17134,0.32159,0.58333,0.4,1.5788,1.48105,1.26984,1.11634,1.0572
2006-06-12,1.4580000000000002,1.4680000000000002,1.473,1.425,94749.15,600068,0.00342,-0.12775,0.12663,0.32611,0.59913,0.4308,1.5358,1.4889,1.27566,1.12081,1.059
2006-06-13,1.473,1.454,1.482,1.439,77368.66,600068,-0.00954,-0.14117,0.01324,0.31703,0.61735,0.45255,1.488,1.48981,1.28131,1.12533,1.06084
2006-06-14,1.449,1.444,1.449,1.411,79833.48,600068,-0.00688,-0.05311,-0.08025,0.29623,0.57814,0.41569,1.4718,1.48381,1.28663,1.12963,1.06256
2006-06-15,1.454,1.4780000000000002,1.4969999999999999,1.454,114989.02,600068,0.02355,-0.03399,-0.06574,0.23786,0.61002,0.47211,1.4614,1.47886,1.29121,1.13418,1.06449
2006-06-16,1.482,1.516,1.516,1.4780000000000002,131035.03,600068,0.02571,0.03623,0.16169,0.22061,0.60593,0.47328,1.472,1.4889,1.29563,1.13883,1.06647
2006-06-19,1.506,1.511,1.521,1.4869999999999999,92725.79,600068,-0.0033,0.02929,0.12845,0.27618,0.61777,0.46842,1.4806,1.4971,1.3009,1.14352,1.06843
2006-06-20,1.511,1.492,1.511,1.463,86618.81,600068,-0.01257,0.02613,0.0129,0.22295,0.58555,0.50555,1.4882,1.498,1.30529,1.148,1.07046
2006-06-21,1.4869999999999999,1.511,1.5490000000000002,1.463,140263.89,600068,0.01273,0.0464,-0.01564,0.24567,0.60064,0.52012,1.5016,1.49686,1.3101,1.15261,1.07257
2006-06-22,1.4969999999999999,1.54,1.544,1.492,162306.94,600068,0.01919,0.04195,0.0807,0.27589,0.62619,0.56823,1.514,1.50233,1.31547,1.15743,1.07483
2006-06-23,1.554,1.516,1.554,1.4969999999999999,179266.25,600068,-0.01558,0.0,0.12047,0.25289,0.61105,0.53441,1.514,1.5101,1.3204,1.16211,1.07698
2006-06-26,1.516,1.525,1.544,1.501,94235.71,600068,0.00594,0.00927,0.07774,0.32378,0.67215,0.53885,1.5168,1.51533,1.32642,1.16709,1.07915
2006-06-27,1.53,1.521,1.535,1.506,109039.59,600068,-0.00262,0.01944,0.01332,0.33421,0.66776,0.53481,1.5226,1.51629,1.33256,1.17204,1.0813
2006-06-28,1.525,1.54,1.568,1.521,127202.3,600068,0.01249,0.01919,0.03564,0.33218,0.66667,0.53846,1.5284,1.51881,1.33876,1.17705,1.0835
2006-06-29,1.544,1.631,1.645,1.54,294631.57,600068,0.05909,0.05909,0.1256,0.38809,0.8082,0.61485,1.5466,1.52748,1.34611,1.18298,1.08602
2006-06-30,1.64,1.6159999999999999,1.669,1.607,371788.65,600068,-0.0092,0.06596,0.07304,0.39071,0.79157,0.60477,1.5666,1.53271,1.35344,1.18878,1.0885
2006-07-03,1.626,1.621,1.64,1.587,123554.41,600068,0.00309,0.06295,0.05948,0.40225,0.77741,0.5939,1.5858,1.53705,1.36094,1.19454,1.09095
2006-07-04,1.631,1.578,1.631,1.5590000000000002,150009.03,600068,-0.02653,0.03748,-0.06239,0.36505,0.69495,0.61846,1.5972,1.53205,1.36774,1.1998,1.0934
2006-07-05,1.578,1.544,1.587,1.521,97120.53,600068,-0.02155,0.0026,-0.08801,0.34729,0.64781,0.54709,1.598,1.52495,1.37416,1.20474,1.09562
2006-07-06,1.54,1.568,1.578,1.525,88476.17,600068,0.01554,-0.03863,0.0282,0.38028,0.70806,0.57114,1.5854,1.527,1.38113,1.21002,1.09794
2006-07-07,1.587,1.6019999999999999,1.607,1.554,181431.12,600068,0.02168,-0.00866,0.04706,0.37158,0.70971,0.6004,1.5826,1.53043,1.38813,1.21543,1.10038
2006-07-10,1.607,1.64,1.645,1.578,182332.92,600068,0.02372,0.01172,0.12098,0.44748,0.70301,0.63347,1.5864,1.53886,1.39631,1.22093,1.10297
2006-07-11,1.645,1.6540000000000001,1.659,1.6159999999999999,198631.22,600068,0.00854,0.04816,0.1267,0.45599,0.73557,0.62635,1.6016,1.54771,1.40466,1.22663,1.10556
2006-07-12,1.669,1.6159999999999999,1.669,1.607,270129.08,600068,-0.02297,0.04663,0.11142,0.41754,0.70644,0.57046,1.616,1.55543,1.41234,1.23207,1.10794
2006-07-13,1.6159999999999999,1.501,1.626,1.482,181328.46,600068,-0.07116,-0.04273,0.03947,0.38341,0.60192,0.48614,1.6026,1.55814,1.41905,1.23666,1.10994
2006-07-14,1.53,1.525,1.54,1.482,107217.45,600068,0.01599,-0.04806,0.0318,0.40553,0.63276,0.5099,1.5872,1.56038,1.42615,1.24146,1.11203
2006-07-17,1.544,1.5590000000000002,1.568,1.521,80791.77,600068,0.0223,-0.04939,0.02836,0.44486,0.66916,0.52395,1.571,1.56243,1.43389,1.24654,1.11421
2006-07-18,1.5730000000000002,1.588,1.6019999999999999,1.54,72647.09,600068,0.0186,-0.0399,0.05096,0.45023,0.72421,0.53727,1.5578,1.5661,1.44184,1.25197,1.11647
2006-07-19,1.5830000000000002,1.525,1.5830000000000002,1.501,73135.46,600068,-0.03967,-0.05631,0.02212,0.3851,0.65581,0.48635,1.5396,1.56767,1.44868,1.25688,1.1185
2006-07-20,1.554,1.54,1.5590000000000002,1.511,44579.19,600068,0.00984,0.02598,0.01919,0.39873,0.65948,0.40897,1.5474,1.56905,1.45576,1.26185,1.12031
2006-07-21,1.54,1.53,1.554,1.525,40190.25,600068,-0.00649,0.00328,-0.00649,0.36974,0.63287,0.39982,1.5484,1.56857,1.46242,1.26667,1.12209
2006-07-24,1.525,1.607,1.617,1.496,116768.02,600068,0.05033,0.03079,0.06003,0.43868,0.71505,0.50468,1.558,1.5729,1.47032,1.27212,1.12428
2006-07-25,1.617,1.655,1.665,1.5830000000000002,635252.33,600068,0.02987,0.04219,0.08525,0.43166,0.75318,0.55545,1.5714,1.5791,1.47837,1.2779,1.12668
2006-07-26,1.636,1.617,1.646,1.6019999999999999,201721.85,600068,-0.02296,0.06033,0.06312,0.34638,0.71292,0.51404,1.5898,1.58367,1.48508,1.28337,1.12891
2006-07-27,1.617,1.578,1.617,1.5590000000000002,126722.71,600068,-0.02412,0.02468,0.02468,0.32494,0.68951,0.53353,1.5974,1.58548,1.49132,1.28861,1.13115
2006-07-28,1.5730000000000002,1.588,1.607,1.5490000000000002,97484.24,600068,0.00634,0.03791,-0.02636,0.31566,0.67687,0.54776,1.609,1.58343,1.49747,1.29382,1.13343
2006-07-31,1.578,1.511,1.588,1.501,93461.83,600068,-0.04849,-0.05974,-0.06498,0.23852,0.60574,0.39006,1.5898,1.57843,1.50216,1.29846,1.13515
2006-08-01,1.511,1.506,1.535,1.496,69463.57,600068,-0.00331,-0.09003,-0.07094,0.26768,0.59029,0.40616,1.56,1.57295,1.50729,1.303,1.13692
2006-08-02,1.525,1.496,1.535,1.472,59341.09,600068,-0.00664,-0.07483,-0.05196,0.26995,0.56978,0.40999,1.5358,1.56905,1.51242,1.30741,1.13869
2006-08-03,1.506,1.4669999999999999,1.516,1.4480000000000002,58879.58,600068,-0.01939,-0.07034,-0.04987,0.16614,0.53935,0.41193,1.5136,1.56538,1.51579,1.31159,1.14043
2006-08-04,1.4669999999999999,1.395,1.482,1.39,83084.31,600068,-0.04908,-0.12154,-0.11033,0.11689,0.48879,0.33877,1.475,1.55714,1.51815,1.31532,1.14187
2006-08-07,1.385,1.3419999999999999,1.385,1.3419999999999999,59550.47,600068,-0.03799,-0.11185,-0.1623,0.07446,0.4023,0.26128,1.4412,1.54476,1.51965,1.31845,1.143
2006-08-08,1.3419999999999999,1.385,1.39,1.3319999999999999,50798.38,600068,0.03204,-0.08035,-0.15549,0.06293,0.44723,0.32536,1.417,1.53262,1.52097,1.32193,1.14438
2006-08-09,1.39,1.376,1.4,1.3659999999999999,35272.76,600068,-0.0065,-0.08021,-0.16808,-0.04111,0.42002,0.32054,1.393,1.51938,1.52002,1.32524,1.14574
2006-08-10,1.385,1.405,1.409,1.371,44309.16,600068,0.02108,-0.04226,-0.13057,-0.1051,0.43075,0.39523,1.3806,1.50933,1.51735,1.32867,1.14735
2006-08-11,1.4,1.409,1.419,1.39,32419.58,600068,0.00285,0.01004,-0.06129,-0.10936,0.44365,0.44513,1.3834,1.50495,1.51456,1.3322,1.14912
2006-08-14,1.4,1.361,1.409,1.351,38553.49,600068,-0.03407,0.01416,-0.10754,0.04291,0.38173,0.41771,1.3872,1.49714,1.51547,1.33525,1.15075
2006-08-15,1.351,1.38,1.385,1.351,27253.96,600068,0.01396,-0.00361,-0.11482,0.03062,0.38693,0.44806,1.3862,1.48862,1.51613,1.33838,1.15248
2006-08-16,1.38,1.395,1.395,1.371,29857.55,600068,0.01087,0.01381,-0.12154,-0.05295,0.37574,0.4638,1.39,1.47943,1.51487,1.34148,1.15428
2006-08-17,1.395,1.376,1.395,1.361,25203.89,600068,-0.01362,-0.02064,-0.0977,-0.10358,0.35167,0.43333,1.3842,1.47233,1.51231,1.34439,1.15597
2006-08-18,1.376,1.3659999999999999,1.39,1.361,22492.72,600068,-0.00727,-0.03052,-0.11299,-0.0414,0.3379,0.48317,1.3756,1.46405,1.51135,1.3472,1.15778
2006-08-21,1.318,1.361,1.361,1.294,30827.29,600068,-0.00366,0.0,-0.11046,0.00591,0.3291,0.48743,1.3756,1.456,1.51148,1.34993,1.15959
2006-08-22,1.361,1.3659999999999999,1.38,1.351,30651.08,600068,0.00367,-0.01014,-0.14997,-0.03463,0.34714,0.44703,1.3728,1.44452,1.51069,1.3528,1.16131
2006-08-23,1.361,1.3559999999999999,1.3659999999999999,1.351,31061.55,600068,-0.00732,-0.02796,-0.18066,-0.0966,0.35329,0.44717,1.365,1.43029,1.50835,1.35567,1.16301
2006-08-24,1.3559999999999999,1.351,1.3559999999999999,1.337,27689.03,600068,-0.00369,-0.01817,-0.1645,-0.09146,0.32711,0.45582,1.36,1.41762,1.50616,1.35838,1.16473
2006-08-25,1.351,1.361,1.371,1.351,23759.41,600068,0.0074,-0.00366,-0.13752,-0.06073,0.32522,0.50221,1.359,1.40729,1.50474,1.3611,1.16658
2006-08-28,1.361,1.39,1.39,1.3559999999999999,50135.64,600068,0.02131,0.02131,-0.12469,-0.07703,0.40121,0.67067,1.3648,1.39786,1.50287,1.36433,1.16885
2006-08-29,1.39,1.39,1.4140000000000001,1.376,57971.78,600068,0.0,0.01757,-0.08008,-0.0915,0.39698,0.64497,1.3696,1.3921,1.50061,1.36754,1.17107
2006-08-30,1.385,1.39,1.395,1.376,31150.67,600068,0.0,0.02507,-0.07703,-0.17409,0.34429,0.62573,1.3764,1.38657,1.49589,1.37044,1.17324
2006-08-31,1.4,1.395,1.409,1.39,42520.33,600068,0.0036,0.03257,-0.06751,-0.17602,0.27049,0.63732,1.3852,1.38176,1.49108,1.37285,1.17545
2006-09-01,1.395,1.361,1.4,1.3559999999999999,41002.36,600068,-0.02437,0.0,-0.07226,-0.10754,0.24292,0.55188,1.3852,1.37671,1.48844,1.37502,1.17741
2006-09-04,1.3559999999999999,1.371,1.376,1.3559999999999999,33656.52,600068,0.00735,-0.01367,-0.0172,-0.10392,0.23848,0.56865,1.3814,1.37557,1.48587,1.37716,1.17943
2006-09-05,1.376,1.385,1.385,1.3659999999999999,39176.93,600068,0.01021,-0.0036,0.03204,-0.05332,0.25113,0.55618,1.3804,1.37762,1.48461,1.37942,1.18145
2006-09-06,1.385,1.4140000000000001,1.419,1.371,70729.52,600068,0.02094,0.01727,0.02094,-0.03678,0.2808,0.56763,1.3852,1.379,1.48374,1.38194,1.18353
2006-09-07,1.409,1.39,1.409,1.371,45030.76,600068,-0.01697,-0.00358,0.01017,-0.04402,0.24776,0.54102,1.3842,1.37967,1.48271,1.38419,1.18551
2006-09-08,1.395,1.4140000000000001,1.4240000000000002,1.385,61004.75,600068,0.01727,0.03894,0.00641,-0.02078,0.18425,0.57286,1.3948,1.3801,1.48223,1.38598,1.18761
2006-09-11,1.433,1.443,1.4480000000000002,1.409,156620.48,600068,0.02051,0.05252,0.02413,-0.02368,0.16184,0.53511,1.4092,1.38171,1.48166,1.38761,1.18965
2006-09-12,1.443,1.4480000000000002,1.4580000000000002,1.433,92991.46,600068,0.00347,0.04549,0.06392,-0.04485,0.22297,0.51464,1.4218,1.38586,1.48056,1.38976,1.19165
2006-09-13,1.4480000000000002,1.419,1.453,1.4140000000000001,51281.58,600068,-0.02003,0.00354,0.02826,-0.06089,0.16311,0.48898,1.4228,1.38771,1.47908,1.39137,1.19354
2006-09-14,1.4140000000000001,1.4,1.4240000000000002,1.385,41790.29,600068,-0.01339,0.00719,0.00358,-0.06166,0.15416,0.48305,1.4248,1.38795,1.4776,1.39289,1.1954
2006-09-15,1.4,1.419,1.4240000000000002,1.4,41073.33,600068,0.01357,0.00354,0.03125,-0.06089,0.17564,0.45838,1.4258,1.39,1.47611,1.39462,1.19721
2006-09-18,1.4240000000000002,1.429,1.433,1.4140000000000001,50514.96,600068,0.00705,-0.0097,0.04612,-0.07208,0.18099,0.46865,1.423,1.393,1.47432,1.3964,1.19907
2006-09-19,1.433,1.4380000000000002,1.453,1.419,64909.59,600068,0.0063,-0.00691,0.05658,-0.05145,0.24826,0.45399,1.421,1.39667,1.47306,1.39872,1.20089
2006-09-20,1.443,1.482,1.496,1.4380000000000002,178747.47,600068,0.0306,0.0444,0.08492,-0.0282,0.3,0.49395,1.4336,1.40219,1.47237,1.4015,1.20288
2006-09-22,1.482,1.4380000000000002,1.496,1.433,79622.26,600068,-0.02969,0.02714,0.06047,-0.05457,0.24394,0.43085,1.4412,1.4061,1.47103,1.4038,1.20464
2006-09-25,1.429,1.4240000000000002,1.4480000000000002,1.4140000000000001,33551.81,600068,-0.00974,0.00352,0.05403,-0.07532,0.21191,0.45902,1.4422,1.40957,1.46916,1.40582,1.20646
2006-09-26,1.419,1.409,1.4240000000000002,1.4,30680.86,600068,-0.01053,-0.014,0.03527,-0.13611,0.21256,0.43046,1.4382,1.41186,1.46558,1.40783,1.20819
2006-09-27,1.405,1.4140000000000001,1.419,1.4,28716.55,600068,0.00355,-0.01669,0.01727,-0.125,0.22318,0.42973,1.4334,1.413,1.46232,1.40993,1.20991
2006-09-28,1.4140000000000001,1.419,1.419,1.4,40370.68,600068,0.00354,-0.04251,0.02086,-0.12461,0.22751,0.43478,1.4208,1.41438,1.45906,1.41207,1.21166
2006-09-29,1.419,1.429,1.4380000000000002,1.4140000000000001,40295.62,600068,0.00705,-0.00626,0.02806,-0.09442,0.24695,0.48854,1.419,1.41624,1.45666,1.41437,1.21357
2006-10-09,1.4380000000000002,1.443,1.4580000000000002,1.433,47773.9,600068,0.0098,0.01334,0.03441,-0.06541,0.27025,0.51417,1.4228,1.41852,1.45503,1.41686,1.21556
2006-10-10,1.4480000000000002,1.4580000000000002,1.472,1.4380000000000002,59640.41,600068,0.0104,0.03478,0.07127,-0.07015,0.24829,0.49846,1.4326,1.42314,1.45326,1.41922,1.21753
2006-10-11,1.462,1.453,1.4669999999999999,1.4380000000000002,43709.07,600068,-0.00343,0.02758,0.05981,-0.09301,0.28244,0.52466,1.4404,1.42705,1.45085,1.42182,1.21957
2006-10-12,1.453,1.4480000000000002,1.4580000000000002,1.433,67325.36,600068,-0.00344,0.02044,0.04549,-0.11707,0.27465,0.45968,1.4462,1.43005,1.44776,1.42436,1.22142
2006-10-13,1.4480000000000002,1.472,1.482,1.443,84714.42,600068,0.01657,0.03009,0.04102,-0.11004,0.29123,0.4333,1.4548,1.43281,1.44482,1.42706,1.22323
2006-10-16,1.4869999999999999,1.4869999999999999,1.496,1.4669999999999999,127311.29,600068,0.01019,0.03049,0.06978,-0.07983,0.37051,0.45642,1.4636,1.43743,1.44274,1.43033,1.22512
2006-10-17,1.4769999999999999,1.462,1.482,1.4480000000000002,74240.88,600068,-0.01681,0.00274,0.03395,-0.02598,0.34747,0.45473,1.4644,1.43971,1.44211,1.43339,1.22698
2006-10-18,1.4580000000000002,1.472,1.472,1.4480000000000002,42519.05,600068,0.00684,0.01308,0.0201,-0.03475,0.36423,0.46906,1.4682,1.4411,1.44126,1.43659,1.22889
2006-10-19,1.472,1.4580000000000002,1.4769999999999999,1.4480000000000002,49197.93,600068,-0.00951,0.00691,0.00691,-0.06479,0.33151,0.44214,1.4702,1.44157,1.43963,1.43954,1.23071
2006-10-20,1.4580000000000002,1.482,1.482,1.4580000000000002,94334.02,600068,0.01646,0.00679,0.0444,-0.06675,0.34605,0.4209,1.4722,1.44457,1.43792,1.44263,1.23249
2006-10-23,1.4869999999999999,1.453,1.501,1.443,144453.44,600068,-0.01957,-0.02286,0.03786,-0.04721,0.31971,0.37595,1.4654,1.4471,1.43676,1.4455,1.23411
2006-10-24,1.453,1.4769999999999999,1.4769999999999999,1.453,105604.62,600068,0.01652,0.01026,0.04087,-0.04091,0.32229,0.33424,1.4684,1.44986,1.43574,1.44842,1.23561
2006-10-25,1.482,1.462,1.482,1.4480000000000002,62872.49,600068,-0.01016,-0.00679,0.02309,-0.04444,0.30886,0.34375,1.4664,1.45143,1.43465,1.45123,1.23713
2006-10-26,1.462,1.4480000000000002,1.462,1.4380000000000002,49242.14,600068,-0.00958,-0.00686,0.00695,-0.09894,0.2526,0.31517,1.4644,1.4519,1.43208,1.4536,1.23854
2006-10-27,1.4480000000000002,1.409,1.4480000000000002,1.405,59898.74,600068,-0.02693,-0.04926,-0.04926,-0.14864,0.17319,0.29148,1.4498,1.44843,1.42811,1.45529,1.23983
2006-10-30,1.409,1.433,1.433,1.405,26560.87,600068,0.01703,-0.01376,-0.00348,-0.11379,0.20319,0.3244,1.4458,1.44819,1.42515,1.45726,1.24126
2006-10-31,1.433,1.4240000000000002,1.433,1.4140000000000001,31689.0,600068,-0.00628,-0.03588,0.0,-0.09759,0.17978,0.30522,1.4352,1.44819,1.42266,1.45902,1.24261
2006-11-01,1.4240000000000002,1.429,1.433,1.409,44862.5,600068,0.00351,-0.02257,0.01419,-0.10013,0.17131,0.29438,1.4286,1.44914,1.4201,1.46072,1.24393
2006-11-02,1.429,1.4480000000000002,1.4669999999999999,1.4240000000000002,62284.16,600068,0.0133,0.0,0.02405,-0.04169,0.21886,0.30804,1.4286,1.45076,1.41908,1.46284,1.24532
2006-11-03,1.4480000000000002,1.4869999999999999,1.4909999999999999,1.433,156307.38,600068,0.02693,0.05536,0.04792,-0.01262,0.26231,0.33483,1.4442,1.454,1.41877,1.46535,1.24684
2006-11-06,1.482,1.511,1.516,1.4580000000000002,194458.89,600068,0.01614,0.05443,0.05738,0.01003,0.20111,0.37239,1.4598,1.4579,1.41902,1.46741,1.2485
2006-11-07,1.525,1.53,1.544,1.511,345925.12,600068,0.01257,0.07444,0.06029,0.04294,0.22498,0.38587,1.481,1.46205,1.42003,1.46969,1.25024
2006-11-08,1.54,1.482,1.54,1.4769999999999999,97351.14,600068,-0.03137,0.03709,0.01646,0.06237,0.18655,0.3659,1.4916,1.46319,1.42144,1.47159,1.25185
2006-11-09,1.472,1.4869999999999999,1.501,1.4669999999999999,53745.26,600068,0.00337,0.02693,0.0234,0.10805,0.14121,0.41216,1.4994,1.46481,1.42377,1.47308,1.25361
2006-11-10,1.4869999999999999,1.443,1.496,1.4380000000000002,76223.38,600068,-0.02959,-0.02959,-0.00345,0.04188,0.00557,0.40097,1.4906,1.46457,1.42471,1.47315,1.25529
2006-11-13,1.4380000000000002,1.39,1.443,1.3559999999999999,68955.56,600068,-0.03673,-0.08008,-0.05571,0.01017,-0.11465,0.37081,1.4664,1.46067,1.42494,1.47168,1.25682
2006-11-14,1.39,1.4140000000000001,1.4140000000000001,1.371,47576.78,600068,0.01727,-0.07582,-0.04909,0.00641,-0.10619,0.39448,1.4432,1.45719,1.42508,1.47032,1.25845
2006-11-15,1.419,1.419,1.429,1.39,38216.31,600068,0.00354,-0.04251,-0.02941,0.0071,0.08736,0.42184,1.4306,1.45514,1.42524,1.47124,1.26016
2006-11-16,1.4140000000000001,1.4,1.429,1.39,55489.1,600068,-0.01339,-0.05851,-0.04891,0.02866,0.04556,0.42132,1.4132,1.45171,1.42587,1.47174,1.26185
2006-11-17,1.395,1.409,1.4140000000000001,1.38,38389.86,600068,0.00643,-0.02356,-0.03361,0.02101,-0.04345,0.40199,1.4064,1.44938,1.42634,1.47122,1.26349
2006-11-20,1.4140000000000001,1.4,1.4240000000000002,1.39,42796.66,600068,-0.00639,0.00719,-0.05533,0.00358,-0.08795,0.40281,1.4084,1.44548,1.42642,1.47012,1.26512
2006-11-21,1.4,1.4,1.4140000000000001,1.39,47639.36,600068,0.0,-0.0099,-0.03648,0.01744,-0.01754,0.42566,1.4056,1.44295,1.42681,1.46992,1.26682
2006-11-22,1.4,1.429,1.443,1.4,67120.22,600068,0.02071,0.00705,-0.0325,0.04612,0.05617,0.43186,1.4076,1.44067,1.42782,1.47054,1.26857
2006-11-23,1.429,1.4380000000000002,1.4380000000000002,1.419,58765.35,600068,0.0063,0.02714,-0.01642,0.05658,0.01625,0.42235,1.4152,1.43952,1.42906,1.47072,1.27031
2006-11-24,1.4380000000000002,1.429,1.4380000000000002,1.4140000000000001,54213.8,600068,-0.00626,0.01419,-0.01312,0.04612,-0.04797,0.43618,1.4192,1.43862,1.43008,1.47014,1.27207
2006-11-27,1.429,1.4380000000000002,1.4380000000000002,1.419,62968.65,600068,0.0063,0.02714,0.02058,0.06047,-0.03295,0.46885,1.4268,1.44,1.4314,1.46974,1.27394
2006-11-28,1.4380000000000002,1.4480000000000002,1.462,1.4380000000000002,70591.73,600068,0.00695,0.03429,0.01047,0.0718,-0.00069,0.51941,1.4364,1.44071,1.43297,1.46973,1.27595
2006-11-29,1.4380000000000002,1.4869999999999999,1.4869999999999999,1.4140000000000001,99559.52,600068,0.02693,0.04059,0.04424,0.09258,-0.01262,0.5189,1.448,1.44371,1.435,1.46958,1.27802
2006-11-30,1.4869999999999999,1.4769999999999999,1.501,1.4669999999999999,116247.46,600068,-0.00672,0.02712,0.03359,0.06259,-0.03464,0.52425,1.4558,1.446,1.4364,1.46915,1.28008
2006-12-01,1.4769999999999999,1.516,1.53,1.472,227431.34,600068,0.0264,0.06088,0.04696,0.09065,-0.09923,0.56936,1.4732,1.44924,1.43844,1.46779,1.28232
2006-12-04,1.535,1.54,1.554,1.525,319761.76,600068,0.01583,0.07093,0.03564,0.10791,-0.09037,0.58273,1.4936,1.45176,1.44085,1.46654,1.28462
2006-12-05,1.54,1.535,1.5490000000000002,1.52,162496.37,600068,-0.00325,0.06008,0.01588,0.10036,0.00656,0.58411,1.511,1.4529,1.44311,1.46663,1.28692
2006-12-06,1.535,1.525,1.544,1.462,199779.71,600068,-0.00651,0.02555,-0.00327,0.1205,-0.00327,0.61035,1.5186,1.45267,1.44576,1.46659,1.28927
2006-12-07,1.54,1.564,1.607,1.54,404951.49,600068,0.02557,0.0589,0.05533,0.14077,0.06904,0.69264,1.536,1.45657,1.44887,1.46741,1.29187
2006-12-08,1.544,1.4869999999999999,1.569,1.482,142430.34,600068,-0.04923,-0.01913,0.0,0.07365,0.01294,0.61983,1.5302,1.45657,1.45052,1.46756,1.29419
2006-12-11,1.4869999999999999,1.525,1.525,1.482,82283.78,600068,0.02555,-0.00974,0.05683,0.0785,0.04883,0.69633,1.5272,1.46048,1.45231,1.46814,1.29673
2006-12-12,1.525,1.511,1.544,1.4909999999999999,59263.91,600068,-0.00918,-0.01564,0.08705,0.08705,0.0464,0.65137,1.5224,1.46624,1.45426,1.46868,1.29915
2006-12-13,1.52,1.496,1.525,1.4869999999999999,56668.61,600068,-0.00993,-0.01902,0.05799,0.05799,0.01218,0.62963,1.5166,1.47014,1.45558,1.46883,1.3015
2006-12-14,1.501,1.511,1.52,1.496,60256.71,600068,0.01003,-0.03389,0.06483,0.04712,-0.0033,0.60064,1.506,1.47452,1.45668,1.46879,1.30381
2006-12-15,1.511,1.516,1.52,1.496,69292.04,600068,0.00331,0.0195,0.08286,0.04696,0.00331,0.62313,1.5118,1.48005,1.45777,1.46883,1.30617
2006-12-18,1.516,1.54,1.569,1.511,133254.71,600068,0.01583,0.00984,0.09297,0.08527,0.03217,0.63656,1.5148,1.48629,1.45973,1.46922,1.30861
2006-12-19,1.54,1.52,1.5490000000000002,1.501,93106.64,600068,-0.01299,0.00596,0.08571,0.08571,0.00596,0.61017,1.5166,1.492,1.46166,1.46929,1.31095
2006-12-20,1.52,1.578,1.5830000000000002,1.501,244408.76,600068,0.03816,0.05481,0.12714,0.11205,0.02468,0.66631,1.533,1.50048,1.46423,1.4696,1.31352
2006-12-21,1.5730000000000002,1.544,1.578,1.535,181367.29,600068,-0.02155,0.02184,0.08048,0.08048,0.01847,0.64081,1.5396,1.50595,1.46608,1.46983,1.31597
2006-12-22,1.535,1.617,1.617,1.53,268574.7,600068,0.04728,0.06662,0.12448,0.12448,0.06033,0.77303,1.5598,1.51448,1.46897,1.47058,1.31883
2006-12-25,1.665,1.631,1.713,1.617,510111.4,600068,0.00866,0.05909,0.14136,0.10054,0.07232,0.78838,1.578,1.5241,1.47137,1.47147,1.32176
2006-12-26,1.6219999999999999,1.5830000000000002,1.631,1.5590000000000002,171696.17,600068,-0.02943,0.04145,0.10083,0.10083,0.02792,0.7132,1.5906,1.531,1.47371,1.47182,1.32443
2006-12-27,1.578,1.598,1.6219999999999999,1.564,109263.93,600068,0.00948,0.01267,0.10359,0.12219,-0.02023,0.77162,1.5946,1.53814,1.47652,1.47155,1.32726
2006-12-28,1.598,1.607,1.641,1.5730000000000002,166870.3,600068,0.00563,0.0408,0.0807,0.14053,-0.00557,0.7816,1.6072,1.54386,1.47971,1.47148,1.33013
2006-12-29,1.631,1.646,1.67,1.6219999999999999,247114.35,600068,0.02427,0.01793,0.11442,0.16407,0.01542,0.80482,1.613,1.5519,1.48345,1.47168,1.33311
2007-01-04,1.68,1.646,1.689,1.6269999999999998,289464.47,600068,0.0,0.0092,0.08575,0.15997,0.04309,0.76799,1.616,1.5581,1.48711,1.47224,1.33602
2007-01-05,1.646,1.733,1.7380000000000002,1.646,392160.71,600068,0.05286,0.09476,0.12532,0.21274,0.12241,0.84952,1.646,1.56729,1.49202,1.47377,1.33926
2007-01-08,1.7380000000000002,1.776,1.786,1.7180000000000002,282594.54,600068,0.02481,0.11139,0.157,0.23077,0.13265,0.93464,1.6816,1.57876,1.49739,1.47546,1.34274
2007-01-09,1.776,1.766,1.791,1.7380000000000002,212812.1,600068,-0.00563,0.09894,0.15803,0.21125,0.10237,0.88474,1.7134,1.59024,1.50235,1.4768,1.34611
2007-01-10,1.766,1.8,1.805,1.733,268574.29,600068,0.01925,0.09356,0.1509,0.23882,0.09756,0.86916,1.7442,1.60148,1.50795,1.4781,1.34952
2007-01-11,1.805,1.791,1.868,1.776,316155.66,600068,-0.005,0.08809,0.20444,0.23688,0.08283,0.87933,1.7732,1.61595,1.51348,1.47921,1.35292
2007-01-12,1.776,1.68,1.834,1.675,270854.96,600068,-0.06198,-0.03058,0.10164,0.1413,0.0396,0.77402,1.7626,1.62333,1.51684,1.47973,1.3559
2007-01-15,1.665,1.7619999999999998,1.766,1.655,219512.69,600068,0.04881,-0.00788,0.16612,0.18494,0.17388,0.88047,1.7598,1.63529,1.52127,1.48185,1.35926
2007-01-16,1.766,1.94,1.94,1.7280000000000002,520112.33,600068,0.10102,0.09853,0.29679,0.32695,0.27213,1.07709,1.7946,1.65643,1.52898,1.48523,1.36335
2007-01-17,2.017,1.882,2.017,1.834,780473.36,600068,-0.0299,0.04556,0.24553,0.27853,0.20718,1.01499,1.811,1.6741,1.5356,1.48785,1.3672
2007-01-18,1.882,1.921,1.955,1.839,252420.56,600068,0.02072,0.07259,0.26715,0.31756,0.2097,1.08578,1.837,1.69338,1.54306,1.49056,1.37126
2007-01-19,1.926,1.945,1.955,1.8969999999999998,287013.22,600068,0.01249,0.15774,0.26299,0.31242,0.27541,1.11183,1.89,1.71267,1.55053,1.49398,1.37543
2007-01-22,1.931,1.9980000000000002,2.003,1.931,370655.58,600068,0.02725,0.13394,0.31447,0.37509,0.2974,1.15302,1.9372,1.73543,1.55932,1.4977,1.37978
2007-01-23,2.003,2.109,2.157,1.96,463939.75,600068,0.05556,0.08711,0.3365,0.42789,0.37843,1.2508,1.971,1.76071,1.56952,1.50241,1.38454
2007-01-24,2.114,2.09,2.186,2.066,410501.24,600068,-0.00901,0.11052,0.35363,0.42955,0.30056,1.23052,2.0126,1.78671,1.57965,1.50633,1.38923
2007-01-25,2.0709999999999997,1.96,2.0709999999999997,1.955,294210.01,600068,-0.0622,0.0203,0.21212,0.35359,0.18429,1.07627,2.0204,1.80305,1.5879,1.50881,1.39336
2007-01-26,1.931,1.94,1.96,1.786,284784.61,600068,-0.0102,-0.00257,0.18945,0.37686,0.19975,1.05508,2.0194,1.81776,1.59647,1.51144,1.39741
2007-01-29,1.94,2.013,2.037,1.94,227283.08,600068,0.03763,0.00751,0.27164,0.40475,0.27567,1.15525,2.0224,1.83824,1.60582,1.51498,1.40179
2007-01-30,2.013,2.051,2.1,1.94,404142.59,600068,0.01888,-0.0275,0.28348,0.44031,0.29156,1.16579,2.0108,1.85981,1.61594,1.51874,1.40628
2007-01-31,2.056,1.964,2.1,1.935,430876.91,600068,-0.04242,-0.06029,0.22215,0.37439,0.2998,1.08714,1.9856,1.87681,1.62456,1.52242,1.41044
2007-02-01,1.931,2.114,2.138,1.911,624169.77,600068,0.07637,0.07857,0.28433,0.45994,0.40372,1.23231,2.0164,1.8991,1.63531,1.52737,1.41518
2007-02-02,2.148,2.085,2.153,2.013,528789.15,600068,-0.01372,0.07474,0.26671,0.40215,0.39372,1.18783,2.0454,1.92,1.64495,1.53215,1.41978
2007-02-06,1.955,2.201,2.23,1.8780000000000001,649773.01,600068,0.05564,0.09339,0.27005,0.45665,0.50034,1.30955,2.083,1.94229,1.65608,1.53812,1.42486
2007-02-07,2.22,2.1719999999999997,2.326,2.133,384840.07,600068,-0.01318,0.059,0.22297,0.41961,0.55699,1.31804,2.1072,1.96114,1.66644,1.54444,1.42988
2007-02-08,2.1719999999999997,2.182,2.215,2.128,263456.05,600068,0.0046,0.111,0.23556,0.47233,0.62593,1.28004,2.1508,1.98095,1.67773,1.55127,1.43486
2007-02-09,2.182,2.157,2.1959999999999997,2.124,224201.35,600068,-0.01146,0.02034,0.19833,0.45057,0.5574,1.25392,2.1594,1.99795,1.68853,1.55754,1.43974
2007-02-12,2.157,2.191,2.206,2.1430000000000002,224837.57,600068,0.01576,0.05084,0.22334,0.51836,0.5923,1.26109,2.1806,2.017,1.7006,1.56417,1.4447
2007-02-13,2.201,2.177,2.215,2.148,198001.99,600068,-0.00639,-0.0109,0.29583,0.56619,0.54947,1.2169,2.1758,2.04067,1.71329,1.57045,1.44956
2007-02-14,2.1959999999999997,2.244,2.293,2.167,338607.59,600068,0.03078,0.03315,0.27355,0.58699,0.59262,1.29918,2.1902,2.06362,1.72668,1.57724,1.45472
2007-02-15,2.249,2.307,2.3169999999999997,2.225,353386.21,600068,0.02807,0.05729,0.18918,0.62579,0.69508,1.34213,2.2152,2.0811,1.741,1.58493,1.46009
2007-02-16,2.322,2.302,2.379,2.278,323759.54,600068,-0.00217,0.06722,0.22317,0.64429,0.66812,1.31357,2.2442,2.1011,1.75555,1.59242,1.4654
2007-02-26,2.336,2.5340000000000003,2.5340000000000003,2.273,434436.55,600068,0.10078,0.15655,0.3191,0.79844,0.81649,1.49901,2.3128,2.13029,1.77369,1.60168,1.47158
2007-02-27,2.5340000000000003,2.365,2.572,2.283,639244.48,600068,-0.06669,0.08636,0.21594,0.68929,0.71875,1.32318,2.3504,2.15029,1.78926,1.60972,1.47706
2007-02-28,2.4130000000000003,2.6010000000000004,2.6010000000000004,2.404,875653.35,600068,0.09979,0.15909,0.3018,0.85786,0.9041,1.5475,2.4218,2.179,1.80863,1.61976,1.48348
2007-03-01,2.616,2.5340000000000003,2.616,2.4859999999999998,558013.73,600068,-0.02576,0.0984,0.20152,0.77327,0.86187,1.47461,2.4672,2.19924,1.82645,1.6293,1.48962
2007-03-02,2.515,2.519,2.6010000000000004,2.4659999999999997,265556.02,600068,-0.00592,0.09427,0.20526,0.75174,0.84407,1.48422,2.5106,2.21967,1.84389,1.63867,1.49574
2007-03-05,2.515,2.461,2.539,2.3409999999999997,328075.81,600068,-0.02303,-0.02881,0.25561,0.72218,0.8149,1.45609,2.496,2.24352,1.86053,1.64766,1.50167
2007-03-06,2.437,2.4330000000000003,2.461,2.365,171094.21,600068,-0.01138,0.02875,0.25412,0.69193,0.80089,1.38998,2.5096,2.267,1.87658,1.65646,1.50742
2007-03-07,2.4330000000000003,2.524,2.553,2.418,283977.0,600068,0.0374,-0.0296,0.25385,0.74309,0.85452,1.45764,2.4942,2.29133,1.89394,1.66591,1.5135
2007-03-08,2.524,2.548,2.577,2.49,305470.99,600068,0.00951,0.00552,0.24232,0.71352,0.83309,1.56855,2.497,2.315,1.91105,1.67533,1.51983
2007-03-09,2.553,2.505,2.5580000000000003,2.481,238858.37,600068,-0.01688,-0.00556,0.27546,0.69601,0.80216,1.51759,2.4942,2.34076,1.92763,1.68439,1.52597
2007-03-12,2.505,2.592,2.6260000000000003,2.49,289438.23,600068,0.03473,0.05323,0.22611,0.70976,0.86475,1.50677,2.5204,2.36352,1.94498,1.69416,1.5323
2007-03-13,2.5869999999999997,2.65,2.688,2.553,338939.36,600068,0.02238,0.08919,0.27098,0.72078,0.89964,1.41348,2.5638,2.39043,1.96289,1.70437,1.53861
2007-03-14,2.6060000000000003,2.568,2.63,2.51,313759.38,600068,-0.03094,0.01743,0.16674,0.67296,0.88685,1.34521,2.5726,2.4079,1.97955,1.71418,1.5446
2007-03-15,2.568,2.635,2.674,2.553,307664.37,600068,0.02609,0.03414,0.21317,0.72787,0.92195,1.38031,2.59,2.42995,1.99745,1.72446,1.55081
2007-03-16,2.635,2.737,2.78,2.582,632077.11,600068,0.03871,0.09261,0.25435,0.75,0.97617,1.47245,2.6364,2.45638,2.01637,1.73545,1.55743
2007-03-19,2.6060000000000003,2.785,2.8569999999999998,2.582,484794.09,600068,0.01754,0.07446,0.29115,0.8729,0.96959,1.52264,2.675,2.48629,2.03731,1.74659,1.56427
2007-03-20,2.775,2.799,2.833,2.727,321789.76,600068,0.00503,0.05623,0.2775,0.83541,1.01367,1.51257,2.7048,2.51524,2.05785,1.75805,1.57112
2007-03-21,2.785,2.877,2.9339999999999997,2.7560000000000002,368428.0,600068,0.02787,0.12033,0.32154,0.90404,1.03465,1.40955,2.7666,2.54857,2.07989,1.76994,1.57796
2007-03-22,2.886,2.915,2.978,2.8569999999999998,410355.31,600068,0.01321,0.10626,0.29902,0.94853,1.0201,1.34702,2.8226,2.58052,2.10277,1.78191,1.58476
2007-03-23,2.944,3.147,3.2,2.944,527119.65,600068,0.07959,0.1498,0.36411,1.08273,1.17334,1.65794,2.9046,2.62052,2.12916,1.79572,1.59274
2007-04-09,3.4610000000000003,3.4610000000000003,3.4610000000000003,3.4610000000000003,11798.16,600068,0.09978,0.24273,0.50348,1.28298,1.43904,1.83689,3.0398,2.67571,2.16053,1.81233,1.60185
2007-04-10,3.8080000000000003,3.8080000000000003,3.8080000000000003,3.8080000000000003,9245.02,600068,0.10026,0.36049,0.50276,1.47273,1.72,2.13932,3.2416,2.73638,2.19711,1.8319,1.6124
2007-04-11,4.189,4.189,4.189,4.189,25232.3,600068,0.10005,0.45603,0.77125,1.75592,1.95208,2.47059,3.504,2.82324,2.24016,1.85442,1.62452
2007-04-12,4.609,4.609,4.609,4.609,18079.23,600068,0.10026,0.58113,0.77201,1.92079,2.22533,2.80909,3.8428,2.91886,2.28905,1.88028,1.63834
2007-04-13,5.073,5.073,5.073,5.073,36047.1,600068,0.10067,0.61201,1.00197,2.28562,2.52782,3.40365,4.228,3.03976,2.34597,1.90983,1.65428
2007-04-16,5.579,5.579,5.579,5.362,750671.84,600068,0.09974,0.61196,1.21477,2.45022,2.76451,3.89386,4.6516,3.18548,2.40987,1.94314,1.67232
2007-04-17,5.936,6.138999999999999,6.138999999999999,5.599,199436.29,600068,0.10038,0.61213,1.49451,2.76395,3.26912,4.31055,5.1178,3.36062,2.48258,1.98136,1.69258
2007-04-18,6.752000000000001,6.752000000000001,6.752000000000001,6.52,250444.95,600068,0.09985,0.61184,1.77517,3.26532,3.74157,4.74638,5.6304,3.56629,2.56595,2.02467,1.71525
2007-04-19,7.417999999999999,6.38,7.428,6.105,1559672.27,600068,-0.05509,0.38425,1.52773,2.99249,3.52803,4.49053,5.9846,3.7499,2.64308,2.06509,1.73646
2007-04-20,6.371,6.525,6.997999999999999,6.274,834454.02,600068,0.02273,0.28622,1.56083,3.06036,3.61457,4.64446,6.275,3.93929,2.7224,2.10664,1.75828
2007-04-23,6.535,6.747000000000001,6.853,6.144,856914.35,600068,0.03402,0.20936,1.69341,3.09903,3.75476,4.83651,6.5086,4.14129,2.80468,2.14996,1.78101
2007-04-24,6.656000000000001,6.577999999999999,6.709,6.4670000000000005,525977.65,600068,-0.02505,0.07151,1.53781,2.99635,3.60322,4.73997,6.5964,4.3311,2.88423,2.19182,1.80309
2007-04-25,6.656000000000001,6.781000000000001,7.138,6.52,728728.29,600068,0.03086,0.0043,1.55887,2.91287,3.69924,4.96919,6.6022,4.52781,2.96565,2.23522,1.82604
2007-04-26,6.699,6.704,6.849,6.553999999999999,343997.91,600068,-0.01136,0.05078,1.61059,2.77477,3.59808,4.73973,6.667,4.72476,3.04513,2.27787,1.84854
2007-04-27,6.68,6.361000000000001,6.685,6.313,422229.17,600068,-0.05116,-0.02513,1.41404,2.60193,3.37784,4.6143,6.6342,4.90219,3.11924,2.31777,1.8698
2007-04-30,6.25,6.172999999999999,6.274,5.864,624424.96,600068,-0.02956,-0.08507,1.25539,2.42944,3.26312,4.43398,6.5194,5.06581,3.18977,2.35619,1.89027
2007-05-08,6.428999999999999,6.791,6.791,6.274,774837.21,600068,0.10011,0.03238,1.43842,2.79174,3.61345,4.95702,6.562,5.25657,3.27042,2.39943,1.91324
2007-05-09,6.989,6.897,7.24,6.587999999999999,837796.75,600068,0.01561,0.01711,1.46409,3.10536,3.6382,5.35668,6.5852,5.45171,3.35456,2.44341,1.93687
2007-05-11,6.656000000000001,6.577999999999999,6.747000000000001,6.385,396546.76,600068,-0.04625,-0.01879,1.28641,2.73326,3.49932,5.06267,6.56,5.62795,3.43224,2.48501,1.9592
2007-05-14,6.289,6.419,6.66,6.216,389665.44,600068,-0.02417,0.00912,1.20206,2.30876,3.36073,4.94903,6.5716,5.79481,3.50448,2.52523,1.98091
2007-05-16,6.091,6.4239999999999995,6.54,5.912000000000001,441822.79,600068,0.00078,0.04066,1.04131,2.41339,3.40604,4.86667,6.6218,5.95086,3.57774,2.5656,2.00257
2007-05-17,6.4239999999999995,6.419,6.516,6.303,367739.08,600068,-0.00078,-0.05478,0.85467,2.34149,3.33131,4.83015,6.5474,6.09171,3.65029,2.60574,2.02419
2007-05-18,6.52,6.68,6.921,6.52,635269.9,600068,0.04066,-0.03146,0.7542,2.43445,3.59738,5.06721,6.504,6.22848,3.72666,2.64824,2.04687
2007-05-21,6.409,6.699,6.853,6.347,492551.09,600068,0.00284,0.01839,0.59919,2.35285,3.53555,4.99731,6.5282,6.348,3.80248,2.69069,2.06956
2007-05-22,6.796,6.704,6.997999999999999,6.641,515032.67,600068,0.00075,0.0444,0.45455,2.17876,3.5855,5.00179,6.5852,6.44776,3.8766,2.73331,2.09227
2007-05-23,6.723,7.375,7.375,6.665,723909.02,600068,0.10009,0.14804,0.45377,2.52871,4.09323,5.37976,6.7754,6.55738,3.96184,2.7815,2.11755
2007-05-24,7.9639999999999995,8.113,8.113,7.722,1534007.5,600068,0.10007,0.2639,0.4542,3.13929,4.75798,5.7552,7.1142,6.67805,4.06108,2.836,2.14565
2007-05-25,8.374,8.422,8.905,7.9639999999999995,1271107.12,600068,0.03809,0.26078,0.37188,3.34124,4.87718,6.07137,7.4626,6.78676,4.16563,2.89282,2.17504
2007-05-28,9.267000000000001,8.509,9.267000000000001,8.205,636023.54,600068,0.01033,0.27019,0.26022,3.22702,4.97542,6.04971,7.8246,6.87043,4.2704,2.95042,2.20472
2007-05-29,8.446,8.422,8.683,8.147,621563.52,600068,-0.01022,0.25626,0.32006,3.10629,4.89363,5.90328,8.1682,6.96767,4.37316,3.00728,2.234
2007-05-30,7.722,7.582000000000001,8.2,7.582000000000001,506317.69,600068,-0.09974,0.02807,0.16199,2.86049,4.23619,5.38215,8.2096,7.018,4.46377,3.05715,2.25999
2007-05-31,7.056,7.013,7.412999999999999,6.825,726314.1,600068,-0.07505,-0.13558,0.03942,2.31741,3.71621,4.95331,7.9896,7.03067,4.54279,3.10207,2.28371
2007-06-01,7.215,6.313,7.297999999999999,6.313,608492.63,600068,-0.09981,-0.25042,-0.04029,2.02782,3.17803,4.01828,7.5678,7.01805,4.61098,3.14111,2.30426
2007-06-04,6.709,6.617000000000001,6.902,6.105,1133865.92,600068,0.04815,-0.22235,-0.02419,2.00636,3.32484,4.29784,7.1894,7.01024,4.68221,3.18247,2.32608
2007-06-05,6.631,6.545,6.636,5.956,729704.29,600068,-0.01088,-0.22287,-0.02372,2.01335,3.41633,4.24019,6.814,7.00267,4.75274,3.22363,2.34761
2007-06-06,6.564,6.776,6.997999999999999,6.265,729226.07,600068,0.03529,-0.1063,0.06524,2.10541,3.55683,4.20031,6.6528,7.02243,4.82684,3.26663,2.36986
2007-06-07,6.771,7.132999999999999,7.23,6.641,703310.14,600068,0.05269,0.01711,0.15552,2.30691,3.94317,3.97073,6.6768,7.06814,4.9071,3.31289,2.39302
2007-06-08,7.095,7.1770000000000005,7.476,6.94,678739.69,600068,0.00617,0.13686,0.05684,2.27567,4.16331,3.57134,6.8496,7.08652,4.98752,3.35994,2.41581
2007-06-11,7.23,7.1770000000000005,7.331,7.075,546461.6,600068,0.0,0.08463,0.0406,2.29674,4.07567,3.53666,6.9616,7.09986,5.06816,3.4068,2.43856
2007-06-12,7.24,7.896,7.896,7.095,991875.67,600068,0.10018,0.20642,0.20036,2.51872,4.56448,5.05057,7.2318,7.16262,5.15932,3.45946,2.46535
2007-06-13,7.916,8.187000000000001,8.225,7.727,859886.0,600068,0.03685,0.20823,0.27543,2.54876,4.84786,5.11426,7.514,7.24681,5.25416,3.51463,2.49319
2007-06-14,8.187000000000001,7.921,8.221,7.837999999999999,552964.09,600068,-0.03249,0.11047,0.23303,2.44092,4.62172,4.37746,7.6716,7.3181,5.34479,3.56758,2.5194
2007-06-15,8.477,8.714,8.714,8.472000000000001,345337.49,600068,0.10011,0.21416,0.35753,2.43883,5.22429,4.67687,7.979,7.42738,5.44447,3.62704,2.54858
2007-06-19,9.585,8.892999999999999,9.585,8.806000000000001,1140358.71,600068,0.02054,0.2391,0.33129,2.76025,5.35214,5.2407,8.3222,7.53276,5.54976,3.68796,2.57894
2007-06-20,8.709,8.24,9.0,8.071,751710.78,600068,-0.07343,0.04357,0.23003,2.16801,4.76627,5.09017,8.391,7.60614,5.64071,3.74333,2.60693
2007-06-21,8.056000000000001,7.877000000000001,8.361,7.684,557942.4,600068,-0.04405,-0.03786,0.17497,2.10852,4.47775,4.56678,8.329,7.662,5.72689,3.79568,2.6332
2007-06-22,7.858,7.727,8.342,7.403,528484.98,600068,-0.01904,-0.02449,0.04773,2.06749,4.40728,4.1479,8.2902,7.67876,5.81089,3.84689,2.65851
2007-06-25,7.727,6.952999999999999,7.959,6.952999999999999,385536.44,600068,-0.10017,-0.20209,-0.14298,1.82527,3.83519,3.67586,7.938,7.62352,5.88334,3.89172,2.68073
2007-06-26,6.643,6.9479999999999995,6.9670000000000005,6.28,468224.8,600068,-0.00072,-0.21871,-0.17502,1.85573,3.79834,3.79503,7.549,7.55333,5.95616,3.93644,2.70309
2007-06-27,7.021,7.257999999999999,7.393,6.987,420659.46,600068,0.04462,-0.11917,-0.14702,1.87559,3.88097,3.81939,7.3526,7.49376,6.03252,3.98336,2.72647
2007-06-28,7.257999999999999,6.532,7.257999999999999,6.532,390539.25,600068,-0.10003,-0.17075,-0.22441,1.56358,3.42248,3.26928,7.0836,7.40376,6.09677,4.02446,2.7468
2007-06-29,6.29,6.28,6.58,6.145,366206.32,600068,-0.03858,-0.18727,-0.17172,1.50699,3.14248,2.73143,6.7942,7.34176,6.15766,4.06319,2.76549
2007-07-02,6.421,6.502999999999999,6.507999999999999,6.145,272743.33,600068,0.03551,-0.06472,-0.07272,1.50887,3.22273,2.84111,6.7042,7.31748,6.22074,4.10354,2.78504
2007-07-03,6.6770000000000005,6.566,6.755,6.314,222638.07,600068,0.00969,-0.05498,0.04008,1.47774,3.27752,3.30557,6.6278,7.32952,6.2839,4.14444,2.80553
2007-07-04,6.619,6.314,6.619,6.29,163191.89,600068,-0.03838,-0.13006,-0.04579,1.45872,3.14033,3.1268,6.439,7.3151,6.34432,4.18337,2.82498
2007-07-05,6.2170000000000005,5.685,6.2170000000000005,5.685,290818.51,600068,-0.09962,-0.12967,-0.1314,1.1575,2.63491,2.88585,6.2696,7.27414,6.39352,4.21688,2.84214
2007-07-06,5.322,6.14,6.256,5.148,517112.04,600068,0.08004,-0.02229,-0.09386,1.24333,3.12912,3.18256,6.2416,7.24386,6.4484,4.25471,2.86113
2007-07-09,6.29,6.406000000000001,6.585,6.047999999999999,462898.36,600068,0.04332,-0.01492,-0.10192,1.30018,3.20066,3.40578,6.2222,7.20924,6.50681,4.29439,2.88126
2007-07-10,6.392,6.053,6.474,6.047999999999999,294286.45,600068,-0.0551,-0.07813,-0.15661,1.16256,3.00596,3.19183,6.1196,7.15571,6.55929,4.33132,2.9
2007-07-11,5.976,5.956,6.077000000000001,5.855,168538.92,600068,-0.01603,-0.0567,-0.17013,1.07021,2.98128,3.02977,6.048,7.09757,6.60895,4.36758,2.9182
2007-07-12,5.961,5.961,6.058,5.903,109577.28,600068,0.00084,0.04855,-0.24506,1.04494,2.94507,2.93206,6.1032,7.00543,6.65808,4.40376,2.93627
2007-07-13,5.966,5.84,6.0,5.747999999999999,121563.77,600068,-0.0203,-0.04886,-0.28667,0.85574,2.85224,2.86499,6.0432,6.89367,6.70152,4.43891,2.95387
2007-07-16,5.821000000000001,5.405,5.855,5.395,174786.21,600068,-0.07449,-0.15626,-0.31764,0.56169,2.50974,2.62265,5.843,6.77386,6.73287,4.47033,2.96978
2007-07-17,5.322,5.419,5.555,5.235,159555.87,600068,0.00259,-0.10474,-0.37813,0.42306,2.56513,2.58637,5.7162,6.61695,6.75885,4.50203,2.98566
2007-07-18,5.419,5.405,5.584,5.279,165235.16,600068,-0.00258,-0.09251,-0.39222,0.29028,2.42522,2.50974,5.606,6.45086,6.77847,4.53315,3.00137
2007-07-19,5.405,5.608,5.806,5.347,206860.12,600068,0.03756,-0.05922,-0.31942,0.21675,2.63212,2.69921,5.5354,6.32552,6.79458,4.56619,3.01801
2007-07-20,5.6610000000000005,5.84,5.922000000000001,5.6129999999999995,239313.65,600068,0.04137,0.0,-0.2586,0.15119,2.61163,2.82951,5.5354,6.22852,6.80695,4.60052,3.03555
2007-07-23,5.855,6.246,6.285,5.855,298995.24,600068,0.06952,0.1556,-0.19167,0.11956,2.82955,3.10651,5.7036,6.158,6.81771,4.63804,3.05476
2007-07-24,6.343,6.14,6.4110000000000005,6.13,291621.8,600068,-0.01697,0.13305,-0.11693,0.00016,2.87871,2.98701,5.8478,6.11929,6.81773,4.67509,3.07346
2007-07-25,6.097,6.29,6.3629999999999995,6.072,231464.5,600068,0.02443,0.16374,-0.0947,-0.06842,2.93617,2.85653,6.0248,6.08795,6.81027,4.71324,3.09239
2007-07-26,6.377000000000001,6.479,6.619,6.314,279208.91,600068,0.03005,0.15531,-0.10733,0.01552,3.03174,3.00928,6.199,6.05086,6.81187,4.75285,3.11216
2007-07-27,6.45,6.614,6.711,6.29,297561.47,600068,0.02084,0.13253,0.01255,0.01364,3.01823,3.0802,6.3538,6.05476,6.81331,4.79324,3.13246
2007-07-30,6.792999999999999,6.787999999999999,6.962999999999999,6.667000000000001,318561.74,600068,0.02631,0.08678,0.08089,0.00608,3.12394,3.30165,6.4622,6.07895,6.81397,4.83504,3.15364
2007-07-31,6.787999999999999,7.466,7.466,6.58,660648.88,600068,0.09988,0.21596,0.14809,0.135,3.30814,3.83549,6.7274,6.12481,6.82829,4.88165,3.17771
2007-08-01,7.542999999999999,6.987,7.78,6.919,715456.12,600068,-0.06416,0.11081,0.06412,0.03038,2.93412,3.45599,6.8668,6.14486,6.83161,4.92402,3.19974
2007-08-02,6.9670000000000005,7.242999999999999,7.4270000000000005,6.952999999999999,376721.52,600068,0.03664,0.11792,0.14713,0.0804,3.10136,3.52122,7.0196,6.1891,6.84031,4.96854,3.22267
2007-08-03,7.296,7.175,7.34,7.064,329847.47,600068,-0.00939,0.08482,0.26209,0.12797,2.98611,3.375,7.1318,6.26005,6.85344,5.01224,3.24517
2007-08-06,7.234,7.132000000000001,7.354,7.021,257837.71,600068,-0.00599,0.05068,0.16156,0.15535,2.98213,3.31197,7.2006,6.30729,6.8689,5.05567,3.26744
2007-08-07,7.087999999999999,7.132000000000001,7.287000000000001,6.827000000000001,366118.18,600068,0.0,-0.04474,0.11333,0.05021,3.24524,3.41337,7.1338,6.34186,6.8744,5.09999,3.28986
2007-08-08,7.175,7.442,7.63,7.064,583926.1,600068,0.04347,0.06512,0.22947,0.07902,3.22361,3.95803,7.2248,6.408,6.88319,5.14617,3.31401
2007-08-09,7.547999999999999,7.456,7.684,7.442,399246.62,600068,0.00188,0.02941,0.25185,0.13348,2.8433,3.88918,7.2674,6.47943,6.89735,5.19102,3.33812
2007-08-10,7.49,8.124,8.196,7.316,867869.44,600068,0.08959,0.13226,0.36286,0.26562,3.31668,4.21103,7.4572,6.58243,6.92485,5.24176,3.36481
2007-08-13,8.138,8.661,8.85,7.843,791472.22,600068,0.0661,0.21439,0.48305,0.34823,3.50859,4.45403,7.763,6.71676,6.96094,5.29656,3.39356
2007-08-15,8.951,8.23,8.951,8.129,755056.01,600068,-0.04976,0.15395,0.52266,0.28213,3.23136,4.39672,7.9826,6.85129,6.99015,5.34766,3.42082
2007-08-16,8.08,7.664,8.08,7.553,553553.59,600068,-0.06877,0.02983,0.41428,0.14731,2.83584,3.97662,8.027,6.95819,7.00602,5.39372,3.44571
2007-08-17,7.5,7.6979999999999995,7.8870000000000005,7.4079999999999995,303552.91,600068,0.00444,0.03246,0.42424,0.14913,2.65007,4.03137,8.0754,7.06738,7.02213,5.43916,3.47078
2007-08-21,8.167,7.896,8.443,7.814,396050.65,600068,0.02572,-0.02806,0.40799,0.1778,2.77799,3.9135,8.0298,7.17633,7.04135,5.48637,3.49635
2007-08-22,7.737,7.9639999999999995,8.288,7.65,332376.72,600068,0.00861,-0.08048,0.3637,0.07986,3.06327,3.81208,7.8904,7.27748,7.05085,5.53518,3.522
2007-08-23,7.983,7.979,8.109,7.79,283189.64,600068,0.00188,-0.0305,0.27746,-0.01652,3.11289,3.93445,7.8402,7.36,7.04869,5.58428,3.54786
2007-08-24,8.032,8.158,8.366,7.8870000000000005,406493.06,600068,0.02243,0.06446,0.32866,-0.03135,3.05266,4.16984,7.939,7.4561,7.04444,5.63424,3.57461
2007-08-27,8.283,8.037,8.351,7.9879999999999995,306407.87,600068,-0.01483,0.04404,0.27774,-0.05547,2.91858,4.06108,8.0068,7.53929,7.03682,5.6829,3.60082
2007-08-28,7.95,7.722,7.959,7.659,291010.14,600068,-0.03919,-0.02204,0.19185,-0.08312,2.93177,4.11052,7.972,7.59848,7.02553,5.72972,3.62607
2007-08-29,7.64,7.442,7.688,7.379,288344.93,600068,-0.03626,-0.06554,0.12519,-0.01846,2.52034,3.94157,7.8676,7.6379,7.02327,5.77303,3.6502
2007-08-30,7.475,7.63,7.737,7.475,182915.18,600068,0.02526,-0.04374,0.12404,0.08798,2.65947,4.10027,7.7978,7.678,7.03323,5.81811,3.67513
2007-08-31,7.645,7.79,8.104,7.645,198983.99,600068,0.02097,-0.04511,0.0434,0.23396,2.5393,4.31016,7.7242,7.69343,7.05705,5.86355,3.70084
2007-09-03,7.79,7.819,7.877000000000001,7.7170000000000005,238601.62,600068,0.00372,-0.02712,0.11908,0.18165,2.59991,4.60502,7.6806,7.73305,7.07644,5.90946,3.72695
2007-09-05,7.684,7.587000000000001,7.78,7.504,176600.07,600068,-0.02967,-0.01748,0.04749,0.15921,2.47709,4.6535,7.6536,7.74943,7.09324,5.95341,3.75234
2007-09-06,7.7170000000000005,7.79,8.013,7.625,265271.39,600068,0.02676,0.04676,0.08571,0.14965,2.6115,4.62455,7.7232,7.77871,7.1096,5.9992,3.77837
2007-09-07,7.775,7.529,7.78,7.524,204242.61,600068,-0.0335,-0.01324,0.05566,0.05552,2.43633,4.47166,7.703,7.79762,7.11598,6.0426,3.80339
2007-09-10,7.417000000000001,7.553,7.596,7.257999999999999,215049.3,600068,0.00319,-0.03042,0.05903,0.05239,2.46945,4.3758,7.6556,7.81767,7.12205,6.08631,3.82838
2007-09-11,7.547999999999999,7.432,7.979,7.403,348878.06,600068,-0.01602,-0.04949,-0.00134,0.03553,2.31194,4.27466,7.5782,7.81719,7.12616,6.12849,3.85286
2007-09-12,7.606,8.177,8.177,7.606,690255.57,600068,0.10024,0.07776,0.0967,0.03559,2.54443,5.00808,7.6962,7.85152,7.13069,6.17621,3.88057
2007-09-13,8.7,8.298,8.995,8.235,928807.62,600068,0.0148,0.06521,0.02142,0.01356,2.60469,5.01304,7.7978,7.85981,7.13248,6.22496,3.90869
2007-09-14,7.8870000000000005,8.342,8.951,7.519,471332.48,600068,0.0053,0.10798,-0.03683,0.05315,2.29203,4.97993,7.9604,7.84462,7.13927,6.27218,3.93693
2007-09-17,8.346,8.371,8.7,8.225,406025.05,600068,0.00348,0.1083,0.01713,-0.03936,2.53953,5.08358,8.124,7.85133,7.13374,6.32101,3.96537
2007-09-21,8.622,7.785,8.714,7.547999999999999,350487.34,600068,-0.07,0.0475,0.01579,-0.12459,1.99308,4.69912,8.1946,7.8571,7.11587,6.36315,3.99146
2007-09-24,7.79,7.4079999999999995,7.79,7.257999999999999,262493.26,600068,-0.04843,-0.09404,-0.03767,-0.10097,1.92344,4.44306,8.0408,7.84329,7.10245,6.40278,4.01604
2007-09-25,7.417000000000001,7.504,7.625,7.398,128921.81,600068,0.01296,-0.09569,-0.04965,-0.04735,1.97896,4.49341,7.882,7.82462,7.09644,6.44331,4.04099
2007-09-26,7.5,7.282,7.5,7.263,148481.61,600068,-0.02958,-0.12707,-0.08564,-0.05759,1.95896,4.37021,7.67,7.79214,7.08926,6.4825,4.06508
2007-09-27,7.345,7.432,7.621,7.34,136076.96,600068,0.0206,-0.11217,-0.06855,0.06889,2.05467,4.50111,7.4822,7.7661,7.09698,6.52315,4.0898
2007-09-28,7.547999999999999,7.529,7.64,7.4510000000000005,112270.07,600068,0.01305,-0.03288,-0.0771,0.08362,1.98296,4.53196,7.431,7.73614,7.10635,6.56384,4.11487
2007-10-08,7.6979999999999995,7.403,7.727,7.379,155845.05,600068,-0.01674,-0.00067,-0.07889,0.01998,1.90542,4.3259,7.43,7.70595,7.10869,6.60331,4.13932
2007-10-09,7.3839999999999995,7.442,7.49,7.282,117402.05,600068,0.00527,-0.00826,-0.03626,0.13931,1.97086,4.35396,7.4176,7.69262,7.12337,6.64345,4.16392
2007-10-10,7.422000000000001,7.364,7.475,7.306,142572.3,600068,-0.01048,0.01126,-0.01048,0.17261,1.84105,4.29784,7.434,7.6889,7.14085,6.68224,4.1882
2007-10-11,7.364,7.292000000000001,7.364,7.257999999999999,167031.35,600068,-0.00978,-0.01884,-0.0443,0.12133,1.7517,4.22724,7.406,7.67281,7.15358,6.71998,4.21217
2007-10-12,7.257999999999999,6.982,7.403,6.619,239384.48,600068,-0.04251,-0.07265,-0.10372,0.06336,1.71885,4.13005,7.2966,7.63433,7.16029,6.75587,4.23502
2007-10-15,6.982,7.132000000000001,7.252999999999999,6.605,236065.31,600068,0.02148,-0.03661,-0.08786,0.12955,1.70664,4.20204,7.2424,7.60162,7.17348,6.79243,4.25844
2007-10-16,7.843,7.843,7.843,7.843,107061.55,600068,0.09969,0.05388,0.03374,0.3796,1.86555,4.66282,7.3226,7.61381,7.20829,6.83394,4.2847
2007-10-17,8.404,8.298,8.627,8.08,708595.23,600068,0.05801,0.12683,0.06521,0.35147,1.97953,4.86846,7.5094,7.638,7.2431,6.87876,4.31268
2007-10-18,8.225,7.669,8.225,7.645,303000.86,600068,-0.0758,0.0517,0.01859,0.19716,1.73991,4.51727,7.5848,7.64467,7.26347,6.91836,4.3382
2007-10-19,7.742000000000001,7.751,7.906000000000001,7.547999999999999,160613.4,600068,0.01069,0.11014,0.02621,0.28052,1.69413,4.48161,7.7386,7.6541,7.29085,6.95798,4.36396
2007-10-22,7.814,7.872000000000001,8.221,7.65,233340.63,600068,0.01561,0.10376,0.0592,0.32169,1.70051,4.4553,7.8866,7.67505,7.32176,6.99828,4.3901
2007-10-23,7.896,7.678999999999999,8.075,7.4510000000000005,132294.8,600068,-0.02452,-0.02091,-0.0609,0.28821,1.4401,4.30318,7.8538,7.65133,7.34947,7.03513,4.41543
2007-10-24,7.6979999999999995,7.5089999999999995,7.785,7.5,94744.23,600068,-0.02214,-0.09508,-0.09508,0.28579,1.1696,4.29175,7.696,7.61376,7.37639,7.06804,4.44018
2007-10-25,7.432,6.769,7.547999999999999,6.7589999999999995,168843.64,600068,-0.09855,-0.11736,-0.18856,0.25236,0.77757,3.835,7.516,7.53886,7.39839,7.09211,4.46201
2007-10-26,6.7010000000000005,6.88,6.938,6.585,103602.1,600068,0.0164,-0.11237,-0.17811,0.26961,0.6424,3.84848,7.3418,7.46786,7.42195,7.11399,4.48421
2007-10-29,6.952999999999999,6.992000000000001,7.011,6.726,94133.12,600068,0.01628,-0.11179,-0.10186,0.29362,0.51703,3.89293,7.1658,7.4301,7.44755,7.13337,4.50682
2007-10-30,7.016,7.495,7.5,6.846,113467.96,600068,0.07194,-0.02396,0.01174,0.33648,0.47743,4.2121,7.129,7.43424,7.47798,7.15306,4.53144
2007-10-31,7.693,7.49,7.974,7.456,153070.26,600068,-0.00067,-0.00253,-0.00187,0.28253,0.34253,4.05398,7.1252,7.43357,7.5046,7.16859,4.55587
2007-11-01,7.5,7.1129999999999995,7.547999999999999,7.103,111702.39,600068,-0.05033,0.05082,-0.02321,0.13881,0.15866,3.94645,7.194,7.42552,7.51858,7.17651,4.57893
2007-11-02,6.797999999999999,6.885,7.117000000000001,6.797999999999999,97313.51,600068,-0.03205,0.00073,-0.0736,0.12134,0.0197,3.83497,7.195,7.39948,7.5306,7.17759,4.60113
2007-11-05,6.89,6.9479999999999995,7.04,6.774,65136.78,600068,0.00915,-0.00629,-0.07717,0.10461,0.08903,3.93116,7.1862,7.37181,7.54121,7.18221,4.62365
2007-11-06,6.9479999999999995,6.895,7.03,6.8660000000000005,52372.94,600068,-0.00763,-0.08005,-0.06862,0.06421,0.0567,3.87624,7.0662,7.34762,7.54792,7.18522,4.64593
2007-11-07,6.8660000000000005,6.792999999999999,6.982,6.696000000000001,71485.47,600068,-0.01479,-0.09306,-0.08721,0.02706,0.00682,3.78717,6.9268,7.31671,7.55081,7.18559,4.66778
2007-11-08,6.803,6.522,6.817,6.513,79433.74,600068,-0.03989,-0.08309,-0.11434,-0.03919,-0.00851,3.56403,6.8086,7.27662,7.54652,7.18514,4.68848
2007-11-09,6.522,6.305,6.585,6.242000000000001,76799.52,600068,-0.03327,-0.08424,-0.13535,-0.1555,-0.0702,3.36937,6.6926,7.22962,7.52779,7.18127,4.70824
2007-11-12,6.266,5.888,6.266,5.806,128834.06,600068,-0.06614,-0.15256,-0.15669,-0.15729,-0.12172,3.03841,6.4806,7.17752,7.51006,7.17463,4.72625
2007-11-13,5.9510000000000005,6.0,6.169,5.8839999999999995,83507.59,600068,0.01902,-0.1298,-0.15872,-0.17161,-0.05675,3.12939,6.3016,7.12362,7.49002,7.1717,4.74474
2007-11-14,6.0920000000000005,6.29,6.29,6.029,72561.92,600068,0.04833,-0.07405,-0.19801,-0.12334,0.01895,3.34392,6.201,7.04967,7.47574,7.17265,4.76442
2007-11-21,6.914,6.672000000000001,6.919,6.484,190385.82,600068,0.06073,0.023,-0.19595,-0.0645,-0.01752,3.53261,6.231,6.97224,7.46832,7.17168,4.78556
2007-11-22,6.45,6.455,6.89,6.348,97039.85,600068,-0.03252,0.02379,-0.1583,-0.09492,-0.06409,3.34095,6.261,6.91443,7.4574,7.16809,4.80575
2007-11-23,6.3870000000000005,6.556,6.5760000000000005,6.3870000000000005,40570.06,600068,0.01565,0.11345,-0.15417,-0.11905,-0.00334,3.48427,6.3946,6.85752,7.44311,7.16791,4.82646
2007-11-26,6.629,6.334,6.716,6.3,60997.33,600068,-0.03386,0.05567,-0.19538,-0.15048,-0.01324,3.30299,6.4614,6.78429,7.42502,7.16722,4.84622
2007-11-27,6.242000000000001,6.193,6.3870000000000005,6.135,48379.51,600068,-0.02226,-0.01542,-0.19351,-0.23769,-0.03596,3.2476,6.442,6.71352,7.39387,7.16534,4.86547
2007-11-28,6.28,6.28,6.484,6.178999999999999,46112.57,600068,0.01405,-0.05875,-0.16367,-0.27491,-0.02165,3.23752,6.3636,6.655,7.35547,7.16421,4.88498
2007-11-29,6.29,6.43,6.484,6.28,46261.15,600068,0.02389,-0.00387,-0.05008,-0.21871,-0.03743,3.42533,6.3586,6.63886,7.32644,7.16218,4.90521
2007-11-30,6.4879999999999995,6.266,6.4879999999999995,6.237,39017.47,600068,-0.02551,-0.04423,-0.08924,-0.18241,-0.06464,3.24238,6.3006,6.60962,7.30389,7.15866,4.92467
2007-12-03,6.1739999999999995,6.256,6.319,6.169,27970.5,600068,-0.0016,-0.01231,-0.10526,-0.18732,-0.06683,3.27907,6.285,6.57457,7.28063,7.15502,4.94416
2007-12-04,6.276,6.305,6.3870000000000005,6.251,28656.81,600068,0.00783,0.01808,-0.15877,-0.20149,-0.14508,3.35428,6.3074,6.5179,7.25497,7.14632,4.96391
2007-12-05,6.309,6.435,6.45,6.232,56126.0,600068,0.02062,0.02468,-0.14085,-0.19199,-0.20683,3.56707,6.3384,6.46767,7.23031,7.13267,4.98434
2007-12-07,6.546,6.585,6.706,6.497999999999999,90031.6,600068,0.02331,0.02411,-0.07423,-0.17471,-0.21812,3.59525,6.3694,6.44252,7.20782,7.11774,5.00528
2007-12-10,6.513,6.711,6.769,6.459,95933.64,600068,0.01913,0.07102,-0.02527,-0.17737,-0.21131,3.71278,6.4584,6.43424,7.18448,7.10312,5.02677
2007-12-11,6.667000000000001,6.687,6.7589999999999995,6.585,72225.25,600068,-0.00358,0.06889,-0.03756,-0.16797,-0.20601,3.6795,6.5446,6.42181,7.16271,7.08902,5.04815
2007-12-12,6.662999999999999,6.73,6.745,6.58,76633.63,600068,0.00643,0.06741,-0.02393,-0.12846,-0.11237,3.64779,6.6296,6.41395,7.14671,7.08209,5.06962
2007-12-13,6.711,6.846,7.011,6.682,155201.25,600068,0.01724,0.06387,0.0078,-0.08009,-0.02381,3.6039,6.7118,6.41648,7.1371,7.08073,5.0914
2007-12-14,6.856,6.895,7.016,6.7010000000000005,133937.46,600068,0.00716,0.04708,0.05719,-0.09633,0.09219,3.5632,6.7738,6.43424,7.12524,7.08546,5.11329
2007-12-17,6.895,6.962999999999999,7.055,6.837000000000001,122597.54,600068,0.00986,0.03755,0.10436,-0.10616,0.05229,3.55098,6.8242,6.46557,7.1119,7.08828,5.13537
2007-12-18,7.04,6.957999999999999,7.242999999999999,6.938,134259.46,600068,-0.00072,0.04053,0.18173,-0.11012,0.0631,3.69501,6.8784,6.51652,7.09802,7.09163,5.15763
2007-12-19,7.04,6.9670000000000005,7.04,6.861000000000001,110614.34,600068,0.00129,0.03522,0.16117,-0.08172,0.02819,3.68527,6.9258,6.56257,7.08802,7.09319,5.17991
2007-12-20,7.087999999999999,7.156000000000001,7.209,7.087999999999999,124564.08,600068,0.02713,0.04528,0.13768,-0.08139,0.00322,3.95911,6.9878,6.60381,7.07779,7.09337,5.20313
2007-12-21,7.19,7.596,7.732,7.19,271794.97,600068,0.06149,0.10167,0.13849,0.0089,0.05838,4.46475,7.128,6.64781,7.07887,7.09678,5.22836
2007-12-24,7.669,7.79,7.901,7.669,293776.83,600068,0.02554,0.11877,0.20682,0.03138,0.08541,4.50919,7.2934,6.71138,7.08269,7.10176,5.25428
2007-12-25,7.837999999999999,7.79,7.979,7.669,242407.74,600068,0.0,0.11957,0.18822,0.04817,-0.01342,4.48978,7.4598,6.77014,7.08847,7.1009,5.28018
2007-12-26,7.877000000000001,7.824,7.95,7.669,154814.1,600068,0.00436,0.12301,0.23524,-0.04317,-0.04434,4.58857,7.6312,6.8411,7.08277,7.09795,5.30629
2007-12-27,7.8629999999999995,7.684,7.901,7.63,225166.97,600068,-0.01789,0.07378,0.24076,-0.07399,-0.02992,4.45351,7.7368,6.9121,7.07287,7.09602,5.3318
2007-12-28,7.6739999999999995,7.442,7.7170000000000005,7.422000000000001,222026.72,600068,-0.03149,-0.02027,0.18503,-0.10789,-0.14597,4.31571,7.706,6.96743,7.05835,7.08568,5.35636
2008-01-02,7.4510000000000005,7.611000000000001,7.669,7.311,179396.53,600068,0.02271,-0.02298,0.18367,-0.09079,-0.14416,4.43643,7.6702,7.02367,7.0461,7.07526,5.38161
2008-01-03,7.645,7.809,7.834,7.577000000000001,224786.4,600068,0.02601,0.00244,0.24625,0.00308,-0.05231,4.46466,7.674,7.09714,7.04648,7.07176,5.40754
2008-01-04,7.824,7.707999999999999,7.872000000000001,7.6739999999999995,145341.74,600068,-0.01293,-0.01483,0.2321,0.0405,-0.02145,4.36022,7.6508,7.16629,7.05132,7.07038,5.43303
2008-01-07,7.688,8.245,8.395,7.65,429688.86,600068,0.06967,0.07301,0.30769,0.09875,0.06704,4.76977,7.763,7.25867,7.06327,7.07459,5.46074
2008-01-08,8.322000000000001,7.892,8.327,7.872000000000001,388109.84,600068,-0.04281,0.06047,0.22642,0.08377,0.13505,4.48818,7.853,7.32805,7.07311,7.08223,5.48698
2008-01-09,7.892,7.992999999999999,8.124,7.843,144013.9,600068,0.0128,0.05019,0.21382,0.07548,0.1504,4.52003,7.9294,7.3951,7.08216,7.09072,5.51358
2008-01-10,7.992999999999999,7.882000000000001,8.167,7.867000000000001,167081.64,600068,-0.01389,0.00935,0.17449,0.04689,0.08597,4.30061,7.944,7.45086,7.08785,7.0958,5.53958
2008-01-11,7.8629999999999995,7.7170000000000005,7.959,7.625,144721.08,600068,-0.02093,0.00117,0.15403,0.04242,0.18141,4.22478,7.9458,7.4999,7.09292,7.10543,5.56494
2008-01-14,7.712999999999999,7.775,7.9110000000000005,7.601,119016.98,600068,0.00752,-0.057,0.15527,0.04475,0.23806,4.12863,7.8518,7.54967,7.09829,7.11759,5.59039
2008-01-15,7.837999999999999,7.6979999999999995,7.837999999999999,7.65,109442.63,600068,-0.0099,-0.02458,0.12445,0.04536,0.18376,3.9987,7.813,7.59024,7.10368,7.1273,5.61542
2008-01-16,7.6979999999999995,7.461,7.6979999999999995,7.403,146308.67,600068,-0.03079,-0.06656,0.08209,0.02318,0.13631,3.86059,7.7066,7.61719,7.1064,7.13458,5.63951
2008-01-17,7.359,7.3839999999999995,7.645,7.1610000000000005,123251.47,600068,-0.01032,-0.06318,0.06046,0.05758,0.16946,3.84197,7.607,7.63724,7.11289,7.14328,5.66333
2008-01-18,7.398,7.513999999999999,7.542999999999999,7.354,77160.06,600068,0.01761,-0.02631,0.07991,0.05356,0.32172,3.80435,7.5664,7.66371,7.11905,7.15815,5.68751
2008-01-21,7.5,7.108,7.587000000000001,7.087999999999999,91242.99,600068,-0.05403,-0.08579,0.02024,-0.09371,0.15765,3.78009,7.433,7.67043,7.10719,7.16602,5.71036
2008-01-22,6.871,6.396,6.919,6.396,141053.47,600068,-0.10017,-0.16913,-0.1062,-0.22921,-0.00156,3.1941,7.1726,7.63424,7.07652,7.16593,5.73016
2008-01-23,6.4110000000000005,6.614,6.6770000000000005,6.3,128616.81,600068,0.03408,-0.11352,-0.12928,-0.13757,0.09268,3.37723,7.0032,7.58748,7.0595,7.1705,5.75091
2008-01-24,6.687,6.672000000000001,6.769,6.4639999999999995,116384.63,600068,0.00877,-0.09642,-0.14352,-0.13921,0.12021,3.45989,6.8608,7.53424,7.0421,7.17632,5.77195
2008-01-25,6.6770000000000005,6.745,6.856,6.546,95295.15,600068,0.01094,-0.10234,-0.13415,-0.14317,0.13152,3.46393,6.707,7.48448,7.02392,7.18269,5.79322
2008-01-28,6.75,6.266,6.774,6.145,98884.53,600068,-0.07102,-0.11846,-0.19913,-0.18401,0.07295,3.13325,6.5386,7.41029,7.00113,7.18615,5.81253
2008-01-29,6.266,6.769,6.813,6.242000000000001,125335.38,600068,0.08027,0.05832,-0.11908,-0.09855,0.25236,3.39545,6.6132,7.36671,6.98919,7.19724,5.83379
2008-01-30,6.774,7.016,7.087999999999999,6.706,180058.57,600068,0.03649,0.06078,-0.05724,0.03649,0.2947,3.61579,6.6936,7.34643,6.99318,7.21023,5.85613
2008-01-31,6.972,6.919,7.087999999999999,6.827000000000001,98437.72,600068,-0.01383,0.03702,-0.09092,0.00567,0.28011,3.38466,6.743,7.31348,6.99381,7.22254,5.87784
2008-02-01,7.025,6.763999999999999,7.025,6.4879999999999995,88396.82,600068,-0.0224,0.00282,-0.13382,-0.03261,0.20613,3.38083,6.7468,7.26371,6.99013,7.23193,5.89906
2008-02-04,6.875,7.218999999999999,7.33,6.875,102053.89,600068,0.06727,0.15209,-0.06344,-0.03682,0.23613,3.46444,6.9374,7.24043,6.98568,7.24315,5.92183
2008-02-05,7.218999999999999,7.229,7.321000000000001,7.117000000000001,74831.59,600068,0.00139,0.06796,-0.12323,-0.03485,0.15738,3.43225,7.0294,7.19205,6.98147,7.25114,5.94459
2008-02-13,7.234,7.242999999999999,7.252999999999999,6.875,62009.4,600068,0.00194,0.03235,-0.08224,0.01828,0.17964,3.57549,7.0748,7.16114,6.98356,7.26011,5.9676
2008-02-14,7.296,7.5089999999999995,7.64,7.296,116225.45,600068,0.03673,0.08527,-0.06055,0.09063,0.1938,3.699,7.1928,7.1381,6.99363,7.27002,5.99163
2008-02-18,7.645,7.524,7.645,7.321000000000001,112200.06,600068,0.002,0.11236,-0.04542,0.0829,0.16129,3.68202,7.3448,7.12105,7.00292,7.27851,6.01568
2008-02-19,7.524,7.48,7.547999999999999,7.354,93859.31,600068,-0.00585,0.03615,-0.03071,0.08484,0.13093,3.54435,7.397,7.10976,7.01235,7.28555,6.03939
2008-02-20,7.48,7.272,7.572,7.263,83632.24,600068,-0.02781,0.00595,-0.06469,0.07051,0.0713,3.41798,7.4056,7.08581,7.02008,7.28949,6.06226
2008-02-21,7.242999999999999,7.142,7.263,6.972,93561.38,600068,-0.01788,-0.01394,-0.07223,0.09506,-0.0434,3.12118,7.3854,7.05933,7.03008,7.28685,6.08425
2008-02-22,7.1129999999999995,6.9239999999999995,7.247999999999999,6.774,73246.03,600068,-0.03052,-0.07791,-0.07197,0.09818,-0.00902,2.89865,7.2684,7.03376,7.04006,7.28634,6.10518
2008-02-25,6.9239999999999995,6.629,7.006,6.619,73475.14,600068,-0.04261,-0.11895,-0.10225,0.12585,-0.08477,2.75368,7.0894,6.99781,7.05202,7.28135,6.12495
2008-02-26,6.9670000000000005,6.75,7.016,6.532,66847.63,600068,0.01825,-0.09759,-0.10168,0.125,-0.05923,2.75,6.9434,6.96143,7.06411,7.27789,6.14507
2008-02-27,6.846,6.9239999999999995,6.977,6.75,74825.19,600068,0.02578,-0.04785,-0.02589,0.10079,-0.02916,2.866,6.8738,6.95267,7.07434,7.2762,6.16593
2008-02-28,6.9670000000000005,6.763999999999999,6.9670000000000005,6.7010000000000005,62123.04,600068,-0.02311,-0.05293,0.05754,0.01379,-0.0516,3.02619,6.7982,6.97019,7.07582,7.27321,6.1866
2008-02-29,6.774,6.774,6.837000000000001,6.692,71082.05,600068,0.00148,-0.02166,0.02419,0.04942,-0.08976,2.84449,6.7682,6.97781,7.08097,7.26778,6.20698
2008-03-03,6.711,6.827000000000001,6.885,6.58,112442.82,600068,0.00782,0.02987,0.02323,0.04134,-0.08436,2.51907,6.8078,6.98519,7.08534,7.26267,6.22684
2008-03-04,6.875,6.803,7.011,6.763999999999999,104480.13,600068,-0.00352,0.00785,0.0086,0.07404,-0.1626,2.61477,6.8184,6.98795,7.0929,7.25193,6.24685
2008-03-05,6.745,6.605,6.774,6.474,123881.9,600068,-0.0291,-0.04607,0.0541,0.06653,-0.23739,2.43831,6.7546,7.0041,7.09955,7.23521,6.26589
2008-03-06,6.609,6.696000000000001,6.726,6.484,92052.83,600068,0.01378,-0.01005,-0.01078,0.06624,-0.18639,2.44267,6.741,7.00062,7.10626,7.22274,6.2852
2008-03-07,6.629,6.4879999999999995,6.629,6.43,79325.73,600068,-0.03106,-0.04222,-0.07526,0.00902,-0.15344,2.24725,6.6838,6.97548,7.10719,7.21318,6.30345
2008-03-10,6.484,6.358,6.484,6.305,61041.24,600068,-0.02004,-0.0687,-0.08108,0.01468,-0.17407,2.0147,6.59,6.94876,7.10868,7.20228,6.32072
2008-03-11,6.314,6.421,6.4639999999999995,6.246,49361.78,600068,0.00991,-0.05615,-0.05071,0.02637,-0.1868,2.07225,6.5136,6.93243,7.11134,7.19029,6.33833
2008-03-12,6.517,6.276,6.551,6.266,48023.91,600068,-0.02258,-0.04981,-0.13063,-0.0046,-0.21195,2.20204,6.4478,6.88752,7.11087,7.17657,6.35587
2008-03-13,6.242000000000001,5.9079999999999995,6.242000000000001,5.845,68855.11,600068,-0.05864,-0.11768,-0.18274,-0.0819,-0.25956,2.04536,6.2902,6.82462,7.10237,7.15973,6.372
2008-03-14,5.9079999999999995,5.9510000000000005,6.037999999999999,5.855,33735.43,600068,0.00728,-0.08277,-0.17838,-0.09628,-0.27053,1.95628,6.1828,6.7631,7.09215,7.14179,6.38801
2008-03-17,5.995,5.3660000000000005,5.995,5.356,58126.79,600068,-0.0983,-0.15602,-0.28539,-0.20042,-0.33234,1.61628,5.9844,6.66105,7.07045,7.12007,6.40149
2008-03-18,5.361000000000001,4.863,5.468,4.829,89248.15,600068,-0.09374,-0.24264,-0.35367,-0.27277,-0.37024,1.47607,5.6728,6.53433,7.04103,7.09683,6.41327
2008-03-19,4.853,5.018,5.153,4.853,76272.1,600068,0.03187,-0.20045,-0.32914,-0.25438,-0.32572,1.3737,5.4212,6.4171,7.01342,7.07712,6.42508
2008-03-20,4.984,5.192,5.235,4.577,135117.02,600068,0.03468,-0.12119,-0.28603,-0.2416,-0.31953,1.49017,5.278,6.31805,6.98674,7.0573,6.43771
2008-03-21,5.172000000000001,5.284,5.371,5.0760000000000005,113395.38,600068,0.01772,-0.11208,-0.26015,-0.23365,-0.32169,1.40073,5.1446,6.22957,6.96076,7.03693,6.45024
2008-03-24,5.347,5.187,5.414,5.1770000000000005,106058.09,600068,-0.01836,-0.03336,-0.25087,-0.25506,-0.33662,1.38812,5.1088,6.14686,6.93211,7.01553,6.4625
2008-03-25,5.032,5.138,5.1770000000000005,4.95,69453.65,600068,-0.00945,0.05655,-0.22492,-0.26157,-0.32279,1.35472,5.1638,6.07586,6.90276,6.99562,6.47451
2008-03-26,5.1770000000000005,4.916,5.1770000000000005,4.8389999999999995,89355.26,600068,-0.04321,-0.02033,-0.2717,-0.29439,-0.36893,1.27909,5.1434,5.98852,6.86968,6.97225,6.48573
2008-03-27,4.843,4.553,4.848,4.548,75762.04,600068,-0.07384,-0.12307,-0.34243,-0.36375,-0.39527,1.07805,5.0156,5.87562,6.82769,6.94806,6.49533
2008-03-28,4.529,4.771,4.78,4.461,60871.92,600068,0.04788,-0.09709,-0.29465,-0.37191,-0.36833,1.19155,4.913,5.78071,6.78213,6.92544,6.50587
2008-03-31,4.737,4.621,4.751,4.5969999999999995,36638.89,600068,-0.03144,-0.10912,-0.31783,-0.4068,-0.37823,1.05927,4.7998,5.67819,6.73102,6.90259,6.51554
2008-04-01,4.776,4.713,4.926,4.684,129973.14,600068,0.01991,-0.08272,-0.30965,-0.39499,-0.42363,1.04291,4.7148,5.57752,6.68139,6.87442,6.52532
2008-04-02,4.814,4.3839999999999995,4.8580000000000005,4.316,87576.47,600068,-0.06981,-0.10822,-0.35558,-0.43967,-0.47168,0.90443,4.6084,5.46233,6.6259,6.8426,6.53378
2008-04-03,4.35,4.3839999999999995,4.471,4.064,63351.79,600068,0.0,-0.03712,-0.33626,-0.42946,-0.47447,0.73007,4.5746,5.35657,6.57268,6.81042,6.5413
2008-04-07,4.3839999999999995,4.7219999999999995,4.766,4.282,79674.24,600068,0.0771,-0.01027,-0.2948,-0.36549,-0.43591,0.99662,4.5648,5.26257,6.52881,6.78076,6.55088
2008-04-08,4.824,4.916,5.08,4.824,154072.55,600068,0.04108,0.06384,-0.24229,-0.35409,-0.36853,0.89004,4.6238,5.18771,6.48534,6.75743,6.56029
2008-04-09,4.9110000000000005,4.524,4.93,4.5089999999999995,89984.74,600068,-0.07974,-0.0401,-0.28846,-0.42067,-0.38931,0.78532,4.586,5.10038,6.43235,6.73398,6.56838
2008-04-10,4.427,4.601,4.6160000000000005,4.379,54267.54,600068,0.01702,0.0495,-0.28344,-0.40309,-0.38686,0.82652,4.6294,5.01371,6.38224,6.71038,6.57685
2008-04-11,4.65,4.684,4.771,4.5969999999999995,41361.73,600068,0.01804,0.06843,-0.25366,-0.4319,-0.35677,0.90329,4.6894,4.9379,6.32481,6.68926,6.58588
2008-04-14,4.592,4.316,4.592,4.287,56774.36,600068,-0.07857,-0.08598,-0.26947,-0.45312,-0.41927,0.77394,4.6082,4.8621,6.26713,6.66393,6.59354
2008-04-15,4.35,4.4319999999999995,4.447,4.21,38860.22,600068,0.02688,-0.09845,-0.25525,-0.44551,-0.41134,0.75594,4.5114,4.78976,6.20969,6.63875,6.60129
2008-04-16,4.447,4.301,4.4510000000000005,4.258,26878.79,600068,-0.02956,-0.04929,-0.19847,-0.45433,-0.41902,0.68799,4.4668,4.73905,6.15194,6.61353,6.60842
2008-04-17,4.277,4.118,4.379,4.064,39274.76,600068,-0.04255,-0.10498,-0.1532,-0.46637,-0.44665,0.64391,4.3702,4.70357,6.09389,6.5865,6.61498
2008-04-18,4.016,3.8510000000000004,4.113,3.813,55762.18,600068,-0.06484,-0.17784,-0.23256,-0.50469,-0.47705,0.48573,4.2036,4.648,6.0306,6.55794,6.62009
2008-04-21,4.1610000000000005,3.866,4.2139999999999995,3.813,58032.21,600068,0.0039,-0.10426,-0.25539,-0.49779,-0.46983,0.45887,4.1136,4.58486,5.96879,6.53009,6.62504
2008-04-22,3.822,3.7739999999999996,3.822,3.484,46730.0,600068,-0.0238,-0.14847,-0.28577,-0.49417,-0.45947,0.46963,3.982,4.51295,5.90932,6.50401,6.62994
2008-04-23,3.682,3.9339999999999997,3.9530000000000003,3.639,51331.04,600068,0.0424,-0.08533,-0.24157,-0.46723,-0.4484,0.49298,3.9086,4.45329,5.85368,6.47801,6.63522
2008-04-24,4.263,4.3260000000000005,4.3260000000000005,4.166,162778.19,600068,0.09964,0.05051,-0.15804,-0.42427,-0.44843,0.58056,3.9502,4.41462,5.80226,6.44941,6.64168
2008-04-28,4.3260000000000005,4.355,4.456,4.297,96363.13,600068,0.0067,0.13088,-0.11412,-0.38731,-0.47517,0.56373,4.051,4.3879,5.75785,6.41736,6.64806
2008-04-29,4.35,4.4510000000000005,4.456,4.248,92730.33,600068,0.02204,0.15132,-0.0224,-0.3041,-0.41961,0.59021,4.168,4.38305,5.72648,6.3912,6.65478
2008-04-30,4.519,4.814,4.824,4.519,180360.63,600068,0.08155,0.27557,0.00901,-0.27215,-0.37892,0.67327,4.376,4.3851,5.69745,6.36732,6.66265
2008-05-05,4.887,4.877,4.959,4.8,145789.15,600068,0.01309,0.23971,0.0554,-0.26903,-0.38046,0.67307,4.5646,4.39729,5.6685,6.34297,6.67063
2008-05-06,4.814,4.78,4.877,4.684,123010.77,600068,-0.01989,0.10495,0.01422,-0.29133,-0.37752,0.51891,4.6554,4.40048,5.63681,6.3194,6.67726
2008-05-07,4.776,4.48,4.863,4.476,104868.77,600068,-0.06276,0.0287,0.0219,-0.28503,-0.40338,0.29442,4.6804,4.40505,5.608,6.29477,6.68141
2008-05-08,4.413,4.563,4.582,4.359,80467.26,600068,0.01853,0.02516,0.04083,-0.3259,-0.3259,0.19827,4.7028,4.41357,5.57242,6.27684,6.68448
2008-05-09,4.621,4.447,4.63,4.374,87578.74,600068,-0.02542,-0.07624,-0.05824,-0.36616,-0.35363,0.06159,4.6294,4.40048,5.53098,6.25706,6.68552
2008-05-12,4.355,4.4510000000000005,4.539,4.263,78910.2,600068,0.0009,-0.08735,-0.09459,-0.3567,-0.36342,-0.03428,4.5442,4.37833,5.49118,6.2364,6.68488
2008-05-13,4.35,4.732,4.8389999999999995,4.263,214518.65,600068,0.06313,-0.01004,0.04598,-0.30041,-0.36865,-0.06722,4.5346,4.38824,5.4584,6.21393,6.6835
2008-05-14,4.814,4.945,5.008,4.587,312756.5,600068,0.04501,0.10379,0.07477,-0.315,-0.33979,-0.11364,4.6276,4.40462,5.42173,6.19324,6.68092
2008-05-15,5.129,4.863,5.226,4.843,381759.5,600068,-0.01658,0.06575,0.03822,-0.32729,-0.31632,-0.20785,4.6876,4.41314,5.38356,6.17495,6.67573
2008-05-16,4.829,4.863,5.022,4.776,143648.06,600068,0.0,0.09355,0.12674,-0.32859,-0.29368,-0.27977,4.7708,4.43919,5.34518,6.15851,6.66805
2008-05-19,4.8389999999999995,5.245,5.318,4.79,273389.99,600068,0.07855,0.17839,0.18344,-0.3015,-0.24511,-0.1779,4.9296,4.4779,5.30866,6.14467,6.66344
2008-05-20,5.274,4.843,5.274,4.785,226709.5,600068,-0.07664,0.02346,0.12602,-0.35633,-0.29761,-0.25778,4.9518,4.50371,5.26542,6.12798,6.6566
2008-05-21,4.766,4.979,5.066,4.553,195956.79,600068,0.02808,0.00688,0.20908,-0.33436,-0.26704,-0.26204,4.9586,4.54471,5.22508,6.11324,6.64941
2008-05-22,4.887,4.998,5.25,4.814,197237.96,600068,0.00382,0.02776,0.29784,-0.31271,-0.23367,-0.24019,4.9856,4.59933,5.1884,6.10085,6.64299
2008-05-23,4.935,4.785,5.071000000000001,4.6930000000000005,125455.85,600068,-0.04262,-0.01604,0.23771,-0.33002,-0.24108,-0.29435,4.97,4.6431,5.15039,6.08849,6.63488
2008-05-26,4.703,4.447,4.747,4.422,106209.2,600068,-0.07064,-0.15214,0.17833,-0.35774,-0.24474,-0.33666,4.8104,4.67514,5.11044,6.07677,6.6257
2008-05-27,4.437,4.4319999999999995,4.539,4.374,67195.56,600068,-0.00337,-0.08486,0.12659,-0.33142,-0.26133,-0.30325,4.7282,4.69886,5.075,6.06402,6.61786
2008-05-28,4.442,4.626,4.635,4.393,77548.19,600068,0.04377,-0.0709,0.06935,-0.31467,-0.26455,-0.25061,4.6576,4.71314,5.04074,6.0505,6.61157
2008-05-29,4.732,4.572,4.766,4.553,97312.63,600068,-0.01167,-0.08523,0.04983,-0.33969,-0.31475,-0.32676,4.5724,4.72348,5.00281,6.03342,6.60255
2008-05-30,4.587,4.684,4.7219999999999995,4.548,79304.67,600068,0.0245,-0.02111,0.05235,-0.30751,-0.27436,-0.32086,4.5522,4.73457,4.96926,6.01902,6.59356
2008-06-02,4.718,5.0760000000000005,5.153,4.65,236500.45,600068,0.08369,0.14144,0.05442,-0.25066,-0.22575,-0.22834,4.678,4.74705,4.94187,6.00699,6.58745
2008-06-03,5.066,4.928999999999999,5.086,4.895,107431.19,600068,-0.02896,0.11214,0.01066,-0.27801,-0.22182,-0.23212,4.7774,4.74952,4.91126,5.99557,6.58139
2008-06-04,4.928999999999999,4.939,5.022,4.802,84706.01,600068,0.00203,0.06766,0.03326,-0.274,-0.20249,-0.23116,4.84,4.7571,4.88119,5.98537,6.57536
2008-06-05,4.944,4.782,4.978,4.753,69503.64,600068,-0.03179,0.04593,0.06741,-0.276,-0.23854,-0.25502,4.882,4.77148,4.85179,5.9732,6.5687
2008-06-06,4.768,4.865,4.905,4.65,82083.36,600068,0.01736,0.03864,0.06618,-0.27345,-0.24339,-0.27171,4.9182,4.78586,4.82226,5.96047,6.56133
2008-06-10,4.7330000000000005,4.381,4.748,4.381,100071.36,600068,-0.09949,-0.13692,-0.01484,-0.32475,-0.30083,-0.34602,4.7792,4.78271,4.78827,5.94515,6.5519
2008-06-11,4.185,4.185,4.3469999999999995,4.141,76457.02,600068,-0.04474,-0.15094,-0.05976,-0.34177,-0.33104,-0.37575,4.6304,4.77005,4.75323,5.92831,6.54166
2008-06-12,4.136,4.102,4.2780000000000005,3.9939999999999998,64213.12,600068,-0.01983,-0.16947,-0.13314,-0.36116,-0.34941,-0.4438,4.463,4.74005,4.71582,5.9104,6.52836
2008-06-13,4.239,4.063,4.327,4.048,74204.94,600068,-0.00951,-0.15036,-0.17836,-0.35261,-0.36861,-0.4992,4.3192,4.69805,4.68013,5.89111,6.51189
2008-06-16,4.092,4.043,4.205,3.9210000000000003,54873.75,600068,-0.00492,-0.16896,-0.16862,-0.31567,-0.38603,-0.51995,4.1548,4.659,4.65005,5.87045,6.49409
2008-06-17,4.038,3.6710000000000003,4.072,3.637,75824.54,600068,-0.09201,-0.16206,-0.24512,-0.38313,-0.45299,-0.56857,4.0128,4.60224,4.61327,5.84573,6.47443
2008-06-18,3.676,3.891,3.94,3.431,89904.73,600068,0.05993,-0.07025,-0.25815,-0.27488,-0.41812,-0.538,3.954,4.53776,4.58948,5.823,6.45601
2008-06-19,3.867,3.505,3.867,3.505,67937.2,600068,-0.0992,-0.14554,-0.27628,-0.27925,-0.4792,-0.53772,3.8346,4.47405,4.56758,5.79678,6.43943
2008-06-20,3.681,3.74,3.7689999999999997,3.505,102790.5,600068,0.06705,-0.0795,-0.24885,-0.25468,-0.4537,-0.4667,3.77,4.41505,4.54697,5.77153,6.42613
2008-06-23,3.803,3.793,3.95,3.5780000000000003,71206.79,600068,0.01417,-0.06184,-0.2411,-0.26945,-0.44989,-0.39918,3.72,4.35767,4.5244,5.74631,6.41589
2008-06-24,3.818,3.833,3.842,3.6710000000000003,69646.52,600068,0.01055,0.04413,-0.19896,-0.2746,-0.44952,-0.42073,3.7524,4.31233,4.501,5.72086,6.40457
2008-06-25,3.793,4.0280000000000005,4.077,3.779,158183.65,600068,0.05087,0.03521,-0.09422,-0.22344,-0.4211,-0.38457,3.7798,4.29238,4.48231,5.69704,6.39434
2008-06-27,3.9010000000000002,3.661,3.9010000000000002,3.6319999999999997,93580.7,600068,-0.09111,0.04451,-0.17396,-0.28747,-0.47452,-0.45971,3.811,4.25567,4.45848,5.67016,6.38167
2008-06-30,3.6069999999999998,3.6860000000000004,3.7,3.49,51156.51,600068,0.00683,-0.01444,-0.2032,-0.2502,-0.48491,-0.48325,3.8002,4.2109,4.43865,5.64195,6.36766
2008-07-01,3.696,3.549,3.72,3.514,31522.44,600068,-0.03717,-0.06433,-0.22375,-0.22051,-0.53278,-0.5055,3.7514,4.16219,4.42245,5.60905,6.35291
2008-07-02,3.529,3.5980000000000003,3.647,3.529,37409.07,600068,0.01381,-0.06131,-0.23185,-0.24586,-0.53813,-0.49868,3.7044,4.11048,4.40353,5.57497,6.33837
2008-07-03,3.549,3.784,3.911,3.466,92288.79,600068,0.0517,-0.06058,-0.25453,-0.18113,-0.51425,-0.52077,3.6556,4.04895,4.39003,5.5424,6.32165
2008-07-04,3.74,3.725,3.8569999999999998,3.696,51973.36,600068,-0.01559,0.01748,-0.24427,-0.20963,-0.5239,-0.54501,3.6684,3.99162,4.3741,5.50907,6.30351
2008-07-07,3.725,3.926,3.975,3.72,104275.88,600068,0.05396,0.06511,-0.2051,-0.10447,-0.48907,-0.50436,3.7164,3.94338,4.36671,5.47852,6.28727
2008-07-08,3.9160000000000004,3.935,4.013999999999999,3.847,87150.24,600068,0.00229,0.10876,-0.17712,-0.10242,-0.47124,-0.54843,3.7936,3.90305,4.35947,5.45001,6.26785
2008-07-09,3.989,4.077,4.121,3.935,113601.54,600068,0.03609,0.13313,-0.16197,-0.13659,-0.46433,-0.54155,3.8894,3.86552,4.34906,5.42128,6.24827
2008-07-10,4.013999999999999,3.975,4.165,3.965,127732.04,600068,-0.02502,0.05048,-0.09267,-0.19142,-0.49097,-0.5176,3.9276,3.84619,4.33389,5.39011,6.23093
2008-07-11,3.955,3.955,4.077,3.872,72096.31,600068,-0.00503,0.06174,-0.05496,-0.12577,-0.4869,-0.49791,3.9736,3.83524,4.32471,5.35959,6.21499
2008-07-14,3.9160000000000004,3.955,3.9789999999999996,3.818,60932.58,600068,0.0,0.00739,-0.03584,-0.1404,-0.52032,-0.48816,3.9794,3.82824,4.31429,5.32472,6.19965
2008-07-15,3.955,4.107,4.3069999999999995,3.935,205212.54,600068,0.03843,0.04371,0.01083,-0.12319,-0.4796,-0.40932,4.0138,3.83033,4.30498,5.29394,6.18809
2008-07-16,4.038,4.195,4.254,3.926,179506.95,600068,0.02143,0.02894,0.0376,-0.02804,-0.47517,-0.39623,4.0374,3.83757,4.30303,5.26307,6.17689
2008-07-17,4.258,3.867,4.351,3.8569999999999998,223022.72,600068,-0.07819,-0.02717,0.05339,-0.12748,-0.50939,-0.46721,4.0158,3.8469,4.29392,5.23042,6.16311
2008-07-18,3.867,3.9160000000000004,3.96,3.656,109351.04,600068,0.01267,-0.00986,0.00643,-0.08951,-0.49255,-0.40049,4.008,3.8481,4.28771,5.19952,6.15248
2008-07-21,3.867,3.989,4.019,3.833,100399.57,600068,0.01864,0.0086,0.13809,-0.03133,-0.48695,-0.36481,4.0148,3.87114,4.28563,5.16874,6.14316
2008-07-22,3.965,3.9989999999999997,4.087,3.94,67389.51,600068,0.00251,-0.0263,0.06925,0.03843,-0.48051,-0.38505,3.9932,3.88348,4.28802,5.13867,6.13298
2008-07-23,4.0680000000000005,3.9210000000000003,4.0680000000000005,3.906,72252.65,600068,-0.0195,-0.06532,0.03375,0.01423,-0.47447,-0.40283,3.9384,3.88957,4.2889,5.10989,6.12223
2008-07-24,3.965,4.004,4.033,3.9210000000000003,74015.11,600068,0.02117,0.03543,0.04461,0.06094,-0.45775,-0.36585,3.9658,3.89771,4.29261,5.08241,6.11284
2008-07-25,3.989,4.048,4.102,3.9210000000000003,111489.88,600068,0.01099,0.03371,0.00497,0.02898,-0.46127,-0.28795,3.9922,3.89867,4.29445,5.05423,6.10619
2008-07-28,4.0680000000000005,4.1610000000000005,4.249,4.033,168667.45,600068,0.02792,0.04312,0.13657,-0.03814,-0.4146,-0.32231,4.0266,3.92248,4.29179,5.03027,6.09814
2008-07-29,4.092,4.004,4.107,3.97,76981.46,600068,-0.03773,0.00125,0.08627,-0.0806,-0.37398,-0.37496,4.0276,3.93762,4.28613,5.01082,6.08838
2008-07-30,4.048,4.053,4.146,4.004,64006.03,600068,0.01224,0.03366,0.14201,-0.08942,-0.38721,-0.33041,4.054,3.96162,4.27971,4.99,6.08025
2008-07-31,4.058,3.911,4.087,3.9010000000000002,58552.35,600068,-0.03504,-0.02323,0.08699,-0.18758,-0.41382,-0.34335,4.0354,3.97652,4.26515,4.96755,6.07193
2008-08-01,3.867,3.935,3.975,3.793,50970.2,600068,0.00614,-0.02792,0.0399,-0.19315,-0.4166,-0.33988,4.0128,3.98371,4.24995,4.94471,6.0637
2008-08-04,3.935,3.784,3.935,3.7739999999999996,36225.64,600068,-0.03837,-0.0906,0.01584,-0.20837,-0.39611,-0.35205,3.9374,3.98652,4.23389,4.92453,6.05534
2008-08-05,3.793,3.676,3.838,3.661,34983.85,600068,-0.02854,-0.08192,-0.06368,-0.17946,-0.45694,-0.31989,3.8718,3.97462,4.22092,4.89938,6.04831
2008-08-06,3.759,3.676,3.759,3.622,34469.19,600068,0.0,-0.09302,-0.06582,-0.19439,-0.47605,-0.32165,3.7964,3.96229,4.20661,4.87223,6.04123
2008-08-07,3.7,3.71,3.74,3.637,24135.08,600068,0.00925,-0.05139,-0.09002,-0.16573,-0.4638,-0.3136,3.7562,3.94481,4.19473,4.84614,6.03434
2008-08-08,3.715,3.407,3.7689999999999997,3.3819999999999997,48207.0,600068,-0.08167,-0.13418,-0.14289,-0.23455,-0.4963,-0.39248,3.6506,3.91776,4.17789,4.81885,6.02539
2008-08-11,3.407,3.069,3.426,3.0639999999999996,57138.9,600068,-0.09921,-0.18895,-0.22402,-0.35144,-0.57487,-0.47449,3.5076,3.87557,4.15106,4.78511,6.01413
2008-08-12,3.035,3.035,3.0980000000000003,2.966,32303.33,600068,-0.01108,-0.17437,-0.23262,-0.38625,-0.58016,-0.51409,3.3794,3.83176,4.12026,4.75101,6.00107
2008-08-13,3.02,2.9810000000000003,3.035,2.795,47778.52,600068,-0.01779,-0.18906,-0.27417,-0.387,-0.58843,-0.5145,3.2404,3.77814,4.0899,4.71636,5.98823
2008-08-14,2.971,2.9810000000000003,3.02,2.912,25493.43,600068,0.0,-0.1965,-0.28939,-0.387,-0.60301,-0.52607,3.0946,3.72033,4.05955,4.67954,5.97478
2008-08-15,2.9960000000000004,3.0010000000000003,3.035,2.9419999999999997,33379.59,600068,0.00671,-0.11917,-0.22395,-0.42784,-0.60114,-0.53681,3.0134,3.6791,4.02335,4.64277,5.96064
2008-08-18,3.035,2.702,3.049,2.702,38998.33,600068,-0.09963,-0.11958,-0.31001,-0.44208,-0.63877,-0.59147,2.94,3.62129,3.98882,4.60393,5.94474
2008-08-19,2.687,2.815,2.8289999999999997,2.638,41415.52,600068,0.04182,-0.07249,-0.29431,-0.43463,-0.6129,-0.5853,2.896,3.56538,3.95392,4.56769,5.92859
2008-08-20,2.795,3.0980000000000003,3.0980000000000003,2.717,110794.31,600068,0.10053,0.03925,-0.22531,-0.38015,-0.56623,-0.58505,2.9194,3.52248,3.92327,4.53481,5.91083
2008-08-21,3.074,3.1180000000000003,3.265,3.035,175079.03,600068,0.00646,0.04596,-0.20479,-0.34838,-0.54968,-0.55374,2.9468,3.48424,3.89639,4.50387,5.89511
2008-08-22,3.074,2.9960000000000004,3.0789999999999997,2.883,73752.4,600068,-0.03913,-0.00167,-0.25175,-0.32629,-0.54805,-0.58636,2.9458,3.43624,3.87298,4.47433,5.87784
2008-08-25,2.9610000000000003,2.937,3.035,2.912,37142.11,600068,-0.01969,0.08697,-0.27446,-0.33732,-0.56489,-0.59066,2.9928,3.38333,3.84887,4.44333,5.86061
2008-08-26,2.888,2.8289999999999997,2.932,2.722,54038.18,600068,-0.03677,0.00497,-0.32012,-0.38846,-0.59142,-0.60334,2.9956,3.3199,3.81989,4.41004,5.84312
2008-08-27,2.8339999999999996,2.761,2.888,2.707,41596.5,600068,-0.02404,-0.10878,-0.31044,-0.39611,-0.59181,-0.61287,2.9282,3.26071,3.79068,4.3775,5.82535
2008-08-28,2.78,2.78,2.8,2.7310000000000003,30084.1,600068,0.00688,-0.1084,-0.31409,-0.40649,-0.58961,-0.62644,2.8606,3.2001,3.75997,4.34502,5.8064
2008-08-29,2.8,3.005,3.0589999999999997,2.78,119306.07,600068,0.08094,0.003,-0.23165,-0.408,-0.55984,-0.59697,2.8624,3.15695,3.72656,4.31395,5.78831
2008-09-01,2.9419999999999997,2.839,2.9810000000000003,2.805,86226.06,600068,-0.05524,-0.03337,-0.27853,-0.42402,-0.58268,-0.65054,2.8428,3.10476,3.69285,4.28172,5.76683
2008-09-02,2.863,2.9219999999999997,3.005,2.863,65166.83,600068,0.02924,0.03287,-0.2278,-0.40838,-0.55761,-0.66263,2.8614,3.06371,3.66032,4.25178,5.7435
2008-09-03,2.898,2.9760000000000004,2.9760000000000004,2.863,61379.62,600068,0.01848,0.07787,-0.19042,-0.37767,-0.55556,-0.6384,2.9044,3.03038,3.63119,4.22154,5.72214
2008-09-04,2.971,3.005,3.113,2.966,59527.31,600068,0.00974,0.08094,-0.18254,-0.38232,-0.53684,-0.60791,2.9494,2.99843,3.60119,4.19322,5.7032
2008-09-05,2.888,3.0010000000000003,3.113,2.8339999999999996,101876.43,600068,-0.00133,-0.00133,-0.19111,-0.315,-0.528,-0.61016,2.9486,2.96467,3.57894,4.16593,5.68411
2008-09-08,2.9960000000000004,3.01,3.0789999999999997,2.9419999999999997,79599.55,600068,0.003,0.06023,-0.11652,-0.28076,-0.53123,-0.61879,2.9828,2.94576,3.55998,4.1382,5.66424
2008-09-09,3.01,3.108,3.123,2.9960000000000004,70650.7,600068,0.03256,0.06366,0.01271,-0.24232,-0.50478,-0.60974,3.02,2.94762,3.54395,4.11244,5.6445
2008-09-10,3.094,3.123,3.1719999999999997,3.04,97223.37,600068,0.00483,0.0494,0.029,-0.23136,-0.47139,-0.6086,3.0494,2.95181,3.52879,4.0898,5.62476
2008-09-11,3.157,3.2110000000000003,3.2310000000000003,3.0589999999999997,122415.73,600068,0.02818,0.06855,0.07716,-0.20579,-0.46043,-0.6064,3.0906,2.96276,3.51537,4.06752,5.60465
2008-09-12,3.255,3.25,3.5239999999999996,3.2310000000000003,228751.93,600068,0.01215,0.08297,0.09024,-0.11468,-0.39433,-0.59562,3.1404,2.97557,3.50858,4.05032,5.5852
2008-09-16,3.2260000000000004,3.299,3.426,3.113,170922.0,600068,0.01508,0.09601,0.0993,-0.15215,-0.32161,-0.57278,3.1982,2.98976,3.49903,4.0376,5.56722
2008-09-18,3.157,3.094,3.2310000000000003,2.971,203328.98,600068,-0.06214,-0.0045,0.14508,-0.11726,-0.38342,-0.58425,3.1954,3.00843,3.4924,4.02196,5.54954
2008-09-19,3.392,3.4019999999999997,3.4019999999999997,3.284,145628.57,600068,0.09955,0.08934,0.20853,-0.09037,-0.34476,-0.55413,3.2512,3.03638,3.48695,4.00741,5.53235
2008-09-22,3.622,3.554,3.745,3.387,213850.88,600068,0.04468,0.10682,0.14719,-0.06301,-0.3274,-0.54377,3.3198,3.0581,3.4831,3.99334,5.51513
2008-09-23,3.426,3.28,3.4560000000000004,3.27,100235.97,600068,-0.0771,0.00923,0.05196,-0.14427,-0.36765,-0.58051,3.3258,3.06581,3.47418,3.97784,5.49668
2008-09-24,3.2310000000000003,3.4210000000000003,3.431,3.196,77707.73,600068,0.04299,0.03698,0.14186,-0.1507,-0.33418,-0.5491,3.3502,3.08605,3.46439,3.96388,5.47975
2008-09-25,3.426,3.47,3.573,3.387,126759.09,600068,0.01432,0.12153,0.18148,-0.05217,-0.29414,-0.55456,3.4254,3.11143,3.46131,3.95212,5.46219
2008-09-26,3.5,3.4560000000000004,3.5239999999999996,3.377,79562.48,600068,-0.00403,0.01587,0.22163,-0.0624,-0.24094,-0.54097,3.4362,3.14129,3.4576,3.9432,5.44563
2008-10-06,3.377,3.245,3.377,3.2260000000000004,55267.45,600068,-0.06105,-0.08694,0.1753,-0.08566,-0.31985,-0.57037,3.3744,3.16433,3.45269,3.9308,5.42812
2008-10-07,3.138,3.26,3.324,3.0980000000000003,55198.81,600068,0.00462,-0.0061,0.17266,-0.09394,-0.29452,-0.56136,3.3704,3.18719,3.44724,3.91973,5.41116
2008-10-08,3.221,3.27,3.299,3.182,39131.66,600068,0.00307,-0.04414,0.08819,-0.13584,-0.30617,-0.6001,3.3402,3.19981,3.43895,3.908,5.39121
2008-10-09,3.343,3.284,3.363,3.255,44039.52,600068,0.00428,-0.0536,0.15675,-0.11839,-0.25091,-0.60424,3.303,3.221,3.43184,3.89906,5.37083
2008-10-10,3.196,3.1910000000000003,3.2260000000000004,3.108,58929.63,600068,-0.02832,-0.07668,0.09206,-0.18721,-0.27213,-0.61748,3.25,3.23381,3.41998,3.88936,5.34989
2008-10-13,3.1519999999999997,3.275,3.28,3.074,56152.44,600068,0.02632,0.00924,0.10047,-0.16773,-0.30644,-0.60877,3.256,3.24805,3.40934,3.87759,5.32917
2008-10-14,3.377,3.142,3.407,3.142,50759.32,600068,-0.04061,-0.0362,0.04559,-0.22934,-0.36086,-0.5964,3.2324,3.25457,3.39426,3.86317,5.3103
2008-10-15,3.138,3.167,3.2260000000000004,3.094,34429.93,600068,0.00796,-0.0315,0.05531,-0.20327,-0.29996,-0.57249,3.2118,3.26248,3.38123,3.85214,5.29306
2008-10-16,3.0589999999999997,3.0589999999999997,3.123,2.937,54123.84,600068,-0.0341,-0.06851,0.01628,-0.22655,-0.33514,-0.59235,3.1668,3.26481,3.36677,3.8396,5.27499
2008-10-17,3.069,3.089,3.1719999999999997,3.03,49708.8,600068,0.00981,-0.03196,-0.00611,-0.21896,-0.34052,-0.5758,3.1464,3.2639,3.35281,3.82663,5.25795
2008-10-20,3.074,3.157,3.177,3.04,36301.15,600068,0.02201,-0.03603,0.01089,-0.23131,-0.26854,-0.57522,3.1228,3.26552,3.33748,3.81721,5.24057
2008-10-21,3.1719999999999997,3.182,3.2939999999999996,3.133,67707.27,600068,0.00792,0.01273,-0.00903,-0.24148,-0.28204,-0.57737,3.1308,3.26414,3.32115,3.80705,5.2229
2008-10-22,3.182,3.138,3.265,3.138,70430.69,600068,-0.01383,-0.00916,-0.03446,-0.18852,-0.2704,-0.57612,3.125,3.25881,3.30939,3.79759,5.20556
2008-10-23,3.035,3.187,3.196,2.986,50197.19,600068,0.01562,0.04184,-0.03395,-0.18616,-0.22608,-0.57175,3.1506,3.25348,3.29763,3.79002,5.18826
2008-10-24,3.2060000000000004,3.235,3.338,3.2060000000000004,135828.8,600068,0.01506,0.04726,0.04557,-0.18902,-0.15996,-0.5607,3.1798,3.26019,3.28547,3.78502,5.17148
2008-10-27,3.182,3.25,3.304,3.157,140938.6,600068,0.00464,0.02946,-0.04468,-0.1873,-0.15934,-0.55431,3.1984,3.25295,3.27339,3.78001,5.15505
2008-10-28,3.221,3.3480000000000003,3.358,3.04,132972.02,600068,0.03015,0.05217,-0.05796,-0.14614,-0.11288,-0.52048,3.2316,3.24314,3.26415,3.77654,5.14028
2008-10-29,3.363,3.128,3.363,3.1180000000000003,77207.52,600068,-0.06571,-0.00319,-0.04634,-0.21878,-0.20488,-0.56141,3.2296,3.2359,3.25002,3.76999,5.124
2008-10-30,3.1719999999999997,3.0839999999999996,3.187,3.054,63820.46,600068,-0.01407,-0.03232,-0.09851,-0.23814,-0.2871,-0.60678,3.209,3.21986,3.23447,3.75989,5.10465
2008-10-31,3.1180000000000003,3.0010000000000003,3.142,2.9760000000000004,50457.76,600068,-0.02691,-0.07233,-0.13516,-0.27878,-0.31091,-0.63835,3.1622,3.19752,3.21576,3.74889,5.08312
2008-11-03,2.9810000000000003,3.025,3.04,2.947,34923.15,600068,0.008,-0.06923,-0.12471,-0.24451,-0.32038,-0.60555,3.1172,3.177,3.19997,3.73729,5.06424
2008-11-04,3.04,3.0589999999999997,3.147,3.01,55552.67,600068,0.01124,-0.08632,-0.05732,-0.24525,-0.36456,-0.60534,3.0594,3.16814,3.18394,3.72302,5.04517
2008-11-05,3.069,3.275,3.299,3.069,141306.18,600068,0.07061,0.04699,0.0046,-0.16262,-0.32848,-0.58397,3.0888,3.16886,3.17368,3.71,5.02648
2008-11-06,3.1719999999999997,3.343,3.353,3.167,170583.85,600068,0.02076,0.08398,0.02232,-0.15044,-0.30063,-0.56466,3.1406,3.17233,3.16413,3.69832,5.00886
2008-11-07,3.27,3.2939999999999996,3.4019999999999997,3.255,112697.27,600068,-0.01466,0.09763,0.00305,-0.12949,-0.26473,-0.56133,3.1992,3.17281,3.15623,3.68867,4.99172
2008-11-10,3.426,3.622,3.622,3.3819999999999997,228288.45,600068,0.09957,0.19736,0.13507,-0.01469,-0.20622,-0.46491,3.3186,3.19333,3.15535,3.68102,4.97893
2008-11-11,3.71,3.6660000000000004,3.818,3.6319999999999997,296068.3,600068,0.01215,0.19843,0.11939,-0.00272,-0.17562,-0.46715,3.44,3.21195,3.15519,3.67467,4.96587
2008-11-12,3.617,3.8960000000000004,3.906,3.593,233175.04,600068,0.06274,0.18962,0.23997,0.05013,-0.12469,-0.44279,3.5642,3.24786,3.15819,3.67016,4.95328
2008-11-13,3.842,4.058,4.165,3.813,281339.41,600068,0.04158,0.21388,0.28134,0.19108,-0.14243,-0.45857,3.7072,3.29029,3.16869,3.66468,4.93931
2008-11-14,4.087,4.327,4.396,4.038,237252.57,600068,0.06629,0.3136,0.41451,0.40991,-0.12497,-0.4223,3.9138,3.35067,3.18898,3.65966,4.92645
2008-11-17,4.332,4.533,4.552,4.258,285709.37,600068,0.04761,0.25152,0.46747,0.49357,-0.06786,-0.36272,4.096,3.41943,3.21315,3.65698,4.91596
2008-11-18,4.5280000000000005,4.185,4.5280000000000005,4.077,338397.21,600068,-0.07677,0.14157,0.32563,0.40389,-0.13942,-0.39216,4.1998,3.46838,3.23256,3.65146,4.90499
2008-11-19,4.195,4.606,4.606,4.195,366269.56,600068,0.1006,0.18224,0.44752,0.54512,-0.12183,-0.33708,4.3418,3.53619,3.25877,3.64627,4.89547
2008-11-20,4.503,4.459,4.65,4.381,283864.62,600068,-0.03191,0.09882,0.42097,0.48584,-0.07929,-0.3533,4.422,3.5991,3.28229,3.64315,4.88557
2008-11-21,4.293,4.508,4.65,4.195,295174.09,600068,0.01099,0.04183,0.4145,0.66839,-0.0946,-0.33638,4.4582,3.662,3.31142,3.63932,4.87628
2008-11-24,4.479,4.2139999999999995,4.537,4.21,148741.42,600068,-0.06522,-0.07037,0.30263,0.49698,-0.15686,-0.35388,4.3944,3.70862,3.33398,3.63294,4.86689
2008-11-25,4.3069999999999995,4.072,4.356,3.793,287331.77,600068,-0.0337,-0.027,0.25292,0.3144,-0.14901,-0.35416,4.3718,3.74776,3.34969,3.62715,4.85782
2008-11-26,4.013999999999999,4.043,4.175,3.95,147388.92,600068,-0.00712,-0.12223,0.20759,0.29666,-0.09085,-0.31335,4.2592,3.78086,3.36461,3.62386,4.85032
2008-11-27,4.356,4.043,4.376,4.033,370558.21,600068,0.0,-0.09329,0.29252,0.34947,-0.08777,-0.32617,4.176,3.82443,3.3815,3.6207,4.84236
2008-11-28,4.013999999999999,4.004,4.151,3.94,132533.43,600068,-0.00965,-0.1118,0.29831,0.3633,-0.13446,-0.36343,4.0752,3.86824,3.39871,3.61564,4.83307
2008-12-01,3.989,4.141,4.1610000000000005,3.95,120192.0,600068,0.03422,-0.01732,0.37987,0.46377,-0.09427,-0.37935,4.0606,3.92252,3.41987,3.61214,4.82278
2008-12-02,4.063,4.107,4.239,4.038,157688.69,600068,-0.00821,0.0086,0.35769,0.4875,-0.12319,-0.36375,4.0676,3.97405,3.44158,3.60745,4.81324
2008-12-03,4.156000000000001,4.518,4.518,4.156000000000001,325483.65,600068,0.10007,0.11749,0.47695,0.62518,-0.10993,-0.31086,4.1626,4.04352,3.46961,3.60291,4.80495
2008-12-04,4.552,4.415,4.626,4.405,317674.07,600068,-0.0228,0.09201,0.34809,0.46922,-0.10428,-0.30297,4.237,4.09781,3.49235,3.59873,4.79715
2008-12-05,4.41,4.498,4.537,4.4,128849.94,600068,0.0188,0.12338,0.3455,0.58436,-0.08929,-0.2737,4.3358,4.15281,3.51911,3.59515,4.79026
2008-12-08,4.586,4.562,4.611000000000001,4.4639999999999995,244435.29,600068,0.01423,0.10167,0.38494,0.56126,-0.04601,-0.27357,4.42,4.21319,3.54556,3.59336,4.78328
2008-12-09,4.748,4.533,4.758,4.493,246649.7,600068,-0.00636,0.10373,0.25152,0.52319,-0.06824,-0.29502,4.5052,4.25657,3.57068,3.59066,4.77557
2008-12-10,4.479,4.552,4.596,4.381,177611.45,600068,0.00419,0.00753,0.24168,0.51481,0.03903,-0.27354,4.512,4.29876,3.59563,3.59205,4.7686
2008-12-11,4.5280000000000005,4.332,4.5280000000000005,4.3069999999999995,159275.95,600068,-0.04833,-0.0188,0.11191,0.44352,0.03513,-0.30754,4.4954,4.31952,3.6171,3.59324,4.76078
2008-12-15,4.229,4.258,4.327,4.136,120480.44,600068,-0.01708,-0.05336,0.04929,0.41462,0.03803,-0.32466,4.4474,4.32905,3.63723,3.59451,4.75246
2008-12-16,4.239,4.351,4.381,4.146,108070.2,600068,0.02184,-0.04625,0.00555,0.39994,0.07088,-0.32385,4.4052,4.33019,3.65727,3.59685,4.74398
2008-12-17,4.415,4.41,4.523,4.381,91743.19,600068,0.01356,-0.02713,-0.02713,0.4121,0.09077,-0.3303,4.3806,4.32433,3.67803,3.59984,4.73514
2008-12-18,4.41,4.42,4.489,4.337,62265.5,600068,0.00227,-0.029,0.05615,0.37652,0.20403,-0.34138,4.3542,4.33552,3.69753,3.60593,4.72583
2008-12-19,4.42,4.459,4.468999999999999,4.405,76204.17,600068,0.00882,0.02932,-0.03191,0.372,0.14598,-0.33318,4.3796,4.32852,3.71703,3.61054,4.71677
2008-12-22,4.493,4.337,4.493,4.317,47698.36,600068,-0.02736,0.01855,-0.02736,0.31464,0.23738,-0.35557,4.3954,4.32271,3.73377,3.61731,4.70704
2008-12-23,4.332,4.0680000000000005,4.396,4.038,89807.63,600068,-0.06202,-0.06504,-0.0976,0.3148,0.0877,-0.40578,4.3388,4.30176,3.74948,3.61998,4.69575
2008-12-24,3.975,4.077,4.131,3.975,56855.49,600068,0.00221,-0.07551,-0.03251,0.19841,0.07487,-0.4087,4.2722,4.29524,3.76037,3.62228,4.6843
2008-12-25,4.092,4.175,4.18,4.0280000000000005,66172.16,600068,0.02404,-0.05543,0.02529,0.17473,0.08923,-0.4004,4.2232,4.30014,3.77039,3.62507,4.67296
2008-12-26,4.2,4.126,4.263,3.989,74858.23,600068,-0.01174,-0.07468,0.02053,0.25793,0.02433,-0.40701,4.1566,4.3041,3.78403,3.62586,4.66145
2008-12-29,4.063,4.136,4.141,3.931,56565.17,600068,0.00242,-0.04635,0.023,0.209,0.12975,-0.40634,4.1164,4.30852,3.79556,3.62972,4.64994
2008-12-30,4.151,4.254,4.258,4.063,84825.45,600068,0.02853,0.04572,0.06244,0.22594,0.1541,-0.40553,4.1536,4.32043,3.80821,3.63434,4.63815
2008-12-31,4.268,4.327,4.454,4.2,229026.89,600068,0.01716,0.06132,0.04492,0.25203,0.21922,-0.43036,4.2036,4.32929,3.82226,3.64067,4.62486
2009-01-05,4.405,4.386,4.44,4.258,243329.46,600068,0.01364,0.05054,0.06793,0.35162,0.21901,-0.43697,4.2458,4.34257,3.84066,3.64707,4.61102
2009-01-06,4.258,4.484,4.5280000000000005,4.258,185423.7,600068,0.02234,0.08677,-0.00753,0.37546,0.18499,-0.42439,4.3174,4.34095,3.8604,3.65276,4.59758
2009-01-07,4.479,4.459,4.577,4.435,134378.65,600068,-0.00558,0.07809,0.00997,0.36361,0.19705,-0.43009,4.382,4.34305,3.87958,3.65873,4.5839
2009-01-08,4.396,4.342,4.396,4.322,80635.5,600068,-0.02624,0.02069,-0.03468,0.32217,0.10596,-0.43493,4.3996,4.33562,3.89665,3.66211,4.57032
2009-01-09,4.327,4.332,4.396,4.273,74498.79,600068,-0.0023,0.00116,-0.05042,0.35757,0.10089,-0.4179,4.4006,4.32467,3.91505,3.66534,4.55767
2009-01-12,4.332,4.298,4.371,4.239,76702.64,600068,-0.00785,-0.02006,-0.05184,0.31237,0.05421,-0.43529,4.383,4.31348,3.93155,3.66714,4.54421
2009-01-13,4.258,4.249,4.3069999999999995,4.224,76082.0,600068,-0.0114,-0.05241,-0.06656,0.35232,0.06893,-0.45588,4.336,4.29905,3.9494,3.66937,4.52974
2009-01-14,4.249,4.43,4.479,4.224,108136.05,600068,0.0426,-0.0065,0.02262,0.3988,0.1201,-0.42527,4.3302,4.30371,3.96977,3.67323,4.51641
2009-01-15,4.405,4.533,4.552,4.361000000000001,190371.35,600068,0.02325,0.04399,0.06458,0.48186,0.14614,-0.45021,4.3684,4.31681,3.99355,3.67793,4.50132
2009-01-16,4.547,4.449,4.65,4.444,175845.86,600068,-0.01853,0.02701,0.02252,0.44027,0.08327,-0.43626,4.3918,4.32148,4.01548,3.68071,4.48733
2009-01-19,4.479,4.361000000000001,4.503,4.3069999999999995,103513.85,600068,-0.01978,0.01466,-0.01111,0.38137,0.03957,-0.4544,4.4044,4.31914,4.0349,3.68206,4.47256
2009-01-20,4.3660000000000005,4.42,4.425,4.2780000000000005,53784.68,600068,0.01353,0.04024,0.0,0.38906,0.143,-0.43923,4.4386,4.31914,4.05487,3.68655,4.45849
2009-01-21,4.386,4.332,4.43,4.293,55216.48,600068,-0.01991,-0.02212,-0.02848,0.3805,0.10623,-0.43864,4.419,4.3131,4.07413,3.68993,4.44473
2009-01-22,4.3660000000000005,4.468999999999999,4.533,4.342,99070.57,600068,0.03163,-0.01412,0.03044,0.40226,0.12033,-0.42521,4.4062,4.31938,4.09481,3.69384,4.43129
2009-01-23,4.503,4.489,4.591,4.405,109280.89,600068,0.00448,0.00899,0.10349,0.38764,0.12253,-0.41686,4.4142,4.33943,4.11503,3.69782,4.41824
2009-02-02,4.5280000000000005,4.709,4.718999999999999,4.459,186420.07,600068,0.04901,0.0798,0.15502,0.44892,0.20097,-0.36885,4.4838,4.36952,4.13856,3.70423,4.40706
2009-02-03,4.7139999999999995,4.831,4.87,4.665,193542.87,600068,0.02591,0.09299,0.15713,0.44295,0.20654,-0.34575,4.566,4.40076,4.16248,3.71095,4.39668
2009-02-04,4.846,4.738,4.846,4.665,244121.91,600068,-0.01925,0.09372,0.14833,0.51471,0.17045,-0.36944,4.6472,4.4299,4.18845,3.71656,4.38539
2009-02-05,4.7139999999999995,4.728,4.88,4.675,259183.13,600068,-0.00211,0.05795,0.14313,0.53307,0.13627,-0.33483,4.699,4.4581,4.21497,3.72117,4.37572
2009-02-06,4.743,4.9239999999999995,4.978,4.743,221058.47,600068,0.04146,0.0969,0.1575,0.64079,0.22977,-0.23014,4.786,4.49,4.24598,3.72865,4.36974
2009-02-09,4.968,4.928999999999999,5.061,4.8069999999999995,284749.18,600068,0.00102,0.04672,0.13913,0.62942,0.21614,-0.25476,4.83,4.51867,4.27669,3.73577,4.36289
2009-02-10,4.895,4.939,4.949,4.753,242225.39,600068,0.00203,0.02236,0.12608,0.61458,0.26285,-0.25974,4.8516,4.545,4.30702,3.74413,4.35584
2009-02-11,4.836,4.914,5.11,4.787,293923.25,600068,-0.00506,0.03715,0.0959,0.50046,0.24879,-0.27146,4.8868,4.56548,4.33345,3.75209,4.3484
2009-02-12,4.934,4.87,4.968,4.772,140859.28,600068,-0.00895,0.03003,0.09217,0.45678,0.287,-0.22279,4.9152,4.58505,4.35808,3.76092,4.34272
2009-02-13,4.87,5.135,5.188,4.87,311580.03,600068,0.05441,0.04285,0.18263,0.55889,0.3969,-0.24139,4.9574,4.62281,4.38777,3.77278,4.33608
2009-02-16,5.237,5.184,5.252000000000001,5.0169999999999995,222828.26,600068,0.00954,0.05173,0.19668,0.43125,0.41023,-0.26112,5.0084,4.66338,4.41297,3.78504,4.32863
2009-02-17,5.2620000000000005,5.022,5.419,5.0169999999999995,395042.88,600068,-0.03125,0.01681,0.16845,0.36989,0.35364,-0.27417,5.025,4.69786,4.43484,3.79571,4.32092
2009-02-18,4.944,4.8260000000000005,4.998,4.782,200677.64,600068,-0.03903,-0.01791,0.1358,0.23871,0.4165,-0.28652,5.0074,4.72533,4.44984,3.80724,4.31304
2009-02-19,4.836,4.973,5.007,4.836,149744.62,600068,0.03046,0.02115,0.12257,0.22548,0.6204,-0.31112,5.028,4.75119,4.4646,3.82272,4.30391
2009-02-20,4.968,5.081,5.178999999999999,4.919,146959.99,600068,0.02172,-0.01052,0.12089,0.17425,0.67414,-0.29714,5.0172,4.77729,4.47676,3.83936,4.29518
2009-02-23,5.086,5.149,5.188,4.998,179168.18,600068,0.01338,-0.00675,0.15734,0.13589,0.72727,-0.28911,5.0102,4.81062,4.48669,3.85698,4.28667
2009-02-24,5.091,5.091,5.311,5.037,274961.71,600068,-0.01126,0.01374,0.16739,0.21649,0.70782,-0.32201,5.024,4.84538,4.50131,3.87414,4.27684
2009-02-25,5.144,5.35,5.409,5.066,371922.17,600068,0.05087,0.10858,0.21041,0.16153,0.78274,-0.28894,5.1288,4.88967,4.51331,3.89324,4.268
2009-02-26,5.3839999999999995,5.135,5.3839999999999995,4.836,220897.08,600068,-0.04019,0.03258,0.18536,0.1516,0.90044,-0.3135,5.1612,4.9279,4.52421,3.91302,4.25847
2009-02-27,5.032,4.723,5.091,4.65,190664.26,600068,-0.08023,-0.07046,0.05684,0.04769,0.6778,-0.35052,5.0896,4.94,4.52768,3.92853,4.24811
2009-03-02,4.65,4.772,4.885,4.5569999999999995,96973.12,600068,0.01037,-0.07322,0.06304,0.13242,0.54035,-0.33184,5.0142,4.95348,4.53668,3.94214,4.23848
2009-03-03,4.699,4.949,4.968,4.626,150641.34,600068,0.03709,-0.02789,0.05097,0.21537,0.58724,-0.28524,4.9858,4.9649,4.55082,3.95702,4.23045
2009-03-04,5.0169999999999995,5.223,5.281000000000001,5.0169999999999995,229079.76,600068,0.05536,-0.02374,0.08114,0.29186,0.74332,-0.2121,4.9604,4.98357,4.56985,3.97513,4.22473
2009-03-05,5.2620000000000005,5.228,5.33,5.091,209603.63,600068,0.00096,0.01811,0.10342,0.2931,0.78005,-0.22548,4.979,5.0069,4.58897,3.99376,4.21854
2009-03-06,5.14,5.335,5.4670000000000005,5.105,279332.2,600068,0.02047,0.12958,0.12838,0.33242,0.88583,-0.22949,5.1014,5.03581,4.61044,4.01413,4.21209
2009-03-09,5.379,5.051,5.443,5.022,218899.04,600068,-0.05323,0.05847,0.02579,0.21975,0.82941,-0.25325,5.1572,5.04186,4.62511,4.03275,4.20512
2009-03-10,5.002,5.13,5.1739999999999995,4.968,117469.7,600068,0.01564,0.03657,0.04078,0.24909,0.84532,-0.24269,5.1934,5.05143,4.64161,4.05185,4.19844
2009-03-11,5.202999999999999,5.027,5.257000000000001,4.998,136805.79,600068,-0.02008,-0.03753,0.01782,0.11266,0.67288,-0.26366,5.1542,5.05562,4.64982,4.06829,4.19112
2009-03-12,5.002,4.963,5.071000000000001,4.885,93864.02,600068,-0.01273,-0.05069,0.00997,0.12412,0.74815,-0.27047,5.1012,5.05795,4.65866,4.08556,4.18364
2009-03-13,4.988,4.9,5.0169999999999995,4.856,85001.04,600068,-0.01269,-0.08154,0.00616,0.08937,0.67693,-0.25814,5.0142,5.05938,4.66515,4.10164,4.17671
2009-03-16,4.87,4.939,4.978,4.87,61242.48,600068,0.00796,-0.02217,-0.03817,0.08264,0.65961,-0.2624,4.9918,5.05005,4.67123,4.1176,4.16957
2009-03-17,5.0169999999999995,5.11,5.159,4.934,132619.7,600068,0.03462,-0.0039,-0.01427,0.12729,0.7005,-0.21239,4.9878,5.04652,4.68053,4.13472,4.16397
2009-03-18,5.14,5.184,5.233,5.066,127539.44,600068,0.01448,0.03123,0.03226,0.13884,0.72742,-0.18465,5.0192,5.05424,4.69073,4.15246,4.1592
2009-03-19,5.164,5.184,5.188,5.066,138941.52,600068,0.0,0.04453,0.07418,0.19668,0.72226,-0.19265,5.0634,5.07129,4.70447,4.17014,4.15417
2009-03-20,5.188,5.002,5.212999999999999,4.949,246592.57,600068,-0.03511,0.02082,0.00583,0.17473,0.6094,-0.203,5.0838,5.07267,4.71647,4.18554,4.14899
2009-03-23,4.9830000000000005,5.022,5.056,4.919,156472.93,600068,0.004,0.01681,-0.01161,0.15422,0.60807,-0.14997,5.1004,5.06986,4.72729,4.20098,4.14539
2009-03-24,5.071000000000001,5.184,5.2620000000000005,4.988,253524.94,600068,0.03226,0.01448,0.0068,0.17551,0.61445,-0.12889,5.1152,5.07152,4.73977,4.21702,4.14227
2009-03-25,5.144,4.978,5.144,4.978,161519.66,600068,-0.03974,-0.03974,-0.0222,0.12624,0.53169,-0.07231,5.074,5.06614,4.74877,4.23107,4.14069
2009-03-26,4.978,5.037,5.047,4.846,150924.31,600068,0.01185,-0.02836,-0.0585,0.12963,0.52683,0.03578,5.0446,5.05124,4.7581,4.2452,4.1414
2009-03-27,5.071000000000001,5.022,5.11,4.9830000000000005,141345.47,600068,-0.00298,0.004,-0.02201,0.15794,0.62314,0.0008,5.0486,5.04586,4.76915,4.26087,4.14141
2009-03-30,5.022,5.002,5.0760000000000005,4.968,87053.0,600068,-0.00398,-0.00398,0.05907,0.2296,0.47031,-0.03659,5.0446,5.05914,4.78421,4.27388,4.14064
2009-03-31,4.939,5.452999999999999,5.492000000000001,4.895,502553.94,600068,0.09016,0.05189,0.14271,0.3375,0.53433,0.03198,5.0984,5.09157,4.8064,4.28932,4.14133
2009-04-01,5.321000000000001,5.345,5.457999999999999,5.311,354294.77,600068,-0.01981,0.07372,0.08002,0.28024,0.62957,0.03046,5.1718,5.11043,4.82527,4.30611,4.14197
2009-04-02,5.409,5.355,5.56,5.345,279120.53,600068,0.00187,0.06313,0.02527,0.29787,0.56533,0.04223,5.2354,5.11671,4.8451,4.32183,4.14285
2009-04-03,5.404,5.228,5.409,5.169,208095.76,600068,-0.02372,0.04102,0.0,0.26402,0.50663,0.06347,5.2766,5.11671,4.86271,4.33612,4.14412
2009-04-07,5.242000000000001,5.2860000000000005,5.36,5.223,110635.43,600068,0.01109,0.05678,-0.00918,0.2426,0.52951,0.16099,5.3334,5.11438,4.87935,4.351,4.1471
2009-04-08,5.272,5.0169999999999995,5.272,5.007,164928.07,600068,-0.05089,-0.07996,-0.00673,0.15946,0.54607,0.05156,5.2462,5.11276,4.89048,4.36541,4.1481
2009-04-09,4.993,5.13,5.14,4.993,118237.96,600068,0.02252,-0.04022,0.0,0.16963,0.57362,0.11015,5.2032,5.11276,4.90248,4.38061,4.15017
2009-04-10,5.135,5.252000000000001,5.291,5.1,173634.43,600068,0.02378,-0.01923,0.04476,0.17128,0.60612,0.11436,5.1826,5.12348,4.91487,4.39672,4.15236
2009-04-13,5.311,5.345,5.422999999999999,5.2860000000000005,231562.78,600068,0.01771,0.02238,0.07697,0.1987,0.62759,0.21921,5.206,5.14167,4.92916,4.41348,4.15627
2009-04-14,5.33,5.3260000000000005,5.3839999999999995,5.218,153024.62,600068,-0.00355,0.00757,0.08694,0.22662,0.66907,0.21487,5.214,5.16195,4.94503,4.43084,4.1601
2009-04-15,5.306,5.477,5.58,5.252000000000001,299544.78,600068,0.02835,0.09169,0.10893,0.26431,0.67237,0.15989,5.306,5.18757,4.9635,4.44874,4.16317
2009-04-16,5.507000000000001,5.35,5.507000000000001,5.2860000000000005,195433.04,600068,-0.02319,0.04288,0.04697,0.24477,0.70274,0.08828,5.35,5.199,4.98047,4.46669,4.16493
2009-04-17,5.2860000000000005,5.252000000000001,5.399,5.237,124378.1,600068,-0.01832,0.0,0.01312,0.23606,0.65835,0.16092,5.35,5.20224,4.99665,4.48364,4.16789
2009-04-20,5.2860000000000005,5.404,5.428,5.2860000000000005,145875.85,600068,0.02894,0.01104,0.04244,0.21986,0.76659,0.17453,5.3618,5.21271,5.01235,4.50271,4.17115
2009-04-21,5.35,5.281000000000001,5.399,5.212999999999999,149065.47,600068,-0.02276,-0.00845,0.05578,0.16501,0.70961,0.12746,5.3528,5.226,5.02442,4.52053,4.17358
2009-04-22,5.291,5.135,5.379,5.0169999999999995,165258.76,600068,-0.02765,-0.06244,0.0225,0.15419,0.62654,0.18976,5.2844,5.23138,5.03548,4.53661,4.17691
2009-04-23,5.091,5.14,5.164,5.042,84411.39,600068,0.00097,-0.03925,-0.00849,0.17863,0.61534,0.15975,5.2424,5.22929,5.04805,4.55253,4.17979
2009-04-24,5.154,5.13,5.202999999999999,5.086,90282.04,600068,-0.00195,-0.02323,0.03053,0.16063,0.6348,0.19275,5.218,5.23652,5.0595,4.56872,4.18316
2009-04-27,5.091,4.895,5.125,4.861000000000001,130141.41,600068,-0.04581,-0.09419,-0.02819,0.12996,0.53593,0.18868,5.1162,5.22976,5.06858,4.58261,4.18632
2009-04-29,5.012,5.169,5.202999999999999,4.944,144364.74,600068,0.05598,-0.02121,0.02927,0.15663,0.59784,0.34225,5.0938,5.23676,5.07987,4.59833,4.19167
2009-04-30,5.1979999999999995,5.33,5.419,5.193,280695.39,600068,0.03115,0.03797,0.06557,0.18735,0.64,0.37869,5.1328,5.25238,5.09344,4.61524,4.19763
2009-05-04,5.335,5.422999999999999,5.443,5.257000000000001,235123.57,600068,0.01745,0.05506,-0.0055,0.15162,0.61977,0.43694,5.1894,5.25095,5.10495,4.63211,4.20433
2009-05-05,5.477,5.374,5.482,5.335,182619.67,600068,-0.00904,0.04756,0.00543,0.1124,0.71803,0.36604,5.2382,5.25233,5.11371,4.65037,4.21018
2009-05-06,5.374,5.662999999999999,5.678,5.374,497444.65,600068,0.05378,0.15689,0.05752,0.19523,0.83625,0.30906,5.3918,5.267,5.12863,4.67134,4.21562
2009-05-07,5.667999999999999,5.492000000000001,5.693,5.3839999999999995,417542.62,600068,-0.0302,0.06249,0.0505,0.16159,0.83006,0.26108,5.4564,5.27957,5.14095,4.69159,4.22024
2009-05-08,5.487,5.452999999999999,5.551,5.3839999999999995,186348.27,600068,-0.0071,0.02308,0.03159,0.10743,0.80264,0.22512,5.481,5.28752,5.14948,4.71133,4.22431
2009-05-11,5.462999999999999,5.228,5.5120000000000005,5.212999999999999,200999.8,600068,-0.04126,-0.03596,0.04206,0.06066,0.70906,0.086,5.442,5.29757,5.15431,4.72897,4.226
2009-05-12,5.1739999999999995,5.291,5.296,5.144,133951.45,600068,0.01205,-0.01544,0.03138,0.07127,0.61557,0.08489,5.4254,5.30524,5.15998,4.74536,4.22768
2009-05-13,5.281000000000001,5.281000000000001,5.33,5.237,112005.73,600068,-0.00189,-0.06746,0.00552,0.07468,0.57972,0.10481,5.349,5.30662,5.1659,4.76111,4.22972
2009-05-14,5.242000000000001,5.33,5.335,5.212999999999999,104042.55,600068,0.00928,-0.0295,-0.00281,0.09446,0.61809,0.18973,5.3166,5.3059,5.17332,4.77767,4.23317
2009-05-15,5.301,5.316,5.37,5.2860000000000005,96532.76,600068,-0.00263,-0.02512,-0.00188,0.03525,0.4677,0.16502,5.2892,5.30543,5.17624,4.79144,4.23623
2009-05-18,5.335,5.507000000000001,5.556,5.3260000000000005,306403.37,600068,0.03593,0.05337,0.00548,0.06231,0.50218,0.23836,5.345,5.30686,5.18145,4.80641,4.24054
2009-05-19,5.516,5.5120000000000005,5.546,5.399,214140.31,600068,0.00091,0.04177,0.03028,0.09757,0.41478,0.23837,5.3892,5.31457,5.18935,4.81954,4.24485
2009-05-20,5.575,5.4670000000000005,5.575,5.457999999999999,227137.07,600068,-0.00816,0.03522,0.04094,0.13282,0.34722,0.15533,5.4264,5.32481,5.19969,4.831,4.24784
2009-05-21,5.428,5.316,5.507000000000001,5.291,159844.23,600068,-0.02762,-0.00263,-0.01628,0.06897,0.22856,0.07503,5.4236,5.32062,5.20523,4.83904,4.24935
2009-05-22,5.2860000000000005,5.409,5.419,5.228,141142.89,600068,0.01749,0.01749,0.02424,0.06455,0.19325,0.11228,5.4422,5.32671,5.21052,4.84616,4.25157
2009-05-25,5.335,5.609,5.619,5.296,397615.04,600068,0.03698,0.01852,0.09231,0.08934,0.34026,0.1534,5.4626,5.34929,5.21794,4.85774,4.2546
2009-05-26,5.58,5.541,5.702000000000001,5.5360000000000005,330833.61,600068,-0.01212,0.00526,0.07802,0.08839,0.203,0.05643,5.4684,5.36838,5.22519,4.86534,4.2558
2009-05-27,5.556,5.497000000000001,5.6,5.472,163624.23,600068,-0.00794,0.00549,0.07154,0.02748,0.23279,0.13504,5.4744,5.38586,5.22756,4.87378,4.25846
2009-06-01,5.5360000000000005,5.6339999999999995,5.7170000000000005,5.482,283463.14,600068,0.02492,0.05982,0.15097,0.09718,0.24978,0.13155,5.538,5.42105,5.23561,4.88293,4.26113
2009-06-02,5.653,5.507000000000001,5.653,5.492000000000001,254882.56,600068,-0.02254,0.01812,0.06539,0.166,0.30683,0.10184,5.5576,5.43714,5.24826,4.89345,4.2632
2009-06-03,5.502000000000001,5.58,5.678,5.482,271705.11,600068,0.01326,-0.00517,0.0469,0.16932,0.37033,0.16614,5.5518,5.44905,5.26129,4.90571,4.26643
2009-06-04,5.541,5.551,5.662999999999999,5.4479999999999995,220131.02,600068,-0.0052,0.0018,0.0236,0.12164,0.37299,0.24826,5.5538,5.45514,5.271,4.91797,4.27091
2009-06-05,5.516,5.516,5.6,5.482,147719.29,600068,-0.00631,0.00346,0.02642,0.0561,0.36433,0.24458,5.5576,5.4619,5.27573,4.92994,4.27532
2009-06-09,5.6,5.457999999999999,5.667999999999999,5.3260000000000005,219347.4,600068,-0.01051,-0.03124,-0.0362,0.04399,0.36314,0.17985,5.5224,5.45214,5.27944,4.94176,4.2787
2009-06-10,5.452999999999999,5.507000000000001,5.609,5.399,185737.4,600068,0.00898,0.0,0.00273,0.03224,0.32987,0.20451,5.5224,5.45286,5.28221,4.95287,4.2825
2009-06-11,5.492000000000001,5.379,5.556,5.33,233985.17,600068,-0.02324,-0.03602,-0.01357,0.06494,0.30972,0.14838,5.4822,5.44933,5.2875,4.96321,4.28533
2009-06-12,5.345,5.2860000000000005,5.419,5.237,171693.02,600068,-0.01729,-0.04774,0.01109,0.03041,0.16999,0.04137,5.4292,5.4521,5.29002,4.96946,4.28618
2009-06-15,5.296,5.34,5.36,5.257000000000001,96478.41,600068,0.01022,-0.03191,0.00926,0.06226,0.20951,0.08338,5.394,5.45443,5.29506,4.97698,4.28785
2009-06-16,5.301,5.272,5.35,5.237,119460.05,600068,-0.01273,-0.03408,-0.0017,0.06226,0.17208,0.06742,5.3568,5.454,5.30005,4.98327,4.28921
2009-06-17,5.281000000000001,5.399,5.414,5.281000000000001,115998.06,600068,0.02409,-0.01961,0.01295,0.10184,0.18347,0.12903,5.3352,5.45729,5.3081,4.99007,4.29172
2009-06-18,5.414,5.404,5.4479999999999995,5.36,126257.71,600068,0.00093,0.00465,0.01655,0.09415,0.19215,0.11079,5.3402,5.46148,5.3156,4.99715,4.29391
2009-06-19,5.409,5.492000000000001,5.619,5.35,321219.41,600068,0.01628,0.03897,-0.00272,0.07476,0.2065,0.2536,5.3814,5.46076,5.32176,5.0048,4.29842
2009-06-22,5.556,5.526,5.6579999999999995,5.462999999999999,271485.73,600068,0.00619,0.03483,0.00254,0.06597,0.27562,0.32043,5.4186,5.46143,5.32727,5.0145,4.30387
2009-06-23,5.452000000000001,5.497000000000001,5.542000000000001,5.433,120415.95,600068,-0.00525,0.04268,0.00549,0.06038,0.29098,0.34008,5.4636,5.46286,5.33232,5.02458,4.30954
2009-06-24,5.586,5.547000000000001,5.611000000000001,5.452000000000001,179219.69,600068,0.0091,0.02741,0.04345,0.10896,0.27488,0.36525,5.4932,5.47386,5.34111,5.0343,4.31558
2009-06-25,5.5760000000000005,5.571000000000001,5.601,5.447,192875.87,600068,0.00433,0.0309,0.02995,0.10932,0.26327,0.37794,5.5266,5.48157,5.34997,5.04374,4.32179
2009-06-26,5.566,5.566,5.646,5.522,191652.9,600068,-0.0009,0.01347,-0.00767,0.07369,0.25928,0.51621,5.5414,5.47952,5.35613,5.05306,4.32949
2009-06-29,5.646,5.774,5.843999999999999,5.611000000000001,464558.02,600068,0.03737,0.04488,0.04205,0.1599,0.29491,0.48394,5.591,5.49062,5.36897,5.06375,4.33715
2009-06-30,5.8389999999999995,6.022,6.23,5.814,573949.92,600068,0.04295,0.09551,0.09551,0.19555,0.38852,0.71812,5.696,5.51562,5.38485,5.07745,4.34738
2009-07-01,6.027,6.111000000000001,6.121,5.972,336008.25,600068,0.01478,0.10168,0.08466,0.21685,0.50221,0.63396,5.8088,5.53833,5.40242,5.09406,4.35702
2009-07-02,6.091,6.1160000000000005,6.1610000000000005,6.002000000000001,291170.43,600068,0.00082,0.09783,0.11059,0.22271,0.50012,0.61244,5.9178,5.56733,5.42039,5.11063,4.36646
2009-07-03,6.086,6.324,6.417999999999999,6.042000000000001,403545.99,600068,0.03401,0.13618,0.13333,0.15973,0.51473,0.64988,6.0694,5.60276,5.43444,5.12811,4.37659
2009-07-06,6.377999999999999,6.359,6.482,6.24,370593.98,600068,0.00553,0.10132,0.14556,0.18971,0.5412,0.5787,6.1864,5.64124,5.45079,5.14626,4.38606
2009-07-08,6.265,6.195,6.265,6.086,305990.94,600068,-0.02579,0.02873,0.1231,0.15686,0.49782,0.69216,6.221,5.67357,5.46434,5.163,4.39636
2009-07-09,6.205,6.393,6.5120000000000005,6.2,258140.01,600068,0.03196,0.04615,0.17131,0.22284,0.50282,0.7344,6.2774,5.7181,5.48313,5.18039,4.40737
2009-07-10,6.417999999999999,6.343999999999999,6.482,6.319,170895.87,600068,-0.00766,0.03728,0.15199,0.20015,0.46614,0.78755,6.323,5.75795,5.50019,5.19679,4.41873
2009-07-13,6.388,6.354,6.457999999999999,6.2989999999999995,203658.93,600068,0.00158,0.00474,0.18126,0.26649,0.4487,0.76598,6.329,5.80438,5.52176,5.21279,4.42993
2009-07-14,6.354,6.388,6.422999999999999,6.314,180548.39,600068,0.00535,0.00456,0.20848,0.24522,0.42462,0.68816,6.3348,5.85686,5.54205,5.22827,4.44052
2009-07-15,6.398,6.5520000000000005,6.611000000000001,6.382999999999999,271624.3,600068,0.02567,0.05763,0.22697,0.24752,0.46939,0.75893,6.4062,5.91457,5.56302,5.24528,4.45201
2009-07-16,6.636,6.388,6.676,6.369,219166.71,600068,-0.02503,-0.00078,0.21168,0.19514,0.47121,0.6271,6.4052,5.96771,5.57984,5.26192,4.46202
2009-07-17,6.377999999999999,6.279,6.417999999999999,6.205,275642.35,600068,-0.01706,-0.01025,0.16299,0.17893,0.44945,0.59568,6.3922,6.00962,5.59521,5.27775,4.47154
2009-07-20,6.289,6.3389999999999995,6.364,6.255,236777.01,600068,0.00956,-0.00236,0.17302,0.15739,0.47487,0.55482,6.3892,6.05414,5.60911,5.29434,4.48074
2009-07-21,6.359,6.19,6.382999999999999,6.121,396824.32,600068,-0.02351,-0.031,0.12709,0.15701,0.45681,0.55723,6.3496,6.08738,5.62266,5.31012,4.48974
2009-07-22,6.19,6.245,6.274,6.175,237887.88,600068,0.00889,-0.04686,0.13011,0.18907,0.40971,0.57901,6.2882,6.12162,5.63868,5.32488,4.49905
2009-07-23,6.255,6.468,6.522,6.255,401743.57,600068,0.03571,0.01252,0.17664,0.19689,0.42687,0.6354,6.3042,6.16786,5.65584,5.34061,4.50927
2009-07-24,6.542000000000001,6.422999999999999,6.606,6.294,347485.68,600068,-0.00696,0.02293,0.15792,0.21625,0.4437,0.56392,6.333,6.20957,5.67426,5.35666,4.51868
2009-07-27,6.507000000000001,6.502000000000001,6.517,6.382999999999999,305411.87,600068,0.0123,0.02571,0.16712,0.26621,0.49094,0.54994,6.3656,6.2539,5.69631,5.37407,4.52806
2009-07-28,6.527,6.72,6.725,6.492000000000001,424174.25,600068,0.03353,0.08562,0.20733,0.30739,0.52036,0.73778,6.4716,6.30886,5.72179,5.39276,4.53966
2009-07-29,6.735,6.25,6.829,6.047000000000001,441348.2,600068,-0.06994,0.0008,0.08244,0.21832,0.44275,0.59602,6.4726,6.33152,5.73985,5.40836,4.54915
2009-07-30,6.279,6.294,6.4079999999999995,6.091,233379.25,600068,0.00704,-0.0269,0.04517,0.2858,0.40837,0.57784,6.4378,6.34448,5.76242,5.4232,4.55852
2009-07-31,6.343999999999999,6.596,6.686,6.2989999999999995,390135.69,600068,0.04798,0.02693,0.07937,0.27607,0.46937,0.64941,6.4724,6.36757,5.78544,5.44033,4.56907
2009-08-03,6.6610000000000005,6.586,6.681,6.492000000000001,281099.5,600068,-0.00152,0.01292,0.07685,0.23565,0.3986,0.67967,6.4892,6.38995,5.80569,5.45559,4.57991
2009-08-04,6.636,6.4479999999999995,6.636,6.314,360144.6,600068,-0.02095,-0.04048,0.01961,0.18901,0.33471,0.61039,6.4348,6.39586,5.82223,5.46873,4.58984
2009-08-05,6.468,6.562,6.71,6.412999999999999,357789.28,600068,0.01768,0.04992,0.03192,0.22106,0.38497,0.62105,6.4972,6.40552,5.84139,5.48356,4.60006
2009-08-06,6.468,6.393,6.522,6.329,229637.79,600068,-0.02575,0.01573,0.03196,0.12891,0.35216,0.53641,6.517,6.41495,5.85316,5.4971,4.60913
2009-08-07,6.487,6.294,6.487,6.24,237806.73,600068,-0.01549,-0.04579,-0.01549,0.14603,0.27823,0.57193,6.4566,6.41024,5.8661,5.50824,4.61844
2009-08-10,6.388,6.412999999999999,6.452999999999999,6.27,164071.24,600068,0.01891,-0.02627,0.01088,0.17605,0.30108,0.58228,6.422,6.41352,5.88158,5.5203,4.62804
2009-08-11,6.422999999999999,6.636,6.686,6.343999999999999,388006.81,600068,0.03477,0.02916,0.04438,0.26932,0.34359,0.69675,6.4596,6.42695,5.90429,5.5341,4.63911
2009-08-12,6.636,6.26,6.636,6.22,376043.6,600068,-0.05666,-0.04602,-0.02004,0.18314,0.27391,0.59085,6.3992,6.42086,5.91992,5.54504,4.64857
2009-08-13,6.279,6.265,6.334,6.141,202011.82,600068,0.0008,-0.02002,-0.0438,0.18633,0.28645,0.65566,6.3736,6.40719,5.93579,5.55638,4.65865
2009-08-14,6.3389999999999995,6.007000000000001,6.354,5.992000000000001,209087.7,600068,-0.04118,-0.0456,-0.05964,0.12702,0.16981,0.63411,6.3162,6.38905,5.94671,5.56347,4.66813
2009-08-17,5.938,5.621,5.938,5.586,196728.54,600068,-0.06426,-0.1235,-0.10479,0.05737,0.0843,0.52911,6.1578,6.35771,5.95163,5.56702,4.67603
2009-08-18,5.561,5.655,5.72,5.527,175150.14,600068,0.00605,-0.14783,-0.1079,0.02687,0.12605,0.52426,5.9616,6.32514,5.95402,5.57217,4.68394
2009-08-19,5.67,5.289,5.675,5.205,175372.22,600068,-0.06472,-0.15511,-0.14556,-0.04046,0.09594,0.55239,5.7674,6.28224,5.95042,5.57593,4.69159
2009-08-20,5.314,5.492000000000001,5.522,5.314,150382.72,600068,0.03838,-0.12338,-0.12058,0.00457,0.10436,0.78951,5.6128,6.24638,5.95082,5.58015,4.70144
2009-08-21,5.487,5.665,5.7,5.403,192117.43,600068,0.0315,-0.05693,-0.12415,0.06565,0.11494,0.86656,5.5444,6.20814,5.95645,5.5849,4.71213
2009-08-24,5.636,5.67,5.71,5.547000000000001,171502.38,600068,0.00088,0.00872,-0.11723,0.04825,0.10118,0.90205,5.5542,6.17229,5.96066,5.58914,4.72306
2009-08-25,5.641,5.462000000000001,5.641,5.348,184368.41,600068,-0.03668,-0.03413,-0.15995,-0.02621,0.07287,0.83227,5.5156,6.12276,5.95829,5.59215,4.73315
2009-08-26,5.447,5.601,5.67,5.398,159459.9,600068,0.02545,0.05899,-0.16652,0.01083,0.04692,0.86638,5.578,6.06948,5.95926,5.5942,4.74372
2009-08-27,5.596,5.67,5.769,5.571000000000001,152489.5,600068,0.01232,0.03241,-0.0928,0.03147,0.10419,1.09845,5.6136,6.04186,5.96205,5.59854,4.75578
2009-08-28,5.68,5.537000000000001,5.695,5.502000000000001,106375.61,600068,-0.02346,-0.02259,-0.12027,-0.01722,0.17235,0.96696,5.588,6.00581,5.96048,5.60516,4.76685
2009-08-31,5.492000000000001,5.19,5.492000000000001,5.18,124926.23,600068,-0.06267,-0.08466,-0.21316,-0.05756,0.08759,0.67527,5.492,5.93886,5.95537,5.60856,4.77535
2009-09-01,5.19,5.155,5.274,5.041,126250.68,600068,-0.00674,-0.05621,-0.21728,-0.07616,0.04162,0.6533,5.4306,5.87071,5.94852,5.61024,4.78363
2009-09-02,5.155,5.185,5.215,5.081,75992.52,600068,0.00582,-0.07427,-0.19587,-0.06593,-0.00728,0.73064,5.3474,5.81057,5.94261,5.60993,4.79253
2009-09-03,5.21,5.412999999999999,5.438,5.165,168981.92,600068,0.04397,-0.04533,-0.1751,-0.01867,0.03539,0.84304,5.296,5.75586,5.94095,5.61143,4.80259
2009-09-04,5.388,5.452000000000001,5.551,5.358,172542.09,600068,0.0072,-0.01535,-0.14719,-0.0011,0.02193,0.92718,5.279,5.71105,5.94085,5.61238,4.81326
2009-09-07,5.547000000000001,5.675,5.69,5.502000000000001,318699.43,600068,0.0409,0.09345,-0.09835,0.03051,0.12354,1.05541,5.376,5.68157,5.94356,5.61746,4.8251
2009-09-08,5.631,5.72,5.7589999999999995,5.571000000000001,197455.71,600068,0.00793,0.1096,-0.10806,0.06339,0.11501,1.05755,5.489,5.64857,5.94906,5.62225,4.83705
2009-09-09,5.725,5.73,5.7589999999999995,5.596,139001.02,600068,0.00175,0.10511,-0.13653,0.084,0.13984,0.90682,5.598,5.60543,5.95623,5.62797,4.84813
2009-09-10,5.705,5.646,5.769,5.636,118612.04,600068,-0.01466,0.04304,-0.09808,0.0573,0.13762,0.98873,5.6446,5.57619,5.96116,5.63352,4.85954
2009-09-11,5.636,5.7,5.735,5.621,137626.74,600068,0.00956,0.04549,-0.09018,0.08118,0.16327,0.95072,5.6942,5.54929,5.96806,5.64002,4.87083
2009-09-14,5.72,5.877999999999999,5.928,5.72,177963.3,600068,0.03123,0.03577,-0.02147,0.08872,0.19012,0.97513,5.7348,5.54314,5.97579,5.64766,4.88263
2009-09-15,5.877999999999999,5.854,5.982,5.819,125402.61,600068,-0.00408,0.02343,0.04145,0.08327,0.1456,0.94809,5.7616,5.55424,5.98305,5.65371,4.89421
2009-09-16,5.843999999999999,5.933,5.9670000000000005,5.789,168217.84,600068,0.0135,0.03543,0.04916,0.0803,0.14448,0.97701,5.8022,5.56748,5.99016,5.6598,4.90613
2009-09-17,5.893,6.141,6.225,5.893,232771.01,600068,0.03506,0.08767,0.16109,0.11129,0.18461,1.0402,5.9012,5.60805,6.00008,5.66758,4.91886
2009-09-18,6.146,5.922999999999999,6.19,5.893,182369.84,600068,-0.0355,0.03912,0.07848,0.0775,0.18413,0.90573,5.9458,5.62857,6.00695,5.67507,4.9303
2009-09-21,5.893,6.121,6.141,5.867999999999999,207716.61,600068,0.03343,0.04134,0.08049,0.10348,0.21884,0.95997,5.9944,5.65029,6.01621,5.684,4.94249
2009-09-22,6.17,6.126,6.349,6.091,276288.94,600068,0.00082,0.04646,0.08042,0.09962,0.18171,0.90782,6.0488,5.672,6.02516,5.69166,4.95434
2009-09-23,6.096,6.0760000000000005,6.23,6.037000000000001,171260.99,600068,-0.00816,0.0241,0.11241,0.09163,0.22057,0.86954,6.0774,5.70124,6.03339,5.70059,4.96583
2009-09-24,6.047000000000001,5.789,6.091,5.611000000000001,215178.55,600068,-0.04724,-0.05732,0.03357,0.0026,0.1493,0.75477,6.007,5.71019,6.03363,5.7067,4.97595
2009-09-25,5.789,5.893,6.002000000000001,5.754,133219.02,600068,0.01797,-0.00507,0.03933,-0.02142,0.17344,0.90465,6.001,5.72081,6.03155,5.71378,4.98733
2009-09-28,5.9670000000000005,5.794,6.002000000000001,5.71,83471.04,600068,-0.0168,-0.05342,0.04642,-0.05187,0.15834,0.70312,5.9356,5.73305,6.02644,5.72022,4.99705
2009-09-29,5.784,5.646,5.819,5.556,87844.15,600068,-0.02554,-0.07835,0.08786,-0.07685,0.03539,0.58863,5.8396,5.75476,6.01885,5.72179,5.00555
2009-09-30,5.695,5.66,5.769,5.636,78215.78,600068,0.00248,-0.06847,0.09796,-0.105,0.05893,0.72561,5.7564,5.77881,6.00815,5.72435,5.01523
2009-10-09,5.803999999999999,5.928,5.933,5.705,89951.6,600068,0.04735,0.02401,0.1433,-0.06778,0.107,0.73283,5.7842,5.81419,6.00119,5.72901,5.02542
2009-10-12,5.933,5.997000000000001,6.111000000000001,5.903,121641.88,600068,0.01164,0.01765,0.10789,-0.03196,0.14709,0.72824,5.805,5.842,5.998,5.73526,5.03569
2009-10-13,6.017,6.042000000000001,6.0520000000000005,5.9479999999999995,101327.16,600068,0.0075,0.0428,0.10822,-0.0549,0.14302,0.74826,5.8546,5.8701,5.99234,5.74141,5.0462
2009-10-14,6.086,6.121,6.21,6.042000000000001,156486.11,600068,0.01308,0.08413,0.07859,-0.03515,0.22005,0.88629,5.9496,5.89133,5.98874,5.75038,5.05789
2009-10-15,6.146,6.126,6.19,6.066,120086.13,600068,0.00082,0.08233,0.07098,-0.03588,0.19415,0.87914,6.0428,5.91067,5.98506,5.75848,5.06954
2009-10-16,6.151,6.091,6.166,5.9670000000000005,84122.62,600068,-0.00571,0.0275,0.063,-0.04649,0.15975,0.86269,6.0754,5.92786,5.98027,5.7653,5.08101
2009-10-19,6.066,6.195,6.225,6.0520000000000005,158658.71,600068,0.01707,0.03302,0.09724,-0.05449,0.15903,0.88642,6.115,5.954,5.97452,5.77221,5.09285
2009-10-20,6.23,6.364,6.374,6.185,248560.37,600068,0.02728,0.05329,0.11649,-0.00376,0.19489,0.99436,6.1794,5.98562,5.97413,5.78065,5.10574
2009-10-21,6.324,6.314,6.438,6.265,140196.31,600068,-0.00786,0.03153,0.07417,0.00557,0.15282,0.92794,6.218,6.00638,5.97469,5.78746,5.1181
2009-10-22,6.3389999999999995,6.255,6.3389999999999995,6.245,89545.94,600068,-0.00934,0.02106,0.0685,-0.01325,0.16916,0.99077,6.2438,6.02548,5.97334,5.79481,5.13075
2009-10-23,6.265,6.294,6.393,6.24,133333.16,600068,0.00624,0.03333,0.06085,0.0168,0.1984,0.98737,6.2844,6.04267,5.97502,5.80328,5.14346
2009-10-26,6.284,6.3389999999999995,6.359,6.136,169591.44,600068,0.00715,0.02324,0.03224,0.01505,0.17302,1.07225,6.3132,6.0521,5.97653,5.81089,5.1568
2009-10-27,6.329,6.225,6.377999999999999,6.2,165014.07,600068,-0.01798,-0.02184,0.05099,-0.03757,0.17875,1.01522,6.2854,6.06648,5.97261,5.81856,5.16954
2009-10-28,6.215,6.215,6.265,6.071000000000001,82709.64,600068,-0.00161,-0.01568,0.01536,-0.03238,0.21032,0.96864,6.2656,6.07095,5.96926,5.82734,5.18198
2009-10-29,6.22,6.3389999999999995,6.468,6.166,344945.68,600068,0.01995,0.01343,0.03477,-0.02507,0.23327,0.99214,6.2824,6.0811,5.96663,5.83709,5.19481
2009-10-30,6.412999999999999,6.377999999999999,6.457999999999999,6.314,225372.46,600068,0.00615,0.01335,0.0497,-0.05089,0.24327,1.0325,6.2992,6.09548,5.96111,5.84724,5.20798
2009-11-02,6.279,6.5120000000000005,6.547000000000001,6.215,348415.05,600068,0.02101,0.02729,0.12489,0.04192,0.33034,1.0433,6.3338,6.1299,5.96534,5.86038,5.2215
2009-11-11,6.747000000000001,6.765,6.982,6.676,320722.89,600068,0.03885,0.08675,0.14797,0.07483,0.30876,1.09119,6.4418,6.17143,5.97294,5.87336,5.23585
2009-11-12,6.794,6.847,6.941,6.694,174879.35,600068,0.01212,0.10169,0.18174,0.03805,0.28462,1.10677,6.5682,6.22157,5.97698,5.88569,5.25047
2009-11-13,6.853,6.811,6.853,6.747000000000001,185322.03,600068,-0.00526,0.07446,0.20634,0.03416,0.25595,1.03435,6.6626,6.27705,5.98061,5.89698,5.26454
2009-11-16,6.853,7.04,7.099,6.841,283706.1,600068,0.03362,0.10379,0.24382,0.09181,0.31001,1.25064,6.795,6.34276,5.99016,5.91052,5.28045
2009-11-17,6.982,6.982,7.046,6.876,349090.76,600068,-0.00824,0.07217,0.1778,0.064,0.23292,1.26394,6.889,6.39295,5.99694,5.92124,5.29629
2009-11-18,7.011,6.987,7.105,6.957999999999999,240723.83,600068,0.00072,0.03282,0.16508,0.09291,0.27221,1.32822,6.9334,6.4401,6.00652,5.9334,5.3125
2009-11-19,6.999,7.023,7.07,6.982,206068.09,600068,0.00515,0.0257,0.16236,0.11582,0.28791,1.32165,6.9686,6.48681,6.01827,5.94616,5.32875
2009-11-20,7.07,7.162999999999999,7.251,7.034,359269.87,600068,0.01993,0.05168,0.17023,0.11695,0.37012,1.34161,7.039,6.53643,6.03037,5.96189,5.34543
2009-11-23,7.216,7.287000000000001,7.303999999999999,7.181,294167.95,600068,0.01731,0.03509,0.18952,0.0981,0.37724,1.22504,7.0884,6.59171,6.04087,5.97812,5.36174
2009-11-24,7.334,6.864,7.351,6.835,428714.42,600068,-0.05805,-0.0169,0.12691,0.09649,0.29975,1.05325,7.0648,6.62852,6.05061,5.99099,5.37605
2009-11-25,6.841,7.011,7.04,6.747000000000001,312906.5,600068,0.02142,0.00343,0.13172,0.11907,0.31538,1.12842,7.0696,6.66738,6.06265,6.00466,5.39116
2009-11-26,6.982,6.992999999999999,7.017,6.747000000000001,411846.15,600068,-0.00257,-0.00427,0.09884,0.16414,0.31546,0.9307,7.0636,6.69733,6.07855,6.01829,5.40487
2009-11-27,6.876,6.77,6.946000000000001,6.752999999999999,251088.29,600068,-0.03189,-0.05487,0.07222,0.20441,0.22934,0.8467,6.985,6.71905,6.09708,6.02856,5.41748
2009-11-30,6.765,7.105,7.111000000000001,6.765,318219.4,600068,0.04948,-0.02498,0.13589,0.25641,0.28901,0.82367,6.9486,6.75952,6.12047,6.04151,5.43053
2009-12-01,7.122000000000001,7.105,7.14,6.9639999999999995,288703.12,600068,0.0,0.03511,0.12885,0.34335,0.29962,0.75086,6.9968,6.79814,6.14976,6.05483,5.44291
2009-12-02,7.1579999999999995,7.064,7.175,7.017,271811.6,600068,-0.00577,0.00756,0.11437,0.28623,0.32882,0.63254,7.0074,6.83267,6.17511,6.06904,5.45404
2009-12-03,7.07,7.064,7.146,7.011,222755.54,600068,0.0,0.01015,0.13478,0.24695,0.30597,0.55835,7.0216,6.87262,6.19768,6.0825,5.46433
2009-12-07,7.105,7.216,7.269,7.081,286107.56,600068,0.02152,0.06588,0.16106,0.27266,0.2865,0.72425,7.1108,6.92029,6.22261,6.09556,5.47665
2009-12-08,7.246,7.0520000000000005,7.246,7.046,184194.92,600068,-0.02273,-0.00746,0.11248,0.2911,0.27269,0.53105,7.1002,6.95424,6.24826,6.10785,5.48659
2009-12-09,7.017,6.894,7.04,6.87,151142.72,600068,-0.0224,-0.0297,0.0809,0.23085,0.25414,0.54609,7.058,6.97881,6.26911,6.1192,5.49649
2009-12-10,6.946000000000001,6.928999999999999,7.011,6.864,103599.43,600068,0.00508,-0.01911,0.06404,0.22205,0.22985,0.53705,7.031,6.99867,6.28942,6.12973,5.50633
2009-12-11,6.987,6.952000000000001,6.992999999999999,6.905,104359.36,600068,0.00332,-0.01586,0.02764,0.25555,0.26239,0.64974,7.0086,7.00757,6.31224,6.14148,5.51746
2009-12-14,6.952000000000001,7.117000000000001,7.152,6.935,204049.33,600068,0.02373,-0.01372,0.03943,0.37129,0.27545,0.74779,6.9888,7.02043,6.34332,6.15398,5.52984
2009-12-15,7.162999999999999,7.122000000000001,7.175,7.046,163145.78,600068,0.0007,0.00993,0.04566,0.38157,0.28301,0.76156,7.0028,7.03524,6.37505,6.16675,5.54236
2009-12-16,7.099,7.081,7.199,7.058,149640.25,600068,-0.00576,0.02713,0.00582,0.36567,0.28372,0.75142,7.0402,7.03719,6.40563,6.17947,5.55471
2009-12-17,7.081,6.835,7.1579999999999995,6.806,204523.61,600068,-0.03474,-0.01357,-0.02105,0.2627,0.25229,0.70704,7.0214,7.03019,6.42856,6.19067,5.56622
2009-12-18,6.7589999999999995,6.471,6.8,6.454,232413.59,600068,-0.05326,-0.06919,-0.07385,0.1869,0.17505,0.56267,6.9252,7.00562,6.445,6.1985,5.57569
2009-12-21,6.5120000000000005,6.547000000000001,6.641,6.477,103467.53,600068,0.01174,-0.08009,-0.06778,0.15366,0.21714,0.59411,6.8112,6.98295,6.45906,6.208,5.58561
2009-12-22,6.63,6.354,6.63,6.348,105899.36,600068,-0.02948,-0.10783,-0.11294,0.11084,0.20204,0.40637,6.6576,6.94443,6.46929,6.21668,5.59307
2009-12-23,6.348,6.4479999999999995,6.483,6.307,78069.79,600068,0.01479,-0.08939,-0.11514,0.12531,0.20749,0.46048,6.531,6.90448,6.48087,6.22569,5.60133
2009-12-24,6.459,6.587999999999999,6.6,6.4239999999999995,113596.19,600068,0.02171,-0.03614,-0.04021,0.16684,0.24962,0.46465,6.4816,6.89133,6.49606,6.23639,5.60983
2009-12-25,6.624,6.712000000000001,6.729,6.565,146142.62,600068,0.01882,0.03724,-0.04265,0.17754,0.24319,0.47128,6.5298,6.8771,6.51239,6.24707,5.61857
2009-12-28,6.835,6.888,6.9639999999999995,6.752999999999999,213546.67,600068,0.02622,0.05208,-0.01502,0.17183,0.27461,0.51952,6.598,6.8721,6.52868,6.25913,5.62814
2009-12-29,6.941,6.917000000000001,6.987,6.817,142684.95,600068,0.00421,0.08861,0.02171,0.18159,0.25947,0.51955,6.7106,6.8791,6.54582,6.27072,5.63776
2009-12-30,6.928999999999999,6.928999999999999,6.957999999999999,6.853,152855.62,600068,0.00173,0.0746,-0.02477,0.16787,0.25389,0.59949,6.8068,6.87071,6.56189,6.28212,5.64831
2009-12-31,6.935,6.87,6.992999999999999,6.841,305339.44,600068,-0.00851,0.04281,-0.03308,0.11871,0.24977,0.61343,6.8632,6.85952,6.57365,6.29328,5.65893
2010-01-04,6.917000000000001,6.729,6.917000000000001,6.718,237418.27,600068,-0.02052,0.00253,-0.04742,0.13608,0.21309,0.54654,6.8666,6.84357,6.58665,6.30289,5.6686
2010-01-05,6.63,6.876,6.922999999999999,6.547000000000001,607815.06,600068,0.02185,-0.00174,-0.02661,0.12335,0.23425,0.55918,6.8642,6.83462,6.59882,6.3135,5.67862
2010-01-06,6.8,6.999,7.075,6.782,637284.01,600068,0.01789,0.01185,-0.03007,0.14251,0.25746,0.58348,6.8806,6.82429,6.6129,6.32515,5.68911
2010-01-07,6.952000000000001,6.776,7.04,6.718,471796.61,600068,-0.03186,-0.02208,-0.03914,0.11521,0.17354,0.51962,6.85,6.81114,6.62419,6.3333,5.69852
2010-01-08,6.77,6.735,6.829,6.612,332878.1,600068,-0.00605,-0.01965,-0.02306,0.16341,0.1184,0.55292,6.823,6.80357,6.63945,6.3391,5.70827
2010-01-11,6.864,6.899,6.941,6.688,395311.11,600068,0.02435,0.02526,-0.00433,0.17071,0.12895,0.69592,6.857,6.80214,6.65568,6.3455,5.71978
2010-01-12,6.864,7.064,7.07,6.782,481944.92,600068,0.02392,0.02734,0.01611,0.21919,0.155,0.73265,6.8946,6.80748,6.67616,6.35321,5.73192
2010-01-13,6.952000000000001,7.075,7.31,6.905,877350.29,600068,0.00156,0.01086,-0.0059,0.2531,0.11875,0.69461,6.9098,6.80548,6.69921,6.35932,5.74371
2010-01-14,7.081,7.303999999999999,7.3629999999999995,7.081,730880.48,600068,0.03237,0.07792,0.02555,0.29046,0.14861,0.77024,7.0154,6.81414,6.72573,6.367,5.75663
2010-01-15,7.334,7.292999999999999,7.381,7.24,416419.99,600068,-0.00151,0.08285,0.02994,0.23026,0.17724,0.7633,7.127,6.82424,6.74774,6.37593,5.76946
2010-01-18,7.292999999999999,7.6739999999999995,7.744,7.292999999999999,766495.76,600068,0.05224,0.11234,0.12275,0.27964,0.20038,0.80395,7.282,6.86419,6.77479,6.38634,5.78337
2010-01-19,7.656000000000001,7.785,7.926,7.632999999999999,791490.04,600068,0.01446,0.10207,0.20306,0.28848,0.22714,0.79917,7.4262,6.92676,6.8029,6.39806,5.79742
2010-01-20,7.791,7.551,7.832000000000001,7.515,563656.04,600068,-0.03006,0.06728,0.15335,0.23362,0.18839,0.72161,7.5214,6.97457,6.82597,6.40779,5.81029
2010-01-21,7.609,7.562,7.686,7.3629999999999995,440874.08,600068,0.00146,0.03532,0.19012,0.23441,0.18378,0.68644,7.573,7.0321,6.84913,6.41733,5.8228
2010-01-22,7.433,7.263,7.545,7.105,464764.05,600068,-0.03954,-0.00411,0.1264,0.19242,0.10852,0.62884,7.567,7.0709,6.86803,6.42311,5.8342
2010-01-25,7.222,7.162999999999999,7.351,7.105,216289.98,600068,-0.01377,-0.06659,0.08728,0.15626,0.12132,0.6497,7.4648,7.09829,6.88365,6.42941,5.84567
2010-01-26,7.162999999999999,7.064,7.31,7.005,308068.68,600068,-0.01382,-0.09261,0.05244,0.10999,0.12502,0.63066,7.3206,7.11505,6.89494,6.4358,5.85677
2010-01-27,7.064,7.24,7.369,6.992999999999999,378955.67,600068,0.02492,-0.04119,0.0511,0.14666,0.14214,0.6845,7.2584,7.13181,6.90987,6.44312,5.86873
2010-01-28,7.251,7.269,7.3629999999999995,7.07,310251.1,600068,0.00401,-0.03875,0.05089,0.16211,0.17431,0.71076,7.1998,7.14857,6.92623,6.45189,5.88101
2010-01-29,7.222,7.545,7.65,7.1579999999999995,534440.22,600068,0.03797,0.03883,0.0889,0.19876,0.20817,0.70316,7.2562,7.1779,6.9464,6.46246,5.89367
2010-02-01,7.504,7.5329999999999995,7.7379999999999995,7.334,487707.93,600068,-0.00159,0.05165,0.09651,0.18836,0.16466,0.66181,7.3302,7.20948,6.96566,6.47112,5.90587
2010-02-02,7.58,7.416,7.662000000000001,7.392,238294.41,600068,-0.01553,0.04983,0.1021,0.19133,0.1546,0.66689,7.4006,7.24219,6.98487,6.4792,5.91793
2010-02-03,7.404,7.445,7.539,7.117000000000001,350656.66,600068,0.00391,0.02831,0.08275,0.19791,0.14503,0.70718,7.4416,7.26929,7.00471,6.48686,5.93046
2010-02-04,7.404,7.8260000000000005,8.067,7.334,796813.51,600068,0.05118,0.07663,0.11816,0.23458,0.16458,0.77059,7.553,7.30867,7.02869,6.49585,5.94431
2010-02-05,7.627000000000001,7.8260000000000005,8.038,7.603,654802.63,600068,0.0,0.03724,0.15496,0.22703,0.25216,0.80656,7.6092,7.35867,7.05205,6.50867,5.95851
2010-02-08,7.803,7.973,8.014,7.68,341135.72,600068,0.01878,0.05841,0.18382,0.22436,0.26676,0.78407,7.6972,7.41762,7.07561,6.52232,5.97276
2010-02-09,7.955,7.768,8.02,7.627000000000001,265223.21,600068,-0.02571,0.04746,0.12596,0.14826,0.17768,0.73045,7.7676,7.459,7.09179,6.53185,5.98609
2010-02-10,7.843999999999999,7.779,7.979,7.7379999999999995,213123.46,600068,0.00142,0.04486,0.10122,0.13612,0.18114,0.65194,7.8344,7.49305,7.10682,6.54154,5.99857
2010-02-11,7.856,7.867000000000001,7.914,7.756,214968.43,600068,0.01131,0.00524,0.11194,0.15504,0.22007,0.62844,7.8426,7.53076,7.12385,6.55308,6.01091
2010-02-12,7.914,7.768,7.914,7.709,189422.51,600068,-0.01258,-0.00741,0.06353,0.10341,0.18379,0.63951,7.831,7.55286,7.1356,6.56289,6.02322
2010-02-22,7.791,8.073,8.184,7.715,377734.04,600068,0.03926,0.01254,0.10695,0.15626,0.26279,0.70749,7.851,7.59,7.15319,6.57654,6.03682
2010-02-23,8.067,8.096,8.214,7.909,305176.68,600068,0.00285,0.04222,0.05499,0.15872,0.2863,0.64419,7.9166,7.6101,7.17108,6.5912,6.04972
2010-02-24,8.096,8.231,8.272,8.014,249642.74,600068,0.01667,0.05811,0.05729,0.17201,0.28349,0.66991,8.007,7.63133,7.19056,6.60598,6.06314
2010-02-25,8.243,8.261000000000001,8.401,8.173,354551.69,600068,0.00364,0.05008,0.09403,0.15329,0.24488,0.67261,8.0858,7.66514,7.20827,6.61919,6.07664
2010-02-26,8.208,8.096,8.343,8.067,362703.41,600068,-0.01997,0.04222,0.07062,0.11102,0.29329,0.64754,8.1514,7.69057,7.22132,6.63411,6.08958
2010-03-01,8.096,8.12,8.161,7.979,320269.06,600068,0.00296,0.00582,0.118,0.18298,0.29609,0.66735,8.1608,7.73138,7.24158,6.6492,6.10279
2010-03-02,8.113999999999999,8.061,8.214,8.002,264048.66,600068,-0.00727,-0.00432,0.12537,0.14976,0.34193,0.56981,8.1538,7.77414,7.25852,6.66589,6.11468
2010-03-03,8.067,8.231,8.266,8.067,302805.93,600068,0.02109,0.0,0.1652,0.17703,0.46433,0.58777,8.1538,7.82971,7.27848,6.68711,6.12707
2010-03-04,8.243,7.979,8.413,7.926,453803.5,600068,-0.03062,-0.03414,0.10207,0.17858,0.41096,0.58881,8.0974,7.8649,7.29798,6.70601,6.13909
2010-03-05,8.002,7.997000000000001,8.073,7.837999999999999,236707.25,600068,0.00226,-0.01223,0.10015,0.12555,0.51201,0.65707,8.0776,7.89957,7.31237,6.72802,6.15198
2010-03-08,7.955,8.002,8.02,7.897,141084.27,600068,0.00063,-0.01453,0.06057,0.12625,0.45703,0.60909,8.054,7.92133,7.32684,6.74843,6.16429
2010-03-09,8.026,7.985,8.055,7.891,134308.55,600068,-0.00212,-0.00943,0.06,0.13038,0.40953,0.57154,8.0388,7.94286,7.34169,6.76729,6.1761
2010-03-10,7.961,7.791,8.026,7.744,195121.67,600068,-0.0243,-0.05346,0.05057,0.10292,0.37407,0.51311,7.9508,7.96071,7.35342,6.78454,6.18684
2010-03-11,7.779,7.65,7.843999999999999,7.58,184498.76,600068,-0.0181,-0.04123,0.02754,0.06014,0.40059,0.50265,7.885,7.97048,7.36042,6.80233,6.19724
2010-03-12,7.656000000000001,7.609,7.779,7.568,160792.14,600068,-0.00536,-0.04852,-0.02773,0.07898,0.35851,0.42224,7.8074,7.96014,7.3694,6.81865,6.20642
2010-03-15,7.603,7.6739999999999995,7.686,7.557,106926.23,600068,0.00854,-0.04099,-0.01942,0.11314,0.35344,0.49445,7.7418,7.9529,7.38198,6.83494,6.21674
2010-03-16,7.715,7.7379999999999995,7.7379999999999995,7.645,99474.51,600068,0.00834,-0.03093,-0.02947,0.11676,0.39751,0.63837,7.6924,7.94171,7.39503,6.85284,6.229
2010-03-17,7.744,7.837999999999999,7.862,7.697,213169.78,600068,0.01292,0.00603,0.00901,0.12745,0.51021,0.6425,7.7018,7.94505,7.40932,6.87437,6.24146
2010-03-18,7.85,7.821000000000001,7.914,7.721,117547.14,600068,-0.00217,0.02235,0.0054,0.09892,0.51717,0.58032,7.736,7.94705,7.42068,6.89604,6.25314
2010-03-22,8.008,7.973,8.137,7.914,371080.33,600068,0.01943,0.04784,0.01347,0.11949,0.5377,0.52652,7.8088,7.9521,7.4344,6.91871,6.26432
2010-03-23,8.002,8.061,8.09,7.944,177671.59,600068,0.01104,0.05043,0.03772,0.1384,0.48919,0.54189,7.8862,7.96605,7.45021,6.94024,6.27583
2010-03-24,8.102,8.337,8.478,8.038,500252.72,600068,0.03424,0.07741,0.0327,0.21975,0.52916,0.5627,8.006,7.97862,7.47444,6.96369,6.28804
2010-03-25,8.478,8.372,8.712,8.337,505676.9,600068,0.0042,0.06813,0.03409,0.29377,0.47524,0.65749,8.1128,7.99176,7.5051,6.98562,6.30154
2010-03-26,8.39,8.384,8.442,8.272,234238.18,600068,0.00143,0.07199,0.01859,0.28059,0.46573,0.63431,8.2254,7.99905,7.53473,7.00728,6.31476
2010-03-29,8.36,8.437000000000001,8.554,8.343,215058.8,600068,0.00632,0.0582,0.0213,0.32782,0.47243,0.67834,8.3182,8.00743,7.56832,7.02928,6.32863
2010-03-30,8.448,8.325,8.448,8.283999999999999,178158.8,600068,-0.01327,0.03275,0.02829,0.2911,0.4745,0.67741,8.371,8.01833,7.5986,7.05107,6.34229
2010-03-31,8.325,8.437000000000001,8.507,8.325,174861.73,600068,0.01345,0.01199,0.03904,0.28066,0.48018,0.72184,8.391,8.03343,7.62842,7.07332,6.35667
2010-04-01,8.448,8.571,8.683,8.343,272500.46,600068,0.01588,0.02377,0.06327,0.27697,0.45815,0.73537,8.4308,8.05771,7.6584,7.09521,6.37143
2010-04-02,8.542,8.488999999999999,8.601,8.454,146791.09,600068,-0.00957,0.01252,0.03134,0.23243,0.45012,0.66125,8.4518,8.07,7.68423,7.11663,6.38517
2010-04-06,8.53,8.343,8.583,8.302,228095.88,600068,-0.0172,-0.01114,0.04562,0.20616,0.4062,0.60937,8.433,8.08733,7.70723,7.13623,6.39801
2010-04-07,8.331,8.296,8.413,8.243,157911.1,600068,-0.00563,-0.00348,0.03739,0.19729,0.35092,0.60031,8.4272,8.10157,7.72927,7.15375,6.41066
2010-04-08,8.318999999999999,8.354,8.554,8.283999999999999,239067.05,600068,0.00699,-0.00984,0.04399,0.21601,0.41043,0.67013,8.4106,8.11833,7.75321,7.17351,6.42429
2010-04-09,8.366,8.482999999999999,8.525,8.354,197084.12,600068,0.01544,-0.01027,0.06237,0.26066,0.38588,0.68917,8.393,8.14205,7.7815,7.19272,6.43836
2010-04-12,8.525,8.695,8.712,8.431000000000001,340037.99,600068,0.02499,0.02427,0.11603,0.26454,0.41936,0.67728,8.4342,8.1851,7.81084,7.2136,6.45263
2010-04-13,8.712,8.589,8.8,8.401,316211.22,600068,-0.01219,0.02949,0.12275,0.22718,0.41359,0.72539,8.4834,8.22981,7.83648,7.23403,6.46731
2010-04-14,8.595,8.566,8.624,8.39,164322.45,600068,-0.00268,0.03255,0.12577,0.26417,0.4797,0.70062,8.5374,8.27538,7.86535,7.25661,6.48165
2010-04-15,8.583,8.442,8.601,8.413,143077.48,600068,-0.01448,0.01053,0.10008,0.25345,0.43255,0.681,8.555,8.31195,7.89289,7.27733,6.49556
2010-04-16,8.419,8.39,8.46,8.302,105355.3,600068,-0.00616,-0.01096,0.08426,0.21612,0.44805,0.67733,8.5364,8.343,7.91694,7.29844,6.50933
2010-04-19,8.331,7.879,8.384,7.791,245823.89,600068,-0.06091,-0.09385,0.00523,0.11537,0.3955,0.44489,8.3732,8.34495,7.93008,7.31659,6.51919
2010-04-20,7.891,7.944,7.979,7.662000000000001,192092.24,600068,0.00825,-0.0751,0.01573,0.12283,0.40353,0.48625,8.2442,8.35081,7.9441,7.33516,6.52976
2010-04-21,7.985,8.184,8.208,7.897,219860.81,600068,0.03021,-0.04459,0.02646,0.12048,0.38057,0.52829,8.1678,8.36086,7.95829,7.3535,6.54126
2010-04-22,8.208,8.102,8.343,8.09,232921.59,600068,-0.01002,-0.04027,0.00509,0.11093,0.35101,0.54973,8.0998,8.36281,7.97134,7.37062,6.55294
2010-04-23,8.102,8.167,8.277999999999999,8.038,197200.1,600068,0.00802,-0.02658,-0.02039,0.06424,0.3517,0.54502,8.0552,8.35471,7.97929,7.38789,6.56465
2010-04-26,8.167,7.85,8.266,7.843999999999999,212673.46,600068,-0.03881,-0.00368,-0.06235,0.00835,0.28247,0.56468,8.0494,8.32986,7.98034,7.40195,6.57617
2010-04-27,7.862,7.486000000000001,7.891,7.246,353845.03,600068,-0.04637,-0.05765,-0.10711,-0.00861,0.222,0.45926,7.9578,8.2871,7.97929,7.41301,6.58574
2010-04-28,7.381,7.375,7.656000000000001,7.322,215127.55,600068,-0.01483,-0.09885,-0.12587,-0.02473,0.2108,0.40423,7.796,8.23652,7.97627,7.42345,6.59437
2010-04-29,7.539,7.087000000000001,7.557,7.04,226950.74,600068,-0.03905,-0.12528,-0.14871,-0.02423,0.14399,0.32591,7.593,8.17757,7.97344,7.4307,6.60146
2010-04-30,7.122000000000001,7.162999999999999,7.216,6.853,211085.84,600068,0.01072,-0.12293,-0.151,0.0,0.12555,0.34491,7.3922,8.1169,7.97344,7.4372,6.60892
2010-05-04,6.982,7.087000000000001,7.162999999999999,6.922999999999999,89167.03,600068,-0.01061,-0.0972,-0.17314,0.00326,0.12243,0.29396,7.2396,8.04624,7.97381,7.44348,6.61547
2010-05-05,7.023,7.058,7.075,6.747000000000001,227035.71,600068,-0.00409,-0.05717,-0.16857,-0.02514,0.12838,0.31925,7.154,7.9781,7.97087,7.45001,6.62241
2010-05-06,7.0520000000000005,6.688,7.111000000000001,6.665,243346.22,600068,-0.05242,-0.09315,-0.19837,-0.07993,0.0626,0.27342,7.0166,7.89929,7.9615,7.45321,6.62825
2010-05-07,6.582999999999999,6.301,6.587999999999999,6.278,342459.67,600068,-0.05786,-0.11091,-0.24048,-0.16488,-0.00599,0.16599,6.8594,7.80429,7.94144,7.4529,6.63189
2010-05-10,6.395,6.382999999999999,6.489,6.2010000000000005,186512.27,600068,0.01301,-0.10889,-0.23593,-0.15266,0.02538,0.20867,6.7034,7.71043,7.92289,7.45419,6.63637
2010-05-11,6.518,6.166,6.559,6.154,249175.03,600068,-0.034,-0.12996,-0.27313,-0.16855,-0.00788,0.20078,6.5192,7.6001,7.90273,7.45379,6.64057
2010-05-12,6.077999999999999,6.002000000000001,6.119,5.837999999999999,206652.92,600068,-0.0266,-0.14962,-0.30972,-0.19382,-0.05316,0.1677,6.308,7.47186,7.87945,7.45105,6.64407
2010-05-13,6.013999999999999,6.236000000000001,6.266,5.955,288917.72,600068,0.03899,-0.06758,-0.27396,-0.20317,-0.02226,0.21559,6.2176,7.35981,7.85381,7.44989,6.64857
2010-05-14,6.178,6.166,6.231,6.096,192129.41,600068,-0.01123,-0.02143,-0.28018,-0.21211,-0.05313,0.25965,6.1906,7.24552,7.82703,7.44708,6.65373
2010-05-18,5.75,5.949,6.102,5.691,268866.96,600068,-0.03519,-0.06799,-0.29531,-0.25386,-0.12062,0.1509,6.1038,7.12681,7.79439,7.44045,6.6569
2010-05-19,5.814,5.89,6.066,5.814,177556.64,600068,-0.00992,-0.04476,-0.29797,-0.24176,-0.13977,0.10507,6.0486,7.00776,7.7641,7.43267,6.65918
2010-05-20,5.8839999999999995,5.92,6.0489999999999995,5.843,214887.04,600068,0.00509,-0.01366,-0.24864,-0.23898,-0.13082,0.09165,6.0322,6.91448,7.73411,7.42542,6.6612
2010-05-21,5.773,6.207000000000001,6.218999999999999,5.726,332409.33,600068,0.04848,-0.00465,-0.21866,-0.21101,-0.11832,0.15501,6.0264,6.83176,7.70734,7.41865,6.66459
2010-05-24,6.2829999999999995,6.506,6.542000000000001,6.2829999999999995,362829.89,600068,0.04817,0.05514,-0.20503,-0.16246,-0.06818,0.14886,6.0944,6.75186,7.68698,7.41478,6.66801
2010-05-25,6.442,6.33,6.477,6.266,252837.13,600068,-0.02705,0.06404,-0.21871,-0.2159,-0.09403,0.15259,6.1706,6.66748,7.65887,7.40944,6.67142
2010-05-26,6.319,6.459,6.506,6.301,234703.82,600068,0.02038,0.0966,-0.20913,-0.2022,-0.08031,0.18449,6.2844,6.58614,7.63247,7.40485,6.67551
2010-05-27,6.712000000000001,6.593999999999999,6.765,6.524,397186.98,600068,0.0209,0.11385,-0.16,-0.19888,-0.07944,0.26129,6.4192,6.52633,7.60606,7.40023,6.68106
2010-05-28,6.647,6.489,6.671,6.382999999999999,327408.14,600068,-0.01592,0.04543,-0.13318,-0.2145,-0.10951,0.22642,6.4756,6.47886,7.57748,7.39374,6.68593
2010-05-31,6.489,6.3420000000000005,6.612,6.336,208343.91,600068,-0.02265,-0.02521,-0.14007,-0.21665,-0.07605,0.20091,6.4428,6.42967,7.54919,7.3895,6.69024
2010-06-01,6.278,6.319,6.436,6.178,233721.77,600068,-0.00363,-0.00174,-0.10837,-0.2218,-0.0987,0.18555,6.4406,6.3931,7.52015,7.38387,6.69426
2010-06-02,6.242000000000001,6.382999999999999,6.388999999999999,6.195,141311.4,600068,0.01013,-0.01177,-0.10889,-0.20816,-0.08723,0.20071,6.4254,6.35595,7.49308,7.37891,6.6986
2010-06-03,6.412000000000001,6.36,6.53,6.348,188636.55,600068,-0.0036,-0.03549,-0.10258,-0.22731,-0.06056,0.15489,6.3786,6.32133,7.4629,7.37558,6.70207
2010-06-04,6.313,6.407,6.442,6.289,102099.82,600068,0.00739,-0.01264,-0.09224,-0.19702,-0.09824,0.16237,6.3622,6.29033,7.43755,7.3699,6.70571
2010-06-07,6.225,6.3660000000000005,6.407,6.225,126737.91,600068,-0.0064,0.00378,-0.04815,-0.20395,-0.10401,0.16444,6.367,6.275,7.41124,7.36389,6.70936
2010-06-08,6.442,6.436,6.495,6.33,124809.18,600068,0.011,0.01852,0.02143,-0.1957,-0.0889,0.21068,6.3904,6.28143,7.38598,7.35879,6.71391
2010-06-09,6.436,6.565,6.593999999999999,6.401,170808.77,600068,0.02004,0.02851,0.02851,-0.17783,-0.07064,0.21372,6.4268,6.2901,7.36308,7.35473,6.71861
2010-06-10,6.542000000000001,6.565,6.63,6.477,158980.47,600068,0.0,0.03223,0.06471,-0.15736,-0.09022,0.17044,6.4678,6.3091,7.34331,7.34944,6.7225
2010-06-11,6.612,6.612,6.647,6.5120000000000005,175604.87,600068,0.00716,0.032,0.10163,-0.13569,-0.06239,0.19329,6.5088,6.33814,7.32656,7.34586,6.72685
2010-06-17,6.641,6.612,6.665,6.565,106049.11,600068,0.0,0.03864,0.0603,-0.13103,-0.04091,0.20284,6.558,6.35605,7.31048,7.34357,6.73139
2010-06-21,6.454,6.794,6.806,6.395,290755.39,600068,0.02753,0.05562,0.10185,-0.11467,-0.01948,0.20589,6.6296,6.38595,7.29629,7.34247,6.7361
2010-06-22,6.787999999999999,6.976,7.087000000000001,6.723,346029.36,600068,0.02679,0.0626,0.17263,-0.09848,0.00345,0.26675,6.7118,6.43486,7.284,7.34267,6.74207
2010-06-23,6.952000000000001,6.9639999999999995,7.099,6.8229999999999995,272741.74,600068,-0.00172,0.06078,0.18234,-0.11151,-0.0215,0.24803,6.7916,6.486,7.2699,7.34142,6.7477
2010-06-24,6.982,6.952000000000001,6.999,6.847,105366.44,600068,-0.00172,0.05142,0.17432,-0.11111,-0.02387,0.25239,6.8596,6.53514,7.25589,7.34004,6.75339
2010-06-25,6.9110000000000005,6.853,6.928999999999999,6.747000000000001,107657.22,600068,-0.01424,0.03645,0.10408,-0.14047,-0.0322,0.24239,6.9078,6.5659,7.23782,7.33819,6.75883
2010-06-28,6.847,6.676,6.888,6.63,109024.43,600068,-0.02583,-0.01737,0.02613,-0.17181,-0.02326,0.22316,6.8842,6.574,7.21548,7.33689,6.76378
2010-06-29,6.676,6.278,6.7410000000000005,6.247999999999999,172378.46,600068,-0.05962,-0.10006,-0.00821,-0.24697,-0.02983,0.14,6.7446,6.57152,7.18227,7.33533,6.76691
2010-06-30,6.195,6.119,6.247999999999999,6.031000000000001,132913.4,600068,-0.02533,-0.12134,-0.05264,-0.26911,-0.06537,0.13757,6.5756,6.55533,7.14594,7.33185,6.76992
2010-07-01,6.16,6.031000000000001,6.242000000000001,6.013999999999999,103692.46,600068,-0.01438,-0.13248,-0.08538,-0.28065,-0.05083,0.14094,6.3914,6.52852,7.10798,7.32922,6.77295
2010-07-02,6.042999999999999,6.077999999999999,6.148,5.861000000000001,205896.03,600068,0.00779,-0.11309,-0.06334,-0.2796,-0.05738,0.1382,6.2364,6.50895,7.06994,7.32621,6.77595
2010-07-05,6.013999999999999,6.107,6.207000000000001,5.902,154118.54,600068,0.00477,-0.08523,-0.03705,-0.26643,-0.07301,0.15838,6.1226,6.49776,7.03416,7.3223,6.77935
2010-07-06,6.09,6.254,6.33,6.09,114227.54,600068,0.02407,-0.00382,-0.01029,-0.25874,-0.06824,0.15836,6.1178,6.49467,6.99895,7.31858,6.78282
2010-07-07,6.278,6.407,6.5120000000000005,6.231,159135.96,600068,0.02446,0.04707,0.00376,-0.25248,-0.06983,0.1856,6.1754,6.49581,6.96405,7.31467,6.7869
2010-07-08,6.4479999999999995,6.412000000000001,6.465,6.319,74792.47,600068,0.00078,0.06317,0.00818,-0.24467,-0.07301,0.16752,6.2516,6.49829,6.93055,7.31056,6.79064
2010-07-09,6.5,6.587999999999999,6.682,6.412000000000001,174537.47,600068,0.02745,0.08391,0.02825,-0.21036,-0.04921,0.19218,6.3536,6.5069,6.90224,7.30779,6.79496
2010-07-12,6.694,6.665,6.712000000000001,6.593999999999999,138021.0,600068,0.01169,0.09137,0.04697,-0.1966,-0.02984,0.21248,6.4652,6.52114,6.87594,7.30612,6.7997
2010-07-13,6.63,6.547000000000001,6.63,6.477,129119.58,600068,-0.0177,0.04685,0.01725,-0.2163,-0.02705,0.18028,6.5238,6.52643,6.84679,7.30464,6.80377
2010-07-14,6.577000000000001,6.676,6.729,6.571000000000001,133569.57,600068,0.0197,0.04199,0.01691,-0.21301,-0.02909,0.19835,6.5776,6.53171,6.81765,7.30302,6.80826
2010-07-15,6.6770000000000005,6.526,6.8629999999999995,6.481,168132.04,600068,-0.02247,0.01778,-0.00594,-0.24945,-0.06758,0.17248,6.6004,6.52986,6.78266,7.29917,6.81216
2010-07-16,6.526,6.49,6.606,6.3389999999999995,185405.57,600068,-0.00552,-0.01488,-0.01845,-0.24438,-0.04221,0.124,6.5808,6.52405,6.74881,7.29685,6.81507
2010-07-19,6.419,6.81,6.925,6.33,323934.92,600068,0.04931,0.02176,0.02995,-0.205,0.01114,0.13085,6.6098,6.53348,6.72048,7.29746,6.81828
2010-07-20,6.8629999999999995,7.058,7.129,6.8629999999999995,441958.62,600068,0.03642,0.07805,0.03886,-0.16394,0.02305,0.15497,6.712,6.54605,6.69816,7.29875,6.82213
2010-07-21,7.147,7.0489999999999995,7.245,6.97,408925.38,600068,-0.00128,0.05587,0.01046,-0.15983,-0.00212,0.15255,6.7866,6.54952,6.67653,7.29863,6.82592
2010-07-22,7.093999999999999,7.635,7.742000000000001,7.093999999999999,1039207.32,600068,0.08313,0.16994,0.09635,-0.03097,0.07915,0.20731,7.0084,6.58148,6.6726,7.30318,6.83125
2010-07-23,7.689,7.724,7.742000000000001,7.547000000000001,655377.06,600068,0.01166,0.19014,0.11105,-0.02769,0.0575,0.21466,7.2552,6.61824,6.66905,7.30659,6.8368
2010-07-26,7.724,7.76,7.857,7.582000000000001,511666.15,600068,0.00466,0.1395,0.13235,-0.05181,0.06403,0.25262,7.4452,6.66143,6.66221,7.31039,6.84316
2010-07-27,7.769,8.008,8.07,7.653,680570.33,600068,0.03196,0.1346,0.19952,-0.0116,0.04352,0.25262,7.6352,6.72486,6.66069,7.31311,6.84972
2010-07-28,7.9910000000000005,8.044,8.079,7.9110000000000005,554186.23,600068,0.0045,0.14115,0.2813,-0.01506,0.03327,0.26797,7.8342,6.80895,6.65871,7.31521,6.85663
2010-07-29,8.044,7.893,8.124,7.769,832578.95,600068,-0.01877,0.03379,0.28992,0.00548,0.04529,0.24221,7.8858,6.89343,6.6594,7.31799,6.86289
2010-07-30,7.902,7.813,7.982,7.778,392959.83,600068,-0.01014,0.01152,0.29547,0.04368,0.03319,0.22307,7.9036,6.97829,6.66468,7.32003,6.86868
2010-08-02,7.813,7.946000000000001,8.07,7.742000000000001,475749.67,600068,0.01702,0.02397,0.30734,0.07742,0.09404,0.21276,7.9408,7.06724,6.67389,7.32559,6.87435
2010-08-03,7.982,7.813,8.017000000000001,7.7860000000000005,504933.57,600068,-0.01674,-0.02435,0.27935,0.10244,0.09074,0.22307,7.9018,7.14848,6.6856,7.33087,6.88014
2010-08-04,7.803999999999999,7.813,7.857,7.6,402973.99,600068,0.0,-0.02872,0.24928,0.09074,0.10603,0.24431,7.8556,7.22271,6.69608,7.33696,6.88638
2010-08-05,7.84,8.07,8.186,7.7860000000000005,785937.49,600068,0.03289,0.02242,0.25956,0.1387,0.11464,0.27307,7.891,7.3019,6.71194,7.34371,6.89341
2010-08-06,8.079,8.399,8.506,8.079,907447.8,600068,0.04077,0.075,0.30989,0.19,0.15545,0.35687,8.0082,7.39652,6.73356,7.35289,6.90239
2010-08-09,8.435,8.381,8.452,8.301,434133.0,600068,-0.00214,0.05474,0.27216,0.25314,0.1108,0.34203,8.0952,7.4819,6.76087,7.35969,6.91108
2010-08-10,8.381,7.928,8.381,7.902,540754.61,600068,-0.05405,0.01472,0.1895,0.25821,0.05244,0.22573,8.1182,7.54205,6.78711,7.3629,6.91701
2010-08-11,7.875,8.15,8.248,7.831,455195.36,600068,0.028,0.04313,0.24484,0.27683,0.09898,0.26888,8.1856,7.61838,6.81561,7.36887,6.92403
2010-08-12,8.052999999999999,8.186,8.381,7.999,438704.14,600068,0.00442,0.01437,0.22618,0.3276,0.09953,0.259,8.2088,7.69029,6.84819,7.37489,6.93088
2010-08-13,8.168,8.213,8.301,8.044,303220.84,600068,0.0033,-0.02215,0.2585,0.36838,0.04945,0.22217,8.1716,7.77062,6.88385,7.37804,6.93695
2010-08-16,8.221,8.426,8.47,8.124,593332.43,600068,0.02593,0.00537,0.29831,0.35119,0.07667,0.34816,8.1806,7.86281,6.91918,7.38292,6.94579
2010-08-17,8.506,8.443,8.568,8.372,476126.06,600068,0.00202,0.06496,0.23979,0.36928,0.05895,0.34144,8.2836,7.94057,6.9559,7.38674,6.95453
2010-08-18,8.443,8.692,8.825,8.39,738624.0,600068,0.02949,0.0665,0.23151,0.46109,0.11895,0.31777,8.392,8.01838,7.00015,7.39425,6.96305
2010-08-19,8.639,8.71,8.834,8.585,500482.2,600068,0.00207,0.06401,0.23564,0.47878,0.11968,0.3225,8.4968,8.09748,7.04563,7.40182,6.97168
2010-08-20,8.639,8.514,8.701,8.417,373114.14,600068,-0.0225,0.03665,0.11513,0.43818,0.08224,0.32041,8.557,8.13933,7.08747,7.40708,6.98008
2010-08-23,8.506,8.283999999999999,8.559,8.213,378535.77,600068,-0.02701,-0.01685,0.0725,0.33462,0.06643,0.26242,8.5286,8.166,7.12097,7.41128,6.98708
2010-08-24,8.275,8.372,8.497,8.052999999999999,360842.19,600068,0.01062,-0.00841,0.07887,0.28681,0.03704,0.30956,8.5144,8.19514,7.15106,7.41371,6.99513
2010-08-25,8.275,8.115,8.399,8.097000000000001,309876.95,600068,-0.0307,-0.06638,0.01336,0.28199,0.00235,0.28932,8.399,8.20024,7.17985,7.41386,7.00253
2010-08-26,8.133,8.204,8.31,8.133,195250.0,600068,0.01097,-0.05809,0.01989,0.27017,-0.00328,0.27928,8.2978,8.20786,7.208,7.41364,7.00981
2010-08-27,8.213,8.257,8.337,8.133,228421.0,600068,0.00646,-0.03019,0.04612,0.2522,-0.00048,0.24427,8.2464,8.22519,7.23482,7.41361,7.0164
2010-08-30,8.337,8.736,8.772,8.328,645954.0,600068,0.05801,0.05456,0.11814,0.34628,0.07905,0.39553,8.3368,8.26914,7.27106,7.41881,7.02646
2010-08-31,8.736,8.656,8.763,8.514,353533.0,600068,-0.00916,0.03392,0.08935,0.36487,0.06601,0.38164,8.3936,8.30295,7.30839,7.42317,7.03618
2010-09-01,8.727,8.781,8.967,8.568,564037.0,600068,0.01444,0.08207,0.1239,0.38962,0.08932,0.46179,8.5268,8.34905,7.3481,7.42902,7.04746
2010-09-02,8.834,8.834,8.896,8.71,598008.0,600068,0.00604,0.07679,0.13068,0.38399,0.07326,0.57161,8.6528,8.39767,7.38763,7.43393,7.06052
2010-09-03,8.843,8.967,9.109,8.834,648011.0,600068,0.01506,0.08599,0.11115,0.40991,0.12383,0.58568,8.7948,8.44038,7.42968,7.44196,7.07398
2010-09-06,9.029,8.923,9.1,8.816,328662.0,600068,-0.00491,0.02141,0.06239,0.3927,0.11579,0.68709,8.8322,8.46533,7.47026,7.44949,7.08876
2010-09-07,8.905,8.816,8.905,8.648,495444.0,600068,-0.01199,0.01848,0.0519,0.38486,0.10172,0.60524,8.8642,8.48605,7.50977,7.45611,7.10227
2010-09-08,8.772,8.772,8.825,8.585,380048.0,600068,-0.00499,-0.00102,0.10646,0.36296,0.09856,0.54846,8.8624,8.52624,7.54745,7.4625,7.1149
2010-09-09,8.772,8.612,8.861,8.577,328115.0,600068,-0.01824,-0.02513,0.05669,0.31181,0.10538,0.51887,8.818,8.54824,7.58047,7.46918,7.12686
2010-09-10,8.612,8.656,8.692,8.435,271668.0,600068,0.00511,-0.03468,0.05742,0.31851,0.1315,0.58477,8.7558,8.57062,7.61419,7.47736,7.13984
2010-09-13,8.656,8.648,8.701,8.514,366532.0,600068,-0.00092,-0.03082,0.05296,0.30792,0.13655,0.54401,8.7008,8.59133,7.64703,7.4858,7.15223
2010-09-14,8.621,8.719,8.772,8.621,351071.0,600068,0.00821,-0.011,0.03477,0.31866,0.13617,0.53774,8.6814,8.60529,7.68102,7.4943,7.16462
2010-09-15,8.71,8.443,8.71,8.399,410987.0,600068,-0.03166,-0.03751,0.0,0.24271,0.09111,0.52483,8.6156,8.60529,7.70761,7.50003,7.17643
2010-09-16,8.417,7.973,8.541,7.8839999999999995,525726.0,600068,-0.05567,-0.0742,-0.08272,0.14292,0.01722,0.53622,8.4878,8.57105,7.72369,7.50113,7.18775
2010-09-17,7.999,7.902,8.079,7.795,317343.0,600068,-0.00891,-0.08711,-0.09277,0.13469,0.01036,0.53288,8.337,8.53257,7.73882,7.50179,7.19891
2010-09-20,7.973,8.088,8.204,7.946000000000001,405392.0,600068,0.02354,-0.06475,-0.05004,0.16341,0.01442,0.55988,8.225,8.51229,7.75715,7.50272,7.21072
2010-09-21,8.097000000000001,7.9639999999999995,8.177,7.902,144679.0,600068,-0.01533,-0.08659,-0.03863,0.16212,-0.01203,0.47127,8.074,8.49705,7.77506,7.50193,7.22109
2010-09-27,7.9639999999999995,8.142000000000001,8.195,7.928,192636.0,600068,0.02235,-0.03565,-0.02747,0.21959,-0.02339,0.4934,8.0138,8.4861,7.79871,7.50035,7.23202
2010-09-28,8.124,7.999,8.177,7.973,165328.0,600068,-0.01756,0.00326,-0.01429,0.27413,-0.04455,0.40952,8.019,8.48057,7.82647,7.49732,7.24147
2010-09-29,8.07,7.635,8.07,7.582000000000001,374714.0,600068,-0.04551,-0.03379,-0.06936,0.24775,-0.08934,0.33479,7.9656,8.45348,7.85092,7.49123,7.24925
2010-09-30,7.653,7.724,7.8660000000000005,7.635,344527.0,600068,0.01166,-0.045,-0.06455,0.28072,-0.08451,0.34799,7.8928,8.4281,7.87823,7.48543,7.25736
2010-10-08,7.813,8.035,8.142000000000001,7.706,396684.0,600068,0.04026,0.00892,-0.08024,0.32198,-0.03483,0.42313,7.907,8.39471,7.90979,7.48307,7.26707
2010-10-11,8.115,8.177,8.372,8.079,458023.0,600068,0.01767,0.0043,-0.05534,0.33896,-0.03082,0.43456,7.914,8.3719,7.94318,7.48096,7.27714
2010-10-12,8.177,8.497,8.523,8.088,498258.0,600068,0.03913,0.06226,-0.03234,0.35865,-0.00863,0.44556,8.0136,8.35838,7.97935,7.48036,7.28778
2010-10-13,8.532,8.497,8.683,8.337,459418.0,600068,0.0,0.1129,-0.03815,0.32621,0.00094,0.45149,8.186,8.34233,8.01306,7.48042,7.29853
2010-10-14,8.523,8.15,8.55,7.9910000000000005,673938.0,600068,-0.04084,0.05515,-0.09111,0.27105,-0.02313,0.37367,8.2712,8.30343,8.0411,7.47885,7.30754
2010-10-15,8.15,7.831,8.15,7.778,1097550.0,600068,-0.03914,-0.02539,-0.12238,0.18868,-0.05605,0.2752,8.2304,8.25143,8.06115,7.47507,7.31441
2010-10-18,7.653,7.8839999999999995,7.973,7.653,574792.0,600068,0.00677,-0.03583,-0.10572,0.1829,-0.05626,0.33108,8.1718,8.20705,8.08081,7.47125,7.32238
2010-10-19,7.8839999999999995,8.079,8.124,7.795,561056.0,600068,0.02473,-0.04919,-0.079,0.234,-0.04762,0.31988,8.0882,8.17405,8.10552,7.46797,7.33034
2010-10-20,7.928,8.158999999999999,8.275,7.8839999999999995,668018.0,600068,0.0099,-0.03978,-0.0526,0.22214,-0.06164,0.33186,8.0206,8.15248,8.12944,7.46361,7.33861
2010-10-21,8.221,8.142000000000001,8.283999999999999,8.079,407632.0,600068,-0.00208,-0.00098,-0.05938,0.24762,-0.05204,0.34003,8.019,8.128,8.1555,7.45998,7.347
2010-10-22,8.186,8.381,8.443,8.133,600608.0,600068,0.02935,0.07023,-0.03087,0.29137,-0.0216,0.44775,8.129,8.11529,8.186,7.45847,7.35754
2010-10-25,8.479,8.435,8.585,8.301,673034.0,600068,0.00644,0.06989,-0.03257,0.23862,-0.00083,0.43136,8.2392,8.10176,8.21221,7.45841,7.36787
2010-10-26,8.435,8.283999999999999,8.479,8.15,543737.0,600068,-0.0179,0.02537,-0.01883,0.1737,-0.01263,0.42975,8.2802,8.09419,8.23198,7.45755,7.378
2010-10-27,8.328,8.603,8.79,8.257,1186300.0,600068,0.03851,0.05442,0.07902,0.22046,0.09189,0.52373,8.369,8.12419,8.25705,7.46344,7.39002
2010-10-29,8.781,8.568,8.79,8.328,717619.0,600068,-0.00407,0.05232,0.08428,0.1222,0.07855,0.51378,8.4542,8.1559,8.2721,7.46851,7.40184
2010-11-01,8.639,8.594,8.639,8.426,642467.0,600068,0.00303,0.02541,0.06256,0.11264,0.0501,0.44973,8.4968,8.18,8.28613,7.47185,7.41267
2010-11-02,8.541,9.456,9.456,8.479,2002234.0,600068,0.1003,0.12104,0.18734,0.21856,0.16712,0.57679,8.701,8.25105,8.31348,7.48285,7.42674
2010-11-03,9.447000000000001,9.269,9.757,9.136000000000001,1518057.0,600068,-0.01978,0.1189,0.13842,0.15747,0.13493,0.53409,8.898,8.30471,8.33382,7.49181,7.43985
2010-11-04,9.269,9.429,9.633,9.145,722258.0,600068,0.01726,0.09601,0.17877,0.17218,0.20115,0.54043,9.0632,8.37281,8.35616,7.50465,7.4533
2010-11-05,9.411,9.926,10.033,9.331,1150051.0,600068,0.05271,0.1585,0.30007,0.25757,0.32594,0.62031,9.3348,8.4819,8.38895,7.52449,7.46875
2010-11-08,9.908,9.979,10.201,9.783999999999999,746204.0,600068,0.00534,0.16116,0.29195,0.27723,0.35308,0.63832,9.6118,8.58929,8.42389,7.54566,7.48455
2010-11-09,9.962,9.811,9.962,9.695,570293.0,600068,-0.01684,0.03754,0.22103,0.23471,0.38437,0.5837,9.6828,8.67386,8.45397,7.5678,7.49925
2010-11-10,9.757,9.953,10.166,9.615,598752.0,600068,0.01447,0.07379,0.21719,0.2739,0.3895,0.56395,9.8196,8.75843,8.48848,7.59049,7.51384
2010-11-11,9.988,10.121,10.583,9.935,925780.0,600068,0.01688,0.07339,0.19113,0.29541,0.42811,0.60295,9.958,8.83576,8.52571,7.61515,7.52932
2010-11-12,10.121,9.296,10.219,9.277999999999999,882832.0,600068,-0.08151,-0.06347,0.09403,0.15192,0.31709,0.48617,9.832,8.87381,8.54548,7.63335,7.54168
2010-11-15,9.411,9.935,9.943999999999999,9.287,802029.0,600068,0.06874,-0.00441,0.21902,0.18288,0.4855,0.57849,9.8232,8.95881,8.57026,7.65975,7.55648
2010-11-16,9.943999999999999,9.651,10.201,9.411,886877.0,600068,-0.02859,-0.01631,0.23241,0.15153,0.53166,0.52248,9.7912,9.04548,8.59074,7.68698,7.56994
2010-11-17,9.456,9.509,9.926,9.376,710703.0,600068,-0.01471,-0.04461,0.20611,0.19942,0.48974,0.52755,9.7024,9.12286,8.61624,7.7124,7.58329
2010-11-18,9.615,9.392999999999999,9.749,8.941,585596.0,600068,-0.0122,-0.07193,0.16264,0.15252,0.52335,0.51134,9.5568,9.18543,8.63629,7.73863,7.59621
2010-11-19,9.392999999999999,9.42,9.535,9.065,485550.0,600068,0.00287,0.01334,0.15455,0.15075,0.56948,0.48604,9.5816,9.24548,8.65619,7.76642,7.60874
2010-11-22,9.305,9.571,9.766,9.198,483632.0,600068,0.01603,-0.03664,0.17551,0.16535,0.5348,0.50063,9.5088,9.31352,8.6781,7.79354,7.62172
2010-11-23,9.42,9.269,9.544,8.878,429670.0,600068,-0.03155,-0.03958,0.10595,0.10005,0.50324,0.42337,9.4324,9.35581,8.69169,7.81876,7.63292
2010-11-24,9.305,9.429,9.544,9.234,369595.0,600068,0.01726,-0.00841,0.11784,0.11678,0.58497,0.39379,9.4164,9.40314,8.7076,7.84706,7.64375
2010-11-25,9.544,9.863999999999999,9.935,9.509,766855.0,600068,0.04613,0.05014,0.19073,0.13484,0.6747,0.44063,9.5106,9.47838,8.7265,7.87937,7.65602
2010-11-26,9.855,9.882,10.024,9.731,742954.0,600068,0.00182,0.04904,0.14867,0.13456,0.66926,0.45089,9.603,9.53929,8.7454,7.91158,7.6685
2010-11-29,9.882,10.121,10.166,9.783999999999999,707289.0,600068,0.02419,0.05747,0.18126,0.18875,0.63058,0.43764,9.713,9.61324,8.77132,7.9434,7.68102
2010-11-30,10.21,10.69,11.134,10.21,1576530.0,600068,0.05622,0.15331,0.24389,0.29044,0.6431,0.53108,9.9972,9.71305,8.81013,7.97741,7.6961
2010-12-01,10.743,10.619000000000002,10.965,10.477,747685.0,600068,-0.00664,0.12621,0.12299,0.26839,0.67757,0.51982,10.2352,9.76843,8.84637,8.01228,7.71086
2010-12-02,11.009,10.796,11.364,10.734000000000002,871594.0,600068,0.01667,0.09448,0.16474,0.33038,0.67147,0.53723,10.4216,9.84114,8.88961,8.04754,7.7262
2010-12-03,10.832,10.600999999999999,10.876,10.21,611734.0,600068,-0.01806,0.07276,0.1243,0.29217,0.60767,0.47997,10.5654,9.89695,8.92827,8.08012,7.74017
2010-12-06,10.512,10.77,11.054,10.477,537052.0,600068,0.01594,0.06412,0.08503,0.30435,0.65973,0.47797,10.6952,9.93714,8.96881,8.11493,7.75433
2010-12-07,10.777999999999999,10.761,10.796,10.45,378038.0,600068,-0.00084,0.00664,0.07836,0.2318,0.69678,0.56774,10.7094,9.97438,9.00147,8.15085,7.77017
2010-12-08,10.777999999999999,10.574000000000002,10.876,10.468,381200.0,600068,-0.01738,-0.00424,0.07777,0.22158,0.67337,0.5082,10.7004,10.01071,9.0324,8.18545,7.78466
2010-12-09,10.636,10.228,10.743,10.192,457919.0,600068,-0.03272,-0.05261,0.02763,0.16479,0.60238,0.46261,10.5868,10.02381,9.05574,8.21671,7.79781
2010-12-10,10.184,10.45,10.520999999999999,10.13,370897.0,600068,0.02171,-0.01424,0.03251,0.18293,0.64308,0.54357,10.5566,10.03948,9.08181,8.24996,7.81277
2010-12-13,10.520999999999999,10.991,11.054,10.520999999999999,679420.0,600068,0.05177,0.02052,0.18234,0.22572,0.71547,0.54694,10.6008,10.12019,9.11445,8.28723,7.82857
2010-12-14,11.0,11.187000000000001,11.355,10.841,555156.0,600068,0.01783,0.03959,0.12602,0.25373,0.7573,0.57452,10.686,10.17981,9.15097,8.32642,7.84516
2010-12-15,11.134,11.062000000000001,11.444,10.841,523818.0,600068,-0.01117,0.04615,0.1462,0.25476,0.71877,0.56597,10.7836,10.247,9.18719,8.36403,7.86141
2010-12-16,11.097999999999999,10.912,11.231,10.857999999999999,278690.0,600068,-0.01356,0.06688,0.14754,0.24396,0.66215,0.54473,10.9204,10.31381,9.22171,8.39937,7.87705
2010-12-17,10.929,10.867,10.929,10.698,294620.0,600068,-0.00412,0.0399,0.15693,0.26184,0.65529,0.50596,11.0038,10.384,9.25808,8.43435,7.89189
2010-12-20,11.097999999999999,11.205,11.329,10.61,718096.0,600068,0.0311,0.01947,0.18949,0.29448,0.69465,0.58891,11.0466,10.469,9.29919,8.47169,7.90878
2010-12-21,11.249,11.435,11.515,11.08,570704.0,600068,0.02053,0.02217,0.19475,0.32227,0.72943,0.65869,11.0962,10.55776,9.34415,8.5109,7.92724
2010-12-22,11.453,11.311,11.764000000000001,11.196,558912.0,600068,-0.01084,0.02251,0.2203,0.29728,0.66485,0.63241,11.146,10.655,9.38595,8.54763,7.94505
2010-12-24,11.054,10.636,11.151,10.477,563790.0,600068,-0.05968,-0.02529,0.12801,0.25974,0.52466,0.52992,11.0908,10.71248,9.42132,8.57738,7.96002
2010-12-27,10.698,10.219,10.857999999999999,10.157,568482.0,600068,-0.03921,-0.05963,0.03599,0.2817,0.4674,0.43586,10.9612,10.72938,9.45755,8.60385,7.97263
2010-12-28,10.121,9.926,10.148,9.82,294460.0,600068,-0.02867,-0.11415,0.00445,0.25614,0.42779,0.39371,10.7054,10.73148,9.49019,8.62802,7.98403
2010-12-29,9.935,10.086,10.201,9.917,231620.0,600068,0.01612,-0.11797,-0.00346,0.24703,0.47176,0.42438,10.4356,10.72981,9.52242,8.65431,7.99625
2010-12-30,10.068,10.015,10.157,9.863999999999999,235071.0,600068,-0.00704,-0.11458,-0.06314,0.25753,0.50015,0.46525,10.1764,10.69767,9.5555,8.68146,8.00917
2010-12-31,10.015,10.299000000000001,10.397,10.015,420886.0,600068,0.02836,-0.03168,-0.03013,0.26492,0.64049,0.59156,10.109,10.68243,9.59029,8.71415,8.02474
2011-01-04,10.53,10.539000000000001,10.556,10.272,412158.0,600068,0.0233,0.03131,-0.02381,0.31754,0.72234,0.60974,10.173,10.67019,9.63126,8.75008,8.04096
2011-01-05,10.565,11.0,11.142000000000001,10.388,664967.0,600068,0.04374,0.1082,0.03764,0.44073,0.82391,0.73119,10.3878,10.68919,9.68553,8.79048,8.05985
2011-01-06,11.0,11.097999999999999,11.311,10.832,601320.0,600068,0.00891,0.10034,0.03045,0.43682,0.82593,0.72115,10.5902,10.70481,9.73995,8.83129,8.07875
2011-01-07,11.009,10.929,11.276,10.832,382159.0,600068,-0.01523,0.09126,0.01561,0.36017,0.78959,0.65893,10.773,10.71281,9.78663,8.8705,8.0964
2011-01-10,11.107000000000001,10.956,11.542,10.929,599581.0,600068,0.00247,0.06379,0.03613,0.33986,0.75184,0.6323,10.9044,10.731,9.83145,8.90872,8.11365
2011-01-11,10.956,11.062000000000001,11.267000000000001,10.849,348955.0,600068,0.00968,0.04963,0.08154,0.30187,0.72655,0.60598,11.009,10.77071,9.87282,8.94657,8.13062
2011-01-12,11.097999999999999,11.48,11.498,10.912,625350.0,600068,0.03779,0.04364,0.09856,0.35107,0.79039,0.65968,11.105,10.81976,9.92094,8.98777,8.14917
2011-01-13,11.613,11.036,11.64,10.965,613133.0,600068,-0.03868,-0.00559,0.00409,0.35411,0.67517,0.59273,11.0926,10.8219,9.96748,9.02393,8.16586
2011-01-14,11.009,11.142000000000001,11.355,10.796,429081.0,600068,0.0096,0.01949,-0.00402,0.42281,0.67172,0.62183,11.1352,10.81976,10.02089,9.06033,8.18323
2011-01-17,11.08,10.956,11.293,10.832,417330.0,600068,-0.01669,0.0,-0.00958,0.38965,0.67344,0.62818,11.1352,10.81471,10.07044,9.09618,8.20041
2011-01-18,10.92,10.494000000000002,10.92,10.388,407659.0,600068,-0.04217,-0.05135,-0.03831,0.29892,0.5719,0.52618,11.0216,10.79481,10.10939,9.12722,8.21512
2011-01-19,10.503,11.373,11.409,10.405999999999999,690740.0,600068,0.08376,-0.00932,0.04656,0.39392,0.74272,0.62495,11.0002,10.8189,10.16123,9.16663,8.2329
2011-01-20,11.097999999999999,11.036,11.311,11.009,480520.0,600068,-0.02963,0.0,-0.01508,0.35544,0.70046,0.62869,11.0002,10.81086,10.2079,9.20359,8.25022
2011-01-21,11.08,11.569,11.862,11.027000000000001,928529.0,600068,0.0483,0.03832,0.01172,0.38038,0.69883,0.71774,11.0856,10.81724,10.25932,9.24228,8.26987
2011-01-24,11.719000000000001,11.897,12.208,11.577,960183.0,600068,0.02835,0.08589,0.05181,0.41043,0.6856,0.72445,11.2738,10.84514,10.31516,9.28162,8.29018
2011-01-25,11.719000000000001,11.107000000000001,11.888,10.823,853262.0,600068,-0.0664,0.05841,0.04428,0.34078,0.57568,0.57234,11.3964,10.86757,10.36069,9.31461,8.30662
2011-01-26,11.089,11.790999999999999,11.879000000000001,11.009,653792.0,600068,0.06158,0.03675,0.15383,0.37057,0.54434,0.66657,11.48,10.94243,10.41211,9.3484,8.32579
2011-01-27,11.630999999999998,12.19,12.474,11.542,1054175.0,600068,0.03384,0.10457,0.22809,0.42274,0.5782,0.66895,11.7108,11.05024,10.47053,9.38471,8.34565
2011-01-28,11.985999999999999,12.677999999999999,12.918,11.985999999999999,1018153.0,600068,0.04003,0.09586,0.25699,0.47522,0.63376,0.73838,11.9326,11.17367,10.5364,9.42469,8.36754
2011-01-31,13.095999999999998,13.948,13.948,12.883,1975855.0,600068,0.10017,0.1724,0.39271,0.47504,0.74176,0.81757,12.3428,11.36095,10.60885,9.47298,8.39304
2011-02-01,13.85,13.442,13.859000000000002,13.282,1131751.0,600068,-0.03628,0.21023,0.30518,0.45021,0.67106,0.72665,12.8098,11.51062,10.67616,9.51687,8.41604
2011-02-09,13.22,13.69,14.081,13.050999999999998,1319243.0,600068,0.01845,0.16106,0.29898,0.4519,0.73445,0.813,13.1896,11.66067,10.74489,9.564,8.441
2011-02-10,13.405999999999999,13.007,13.477,12.847000000000001,1080568.0,600068,-0.04989,0.06702,0.18245,0.3104,0.66479,0.72005,13.353,11.75624,10.79458,9.60623,8.46313
2011-02-11,12.9,12.998,13.184000000000001,12.785,615175.0,600068,-0.00069,0.02524,0.1712,0.30254,0.63579,0.78962,13.417,11.84671,10.84327,9.6473,8.48644
2011-02-14,13.007,13.069,13.184000000000001,12.607000000000001,917574.0,600068,0.00546,-0.06302,0.19581,0.33208,0.67272,0.82451,13.2412,11.94862,10.89582,9.69003,8.51045
2011-02-15,13.007,13.238,13.628,12.945,1430159.0,600068,0.01293,-0.01518,0.20829,0.33005,0.69436,0.87401,13.2004,12.05729,10.94881,9.73414,8.53555
2011-02-16,13.095999999999998,12.989,13.095999999999998,12.749,730497.0,600068,-0.01881,-0.05121,0.1742,0.28337,0.60954,0.79406,13.0602,12.14905,10.99506,9.77413,8.55892
2011-02-17,12.989,13.130999999999998,13.290999999999999,12.741,719306.0,600068,0.01093,0.00953,0.14382,0.41254,0.5634,0.80644,13.085,12.22767,11.05692,9.8126,8.58275
2011-02-18,13.095999999999998,13.122,13.389000000000001,12.847000000000001,534368.0,600068,-0.00069,0.00954,0.18902,0.32079,0.56568,0.73917,13.1098,12.327,11.10832,9.85115,8.60542
2011-02-21,12.962,13.264000000000001,13.362,12.918,605870.0,600068,0.01082,0.01492,0.19045,0.37437,0.67306,0.76079,13.1488,12.42805,11.1666,9.89453,8.62872
2011-02-22,13.325999999999999,12.545,13.362,12.519,844859.0,600068,-0.05421,-0.05235,0.14503,0.31928,0.53926,0.69161,13.0102,12.50371,11.21556,9.93026,8.64957
2011-02-23,12.519,12.412,12.661,12.163,682581.0,600068,-0.0106,-0.04442,0.18277,0.32141,0.51625,0.66716,12.8948,12.59505,11.26426,9.96462,8.66976
2011-02-24,12.261,12.448,12.581,12.208,417939.0,600068,0.0029,-0.05201,0.09452,0.32144,0.51565,0.5906,12.7582,12.64624,11.3131,9.99905,8.68854
2011-02-25,12.456,12.482999999999999,12.562999999999999,12.225999999999999,384357.0,600068,0.00281,-0.0487,0.13112,0.30425,0.48149,0.59507,12.6304,12.71514,11.36006,10.03203,8.70748
2011-02-28,12.482999999999999,12.838,13.050999999999998,12.412,610986.0,600068,0.02844,-0.03212,0.10969,0.38505,0.52055,0.61018,12.5452,12.77557,11.41763,10.06776,8.72725
2011-03-01,12.856,12.677999999999999,12.874,12.519,556058.0,600068,-0.01246,0.0106,0.06565,0.34458,0.45858,0.63208,12.5718,12.81276,11.47003,10.10017,8.74721
2011-03-02,12.562999999999999,12.11,12.562999999999999,11.764000000000001,1404250.0,600068,-0.0448,-0.02433,0.0903,0.2277,0.39036,0.55676,12.5114,12.86052,11.50626,10.12781,8.76482
2011-03-03,11.933,11.693,12.03,11.630999999999998,1049249.0,600068,-0.03443,-0.06065,-0.00831,0.18326,0.37339,0.48634,12.3604,12.85586,11.53547,10.15366,8.78037
2011-03-04,11.702,11.817,11.844000000000001,11.595,567256.0,600068,0.0106,-0.05335,-0.0306,0.16757,0.42648,0.52124,12.2272,12.8381,11.56282,10.18238,8.79683
2011-03-07,11.985999999999999,11.940999999999999,11.985999999999999,11.665999999999999,893658.0,600068,0.01049,-0.06987,-0.05813,0.11703,0.4263,0.47913,12.0478,12.803,11.583,10.2114,8.81255
2011-03-08,11.897,11.879000000000001,11.968,11.719000000000001,502873.0,600068,-0.00519,-0.06302,-0.14834,0.11866,0.46383,0.46727,11.888,12.70448,11.60332,10.242,8.82793
2011-03-09,11.985999999999999,12.323,12.51,11.95,1044031.0,600068,0.03738,0.01759,-0.08325,0.14144,0.50207,0.49714,11.9306,12.65119,11.62795,10.27549,8.84457
2011-03-10,12.332,12.048,12.332,11.985999999999999,540263.0,600068,-0.02232,0.03036,-0.11994,0.1365,0.45913,0.45842,12.0016,12.573,11.65129,10.30631,8.85996
2011-03-11,11.95,11.808,12.004000000000001,11.728,485742.0,600068,-0.01992,-0.00076,-0.09218,0.09638,0.35165,0.4585,11.9998,12.5159,11.66803,10.33128,8.87505
2011-03-14,11.728,11.542,11.782,11.435,492381.0,600068,-0.02253,-0.03341,-0.11202,0.07258,0.33341,0.42143,11.92,12.44657,11.68063,10.35475,8.88896
2011-03-15,11.48,11.293,11.48,10.805,810482.0,600068,-0.02157,-0.04933,-0.13589,0.068,0.28607,0.40094,11.8028,12.362,11.69223,10.37517,8.9021
2011-03-16,11.293,11.427,11.435,11.107000000000001,450371.0,600068,0.01187,-0.07271,-0.1368,0.11723,0.29353,0.38829,11.6236,12.27576,11.71156,10.39625,8.91509
2011-03-17,11.355,11.710999999999999,12.092,11.231,1015928.0,600068,0.02485,-0.02797,-0.09839,0.12067,0.30601,0.46773,11.5562,12.2149,11.7319,10.41856,8.93026
2011-03-18,11.835,11.799000000000001,11.897,11.657,384579.0,600068,0.00751,-0.00076,-0.10144,0.07351,0.32231,0.47543,11.5544,12.15148,11.74494,10.44194,8.94572
2011-03-21,11.719000000000001,11.622,12.004000000000001,11.524000000000001,454973.0,600068,-0.015,0.00693,-0.11431,0.03888,0.31828,0.45239,11.5704,12.08005,11.75195,10.46476,8.96043
2011-03-22,11.675,11.364,11.773,11.258,370307.0,600068,-0.0222,0.00629,-0.14324,0.0273,0.29549,0.42317,11.5846,11.98957,11.75682,10.48583,8.97417
2011-03-23,11.311,11.435,11.498,11.097999999999999,518418.0,600068,0.00625,0.0007,-0.08848,0.04793,0.3278,0.46772,11.5862,11.93671,11.76526,10.50878,8.98898
2011-03-24,11.435,11.107000000000001,11.453,11.097999999999999,576559.0,600068,-0.02868,-0.05158,-0.10514,0.02209,0.28316,0.4519,11.4654,11.87457,11.76913,10.52871,9.00303
2011-03-25,11.009,11.116,11.222000000000001,10.982999999999999,569887.0,600068,0.00081,-0.05789,-0.10701,-0.00794,0.28538,0.4609,11.3288,11.81114,11.76769,10.54877,9.01729
2011-03-28,10.937999999999999,10.814,11.107000000000001,10.743,969670.0,600068,-0.02717,-0.06952,-0.1337,-0.05431,0.24028,0.40917,11.1672,11.73167,11.75768,10.5658,9.03005
2011-03-29,10.876,10.92,11.24,10.600999999999999,823580.0,600068,0.0098,-0.03907,-0.1494,-0.03457,0.29338,0.41122,11.0784,11.64033,11.75137,10.58594,9.04299
2011-03-30,10.832,10.645,10.876,10.565,495337.0,600068,-0.02518,-0.06909,-0.16036,0.00085,0.33513,0.35813,10.9204,11.54352,11.75152,10.60767,9.0544
2011-03-31,10.600999999999999,10.414000000000001,10.725,10.352,365860.0,600068,-0.0217,-0.06239,-0.14005,0.01908,0.31789,0.33154,10.7818,11.46276,11.75466,10.62809,9.06494
2011-04-01,10.477,10.548,10.61,10.379000000000001,282685.0,600068,0.01287,-0.0511,-0.09792,0.06266,0.30415,0.32297,10.6682,11.40824,11.76469,10.64809,9.07541
2011-04-06,10.520999999999999,10.814,10.876,10.477,528200.0,600068,0.02522,0.0,-0.08488,0.07218,0.35786,0.34152,10.6682,11.36048,11.77644,10.67126,9.0866
2011-04-07,10.832,10.841,10.929,10.654000000000002,382340.0,600068,0.0025,-0.00723,-0.09212,0.08248,0.33149,0.30035,10.6524,11.3081,11.78976,10.6932,9.09678
2011-04-08,10.849,10.956,11.0,10.743,368511.0,600068,0.01061,0.02922,-0.0777,0.06379,0.36967,0.30865,10.7146,11.26414,11.80035,10.71724,9.10728
2011-04-11,10.974,10.716,11.009,10.698,459405.0,600068,-0.02191,0.029,-0.13041,0.01679,0.40354,0.27815,10.775,11.18762,11.80321,10.74229,9.11676
2011-04-12,10.654000000000002,10.565,10.814,10.485,465173.0,600068,-0.01409,0.00161,-0.12309,-0.03955,0.36781,0.25222,10.7784,11.117,11.79619,10.76539,9.12541
2011-04-13,10.53,10.681,10.69,10.414000000000001,307406.0,600068,0.01098,-0.0123,-0.09544,-0.03757,0.32931,0.283,10.7518,11.06333,11.78947,10.7869,9.13499
2011-04-14,10.681,10.583,10.69,10.548,257401.0,600068,-0.00918,-0.0238,-0.08309,-0.03166,0.29424,0.25436,10.7002,11.01767,11.78389,10.80646,9.14371
2011-04-15,10.565,10.574000000000002,10.627,10.423,254984.0,600068,-0.00085,-0.03487,-0.06367,-0.03487,0.24444,0.2337,10.6238,10.98343,11.77773,10.82335,9.15185
2011-04-18,10.539000000000001,10.592,10.636,10.503,248331.0,600068,0.0017,-0.01157,-0.07307,-0.04249,0.24656,0.24773,10.599,10.94367,11.77015,10.84038,9.1604
2011-04-20,11.177999999999999,11.648,11.648,11.142000000000001,1279232.0,600068,0.0997,0.10251,-0.00538,0.01463,0.4292,0.39614,10.8156,10.94067,11.77285,10.86882,9.17384
2011-04-21,12.607000000000001,11.835,12.607000000000001,11.728,2390786.0,600068,0.01605,0.10804,0.00305,0.0724,0.5113,0.42659,11.0464,10.94238,11.78574,10.90137,9.18822
2011-04-22,11.569,11.205,11.648,11.009,1117631.0,600068,-0.05323,0.05877,-0.03588,0.00565,0.42123,0.34127,11.1708,10.92252,11.78676,10.92837,9.19981
2011-04-25,11.134,10.743,11.142000000000001,10.681,607326.0,600068,-0.04123,0.01598,-0.05465,-0.01944,0.32974,0.26642,11.2046,10.89295,11.78332,10.95003,9.209
2011-04-26,10.707,10.77,10.991,10.663,393932.0,600068,0.00251,0.01681,-0.05815,0.0263,0.32001,0.23864,11.2402,10.86129,11.78777,10.97126,9.21743
2011-04-28,10.77,10.237,10.849,10.21,522759.0,600068,-0.04949,-0.12114,-0.07833,-0.09989,0.25731,0.19187,10.958,10.81986,11.76945,10.98829,9.22413
2011-04-29,10.255,10.334000000000001,10.360999999999999,10.059,305784.0,600068,0.00948,-0.12683,-0.07035,-0.06361,0.23303,0.2064,10.6578,10.78262,11.75813,11.00417,9.23132
2011-05-03,10.343,10.343,10.379000000000001,10.077,294157.0,600068,0.00087,-0.07693,-0.04355,-0.10597,0.2262,0.22518,10.4854,10.76019,11.73835,11.01968,9.23905
2011-05-04,10.308,9.882,10.308,9.846,387561.0,600068,-0.04457,-0.08015,-0.09505,-0.16937,0.1929,0.17783,10.3132,10.71076,11.70585,11.03267,9.24511
2011-05-05,9.882,9.855,10.095,9.82,325757.0,600068,-0.00273,-0.08496,-0.07421,-0.11272,0.14553,0.25079,10.1302,10.67314,11.68566,11.04285,9.25315
2011-05-06,9.855,10.024,10.104,9.828,337218.0,600068,0.01715,-0.02081,-0.03745,-0.14986,0.16993,0.26183,10.0876,10.65457,11.65716,11.05469,9.2616
2011-05-09,10.024,10.184,10.334000000000001,9.953,363769.0,600068,0.01596,-0.01452,-0.03451,-0.16456,0.18501,0.24438,10.0576,10.63724,11.62481,11.06762,9.26973
2011-05-10,10.192,10.201,10.228,10.015,269157.0,600068,0.00167,-0.01373,-0.05669,-0.19538,0.07879,0.25907,10.0292,10.60805,11.58485,11.07367,9.27826
2011-05-11,10.201,10.024,10.201,9.988,309169.0,600068,-0.01735,0.01437,-0.07536,-0.28133,0.08145,0.22738,10.0576,10.56914,11.52156,11.07981,9.28581
2011-05-12,9.926,9.873,9.988,9.855,221101.0,600068,-0.01506,0.00183,-0.09885,-0.26551,0.04709,0.25771,10.0612,10.51757,11.464,11.08342,9.29404
2011-05-13,9.899,9.917,9.953,9.74,228123.0,600068,0.00446,-0.01067,-0.07456,-0.2756,-0.00091,0.32474,10.0398,10.47952,11.40315,11.08335,9.30392
2011-05-16,9.917,9.802,9.979,9.766,242488.0,600068,-0.0116,-0.03751,-0.07222,-0.24641,-0.01774,0.32908,9.9634,10.44319,11.35145,11.08191,9.31378
2011-05-17,9.811,9.873,9.908,9.66,273125.0,600068,0.00724,-0.03215,-0.07565,-0.24042,0.00632,0.39311,9.8978,10.40471,11.30105,11.08241,9.32511
2011-05-18,9.837,10.086,10.121,9.766,347364.0,600068,0.02157,0.00619,-0.04696,-0.22825,0.01336,0.40807,9.9102,10.38105,11.25294,11.0835,9.33699
2011-05-19,10.068,9.882,10.077,9.855,224645.0,600068,-0.02023,0.00091,-0.06544,-0.25351,-0.02361,0.39438,9.912,10.3481,11.19881,11.08155,9.34835
2011-05-20,9.855,9.863999999999999,9.891,9.793,116861.0,600068,-0.00182,-0.00534,-0.06873,-0.24059,0.0611,0.39756,9.9014,10.31343,11.1484,11.08617,9.35976
2011-05-23,9.811,9.935,10.432,9.793,726606.0,600068,0.0072,0.01357,-0.14706,-0.24339,0.0,0.4855,9.928,10.23186,11.09685,11.08617,9.37296
2011-05-24,9.97,10.175,10.299000000000001,9.943999999999999,559770.0,600068,0.02416,0.03059,-0.14026,-0.22458,0.05429,0.61482,9.9884,10.15281,11.04932,11.09043,9.38871
2011-05-25,10.255,10.015,10.317,9.97,422501.0,600068,-0.01572,-0.00704,-0.1062,-0.24495,0.05321,0.56901,9.9742,10.09614,10.99692,11.09454,9.40347
2011-05-26,10.068,9.686,10.166,9.669,330115.0,600068,-0.03285,-0.01983,-0.09839,-0.2279,0.03119,0.57087,9.935,10.04581,10.95081,11.09693,9.41778
2011-05-27,9.633,9.127,9.677,8.994,390893.0,600068,-0.05771,-0.07472,-0.15255,-0.26466,-0.0311,0.52066,9.7876,9.96757,10.89782,11.09454,9.43048
2011-05-30,9.109,9.357999999999999,9.589,8.949,361962.0,600068,0.02531,-0.05808,-0.08586,-0.24823,-0.02225,0.50064,9.6722,9.92571,10.84798,11.09281,9.44317
2011-05-31,9.411,9.312999999999999,9.411,9.065,258133.0,600068,-0.00481,-0.08472,-0.0988,-0.25395,0.00475,0.51038,9.4998,9.8771,10.79685,11.09317,9.45597
2011-06-01,9.234,9.26,9.456,9.198,249771.0,600068,-0.00569,-0.07539,-0.10471,-0.2787,-0.01792,0.55656,9.3488,9.82552,10.73915,11.0918,9.46943
2011-06-02,9.136000000000001,8.994,9.136000000000001,8.896,273235.0,600068,-0.02873,-0.07144,-0.08986,-0.29058,-0.0882,0.52699,9.2104,9.78324,10.67973,11.08472,9.48204
2011-06-03,8.994,9.1,9.127,8.976,165923.0,600068,0.01179,-0.00296,-0.07661,-0.24855,-0.07913,0.53716,9.205,9.74729,10.63118,11.07837,9.49497
2011-06-07,9.1,9.136000000000001,9.136000000000001,8.994,183032.0,600068,0.00396,-0.02372,-0.08859,-0.21868,-0.09732,0.47189,9.1606,9.705,10.58994,11.07036,9.50688
2011-06-08,9.136000000000001,9.269,9.331,9.056000000000001,287075.0,600068,0.01456,-0.00472,-0.08985,-0.21562,-0.13293,0.42468,9.1518,9.66143,10.54884,11.0588,9.51811
2011-06-09,9.323,9.072000000000001,9.323,9.062999999999999,179139.0,600068,-0.02125,-0.0203,-0.11068,-0.24026,-0.14568,0.43318,9.1142,9.60767,10.50256,11.04623,9.52926
2011-06-10,9.054,8.991,9.072000000000001,8.83,206303.0,600068,-0.00893,-0.00033,-0.10305,-0.24312,-0.16719,0.39201,9.1136,9.55848,10.45598,11.03155,9.53955
2011-06-13,8.937999999999999,9.017999999999999,9.054,8.812000000000001,130071.0,600068,0.003,-0.00901,-0.0866,-0.2682,-0.14933,0.36761,9.0972,9.51776,10.40268,11.01868,9.5494
2011-06-14,9.017999999999999,9.332,9.502,8.972999999999999,430380.0,600068,0.03482,0.02145,-0.05899,-0.22543,-0.13352,0.43813,9.1364,9.4899,10.35887,11.00699,9.56096
2011-06-15,9.26,9.404,9.619,9.232999999999999,387950.0,600068,0.00772,0.01456,-0.0406,-0.20359,-0.1261,0.48281,9.1634,9.47095,10.3201,10.99596,9.57341
2011-06-16,9.287,9.198,9.475,9.189,170723.0,600068,-0.02191,0.01389,-0.06837,-0.20308,-0.13013,0.45561,9.1886,9.43881,10.28229,10.98477,9.58511
2011-06-17,9.232999999999999,9.323,9.52,9.198,321813.0,600068,0.01359,0.03693,-0.07565,-0.17444,-0.08848,0.4606,9.255,9.40248,10.25052,10.97741,9.59706
2011-06-20,9.323,9.619,9.637,9.296,454691.0,600068,0.03175,0.06664,-0.02661,-0.15822,-0.07952,0.51242,9.3752,9.38995,10.22135,10.97066,9.61031
2011-06-22,9.691,9.601,9.816,9.556000000000001,343995.0,600068,-0.00187,0.02883,-0.02666,-0.18017,-0.12647,0.49852,9.429,9.37743,10.18732,10.95936,9.62329
2011-06-23,9.601,9.691,9.771,9.35,336903.0,600068,0.00937,0.03052,-0.02456,-0.17866,-0.13373,0.52231,9.4864,9.36581,10.15332,10.9472,9.63681
2011-06-24,9.673,10.453,10.659,9.601,1659994.0,600068,0.07863,0.13644,0.02732,-0.10059,-0.05505,0.62415,9.7374,9.37905,10.13447,10.94224,9.65314
2011-06-27,10.354000000000001,10.515,10.659,10.273,756643.0,600068,0.00593,0.12786,0.04993,-0.07471,-0.03638,0.60168,9.9758,9.40286,10.12077,10.93902,9.6692
2011-06-28,10.488,10.739,10.901,10.3,891569.0,600068,0.0213,0.11644,0.10871,-0.06087,-0.01178,0.6358,10.1998,9.453,10.10955,10.93798,9.68616
2011-06-29,10.640999999999998,10.56,11.052999999999999,10.550999999999998,890800.0,600068,-0.01667,0.09989,0.15701,-0.04925,-0.05756,0.5971,10.3916,9.52124,10.10073,10.93273,9.70221
2011-06-30,10.505999999999998,10.748,10.847000000000001,10.488,438432.0,600068,0.0178,0.10907,0.14854,-0.03311,-0.06008,0.62553,10.603,9.58743,10.09479,10.92715,9.71902
2011-07-01,10.856,10.632,10.972999999999999,10.595999999999998,481985.0,600068,-0.01079,0.01712,0.14163,-0.01683,-0.06003,0.56491,10.6388,9.65024,10.09185,10.92163,9.73463
2011-07-04,10.704,11.044,11.062000000000001,10.704,726216.0,600068,0.03875,0.05031,0.19266,0.01136,0.03836,0.58314,10.7446,9.73519,10.09385,10.92494,9.75116
2011-07-05,11.052999999999999,10.964,11.161,10.802,501300.0,600068,-0.00724,0.02095,0.21903,0.02997,0.0729,0.57438,10.7896,9.829,10.099,10.931,9.76742
2011-07-06,10.901,10.981,11.052999999999999,10.757,377525.0,600068,0.00155,0.03987,0.2067,0.05445,0.10629,0.57955,10.8738,9.91857,10.10815,10.93958,9.7838
2011-07-07,10.981,10.901,11.519,10.865,934157.0,600068,-0.00729,0.01424,0.19319,0.03347,0.08081,0.59069,10.9044,10.00262,10.11384,10.9462,9.80026
2011-07-08,10.847000000000001,10.550999999999998,10.981,10.497,578682.0,600068,-0.03211,-0.00762,0.13831,-0.02432,0.05352,0.58044,10.8882,10.06367,10.1096,10.95056,9.81601
2011-07-11,11.035,10.757,11.187999999999999,10.668,1200363.0,600068,0.01952,-0.02599,0.18574,-0.00775,0.04447,0.71344,10.8308,10.1439,10.10824,10.95428,9.83422
2011-07-12,10.632,11.026,11.466,10.425999999999998,1281395.0,600068,0.02501,0.00565,0.22634,0.00639,0.04621,0.80193,10.8432,10.24081,10.10937,10.95824,9.85416
2011-07-13,10.964,11.026,11.052999999999999,10.847000000000001,648341.0,600068,0.0,0.0041,0.22267,0.02893,0.00236,0.82822,10.8522,10.33643,10.11437,10.95846,9.87447
2011-07-14,11.008,10.829,11.008,10.632,990412.0,600068,-0.01787,-0.0066,0.16042,0.02499,-0.02424,0.78167,10.8378,10.40771,10.11863,10.95627,9.89378
2011-07-15,10.722000000000001,10.65,10.775,10.587,548357.0,600068,-0.01653,0.00938,0.1325,-0.0029,-0.02553,0.7439,10.8576,10.46705,10.11813,10.954,9.91225
2011-07-18,10.65,10.550999999999998,10.713,10.488,456511.0,600068,-0.0093,-0.01915,0.1471,-0.00302,-0.03697,0.68708,10.8164,10.53148,10.11761,10.95071,9.92972
2011-07-19,10.470999999999998,10.470999999999998,10.659,10.444,354934.0,600068,-0.00758,-0.05034,0.12314,-0.00974,-0.05343,0.63431,10.7054,10.58614,10.11595,10.9459,9.94624
2011-07-20,10.587,10.435,10.623,10.345,312504.0,600068,-0.00344,-0.0536,0.08483,-0.01482,-0.09103,0.62742,10.5872,10.625,10.11342,10.93741,9.96259
2011-07-21,10.435,10.435,10.515,10.354000000000001,269605.0,600068,0.0,-0.03638,0.08687,-0.10414,-0.05446,0.58394,10.5084,10.66471,10.09385,10.93252,9.97823
2011-07-22,10.453,10.462,10.550999999999998,10.399000000000001,236578.0,600068,0.00259,-0.01765,0.07956,-0.11601,-0.06103,0.56969,10.4708,10.70143,10.07171,10.92699,9.99366
2011-07-25,10.435,9.888,10.435,9.825,425124.0,600068,-0.05487,-0.06284,-0.05405,-0.11754,-0.09748,0.51031,10.3382,10.67452,10.05047,10.91831,10.00724
2011-07-26,9.888,9.78,9.986,9.682,259503.0,600068,-0.01092,-0.06599,-0.0699,-0.08964,-0.06804,0.46495,10.2,10.63952,10.03494,10.9125,10.01986
2011-07-27,9.717,9.843,9.906,9.565,290011.0,600068,0.00644,-0.05673,-0.08343,-0.08607,-0.13453,0.50827,10.0816,10.59686,10.01998,10.90007,10.03335
2011-07-28,9.682,9.646,9.726,9.565,261261.0,600068,-0.02001,-0.07561,-0.08655,-0.05773,-0.12595,0.48629,9.9238,10.55333,10.01045,10.88876,10.04617
2011-07-29,9.762,9.664,9.995,9.637,350910.0,600068,0.00187,-0.07628,-0.10086,-0.06483,-0.16466,0.41909,9.7642,10.50171,9.99965,10.87328,10.05778
2011-08-01,9.664,9.583,9.673,9.44,157434.0,600068,-0.00838,-0.03085,-0.09866,-0.07348,-0.1945,0.35775,9.7032,10.45176,9.98739,10.85446,10.06804
2011-08-03,9.637,9.601,9.762,9.475,260986.0,600068,0.00188,-0.0183,-0.13066,-0.02844,-0.13559,0.36204,9.6674,10.38305,9.98285,10.84222,10.07841
2011-08-04,9.601,9.753,9.807,9.592,277170.0,600068,0.01583,-0.00914,-0.11045,-0.01035,-0.17284,0.27741,9.6494,10.32538,9.98121,10.82565,10.08702
2011-08-05,9.413,9.511000000000001,9.61,9.054,287506.0,600068,-0.02481,-0.014,-0.13387,-0.05118,-0.21977,0.23136,9.6224,10.25538,9.97294,10.80387,10.09429
2011-08-08,9.323,8.892999999999999,9.413,8.633,418939.0,600068,-0.06498,-0.07978,-0.1842,-0.12677,-0.29855,0.14601,9.4682,10.15976,9.95211,10.7731,10.09889
2011-08-09,8.588,8.731,8.847999999999999,8.346,323270.0,600068,-0.01822,-0.08891,-0.1725,-0.1441,-0.37403,0.09028,9.2978,10.0731,9.9284,10.73068,10.10183
2011-08-10,8.964,8.857000000000001,9.036,8.785,264292.0,600068,0.01443,-0.07749,-0.17663,-0.11642,-0.3411,0.10107,9.149,9.98262,9.90958,10.69341,10.10514
2011-08-11,8.606,8.902000000000001,8.956,8.552,270565.0,600068,0.00508,-0.08726,-0.19264,-0.09835,-0.34974,0.12783,8.9788,9.88148,9.89392,10.65448,10.10924
2011-08-12,9.017999999999999,8.902000000000001,9.045,8.83,309415.0,600068,0.0,-0.06403,-0.19264,-0.10235,-0.3156,0.13938,8.857,9.78033,9.87755,10.62111,10.11367
2011-08-15,8.892999999999999,8.982000000000001,9.009,8.875,192743.0,600068,0.00899,0.01001,-0.17056,-0.08366,-0.30897,0.13038,8.8748,9.69238,9.86432,10.58846,10.11788
2011-08-16,9.009,9.0,9.09,8.929,215588.0,600068,0.002,0.03081,-0.15493,-0.08842,-0.31135,0.15193,8.9286,9.61381,9.85024,10.55537,10.1227
2011-08-17,8.929,8.937999999999999,9.072000000000001,8.92,142261.0,600068,-0.00689,0.00915,-0.15288,-0.11382,-0.32482,0.14399,8.9448,9.537,9.83173,10.52041,10.12728
2011-08-18,8.964,8.749,9.0,8.74,198917.0,600068,-0.02115,-0.01719,-0.16445,-0.11465,-0.32643,0.08414,8.9142,9.455,9.81345,10.48594,10.13004
2011-08-19,8.606,8.543,8.66,8.436,221185.0,600068,-0.02355,-0.04033,-0.18131,-0.13392,-0.3494,0.01714,8.8424,9.3649,9.79215,10.44864,10.13062
2011-08-22,8.543,8.436,8.642000000000001,8.363999999999999,182232.0,600068,-0.01252,-0.06079,-0.19157,-0.15088,-0.35711,0.00656,8.7332,9.26971,9.76797,10.41054,10.13085
2011-08-23,8.507,8.579,8.588,8.418,130709.0,600068,0.01695,-0.04678,-0.17998,-0.15686,-0.35321,0.08211,8.649,9.18005,9.74223,10.37246,10.13349
2011-08-24,8.606,8.66,8.929,8.606,292182.0,600068,0.00944,-0.0311,-0.12419,-0.1353,-0.30969,0.06258,8.5934,9.12157,9.72037,10.34087,10.13557
2011-08-25,8.713,8.866,8.875,8.615,249634.0,600068,0.02379,0.01337,-0.09346,-0.08466,-0.28569,0.08307,8.6168,9.07805,9.70715,10.31204,10.13833
2011-08-26,8.839,8.911,8.947000000000001,8.802999999999999,231262.0,600068,0.00508,0.04308,-0.09469,-0.02367,-0.28414,0.08499,8.6904,9.03367,9.70366,10.28328,10.14117
2011-08-29,8.902000000000001,8.74,8.902000000000001,8.713,174386.0,600068,-0.01919,0.03604,-0.09392,-0.06604,-0.29985,0.03727,8.7512,8.99052,9.69369,10.25285,10.14244
2011-08-30,8.847999999999999,8.677999999999999,8.92,8.651,164919.0,600068,-0.00709,0.01154,-0.10203,-0.06818,-0.32404,0.02783,8.771,8.94357,9.68345,10.21903,10.1434
2011-08-31,8.767000000000001,8.74,8.785,8.651,118720.0,600068,0.00714,0.00924,-0.08797,-0.05616,-0.31062,0.00552,8.787,8.90343,9.67506,10.18702,10.14359
2011-09-01,8.767000000000001,8.588,8.802999999999999,8.552,185663.0,600068,-0.01739,-0.03136,-0.10551,-0.04514,-0.29083,-0.01401,8.7314,8.85519,9.66852,10.15838,10.1431
2011-09-02,8.561,8.408999999999999,8.57,8.4,181118.0,600068,-0.02084,-0.05633,-0.1378,-0.07593,-0.28085,-0.01233,8.631,8.79119,9.65737,10.13168,10.14267
2011-09-05,8.337,8.059,8.337,8.05,217077.0,600068,-0.04162,-0.07792,-0.15267,-0.11789,-0.31802,-0.02716,8.4948,8.72205,9.64,10.10113,10.14176
2011-09-06,8.059,7.835,8.059,7.808,209214.0,600068,-0.0278,-0.09714,-0.11897,-0.15471,-0.34386,-0.06414,8.3262,8.67167,9.61687,10.06775,10.13957
2011-09-07,7.853,8.014,8.032,7.853,164923.0,600068,0.02285,-0.08307,-0.08212,-0.11662,-0.32536,-0.01245,8.181,8.63752,9.59981,10.03633,10.13916
2011-09-08,8.059,7.907,8.095,7.898,118157.0,600068,-0.01335,-0.0793,-0.10726,-0.12057,-0.35835,-0.0362,8.0448,8.59229,9.58232,10.00042,10.13796
2011-09-09,7.996,7.925,8.023,7.862,104660.0,600068,0.00228,-0.05756,-0.10975,-0.1212,-0.34221,-0.04021,7.948,8.54576,9.56469,9.9669,10.13661
2011-09-13,7.853,7.907,8.041,7.808,153659.0,600068,-0.00227,-0.01886,-0.11177,-0.1527,-0.33037,-0.09489,7.9176,8.49838,9.54171,9.93519,10.13324
2011-09-14,7.943,7.925,7.96,7.736000000000001,174558.0,600068,0.00228,0.01149,-0.11768,-0.15727,-0.31338,-0.08445,7.9356,8.44805,9.51785,9.90578,10.13026
2011-09-15,7.943,7.9510000000000005,8.014,7.898,145368.0,600068,0.00328,-0.00786,-0.11656,-0.13557,-0.29594,-0.09452,7.923,8.3981,9.49774,9.87861,10.12689
2011-09-16,7.978,7.925,8.005,7.907,99535.0,600068,-0.00327,0.00228,-0.11334,-0.14995,-0.30647,-0.1029,7.9266,8.34986,9.47519,9.85014,10.1232
2011-09-19,7.888999999999999,7.584,7.907,7.547999999999999,199473.0,600068,-0.04303,-0.04303,-0.13316,-0.21156,-0.3524,-0.15423,7.8584,8.29438,9.44237,9.81659,10.11757
2011-09-20,7.566,7.593,7.709,7.476,139686.0,600068,0.00119,-0.03971,-0.1112,-0.20914,-0.35647,-0.14905,7.7956,8.24914,9.40998,9.78239,10.11217
2011-09-21,7.593,7.88,7.907,7.502999999999999,305644.0,600068,0.0378,-0.00568,-0.06591,-0.18687,-0.32198,-0.10617,7.7866,8.22267,9.38077,9.75197,10.10836
2011-09-22,7.772,7.611000000000001,7.88,7.602,183600.0,600068,-0.03414,-0.04276,-0.11283,-0.27188,-0.33025,-0.13235,7.7186,8.17657,9.33494,9.72146,10.10364
2011-09-23,7.502999999999999,7.745,7.843999999999999,7.441,239893.0,600068,0.01761,-0.02271,-0.10566,-0.26343,-0.32269,-0.10067,7.6826,8.133,9.29026,9.69146,10.10012
2011-09-26,7.647,7.611000000000001,7.745,7.593,150892.0,600068,-0.0173,0.00356,-0.14155,-0.29127,-0.31476,-0.12073,7.688,8.07324,9.23981,9.66303,10.09587
2011-09-27,7.692,7.62,7.718,7.539,117749.0,600068,0.00118,0.00356,-0.14488,-0.27841,-0.3145,-0.11887,7.6934,8.01176,9.19239,9.63461,10.09169
2011-09-28,7.709,7.405,7.718,7.332999999999999,176214.0,600068,-0.02822,-0.06028,-0.15275,-0.31103,-0.31524,-0.15071,7.5984,7.94819,9.13847,9.60689,10.08635
2011-09-29,7.332999999999999,7.234,7.377999999999999,7.207000000000001,158838.0,600068,-0.02309,-0.04953,-0.1664,-0.3196,-0.33755,-0.1432,7.523,7.87943,9.08366,9.57693,10.08143
2011-09-30,7.306,7.181,7.324,7.145,120777.0,600068,-0.00733,-0.07282,-0.17838,-0.34978,-0.32541,-0.09934,7.4102,7.80519,9.02135,9.54876,10.07822
2011-10-10,7.1979999999999995,7.19,7.261,7.172000000000001,86012.0,600068,0.00125,-0.05531,-0.16279,-0.34422,-0.30958,-0.0901,7.326,7.73862,8.96048,9.52255,10.07532
2011-10-11,7.3420000000000005,7.315,7.449,7.207000000000001,176130.0,600068,0.01739,-0.04003,-0.1301,-0.33385,-0.3065,-0.09557,7.265,7.68652,8.90135,9.49627,10.07218
2011-10-12,7.279,7.763,7.8260000000000005,7.207000000000001,345276.0,600068,0.06124,0.04835,-0.03673,-0.28786,-0.28213,-0.02524,7.3366,7.67243,8.85074,9.47146,10.07136
2011-10-13,7.8260000000000005,8.005,8.167,7.8260000000000005,522481.0,600068,0.03117,0.10658,0.0217,-0.2413,-0.2616,-0.01683,7.4908,7.68052,8.80968,9.44841,10.0708
2011-10-14,7.968999999999999,8.068,8.211,7.925,295703.0,600068,0.00787,0.12352,0.00674,-0.24998,-0.2636,0.00863,7.6682,7.6831,8.76631,9.42493,10.07109
2011-10-17,8.068,7.996,8.158,7.934,227648.0,600068,-0.00892,0.1121,0.01126,-0.27481,-0.25383,0.04728,7.8294,7.68733,8.71744,9.40281,10.07255
2011-10-18,7.9510000000000005,7.692,8.05,7.647,317093.0,600068,-0.03802,0.05154,-0.0294,-0.30238,-0.27194,-0.00414,7.9048,7.67624,8.66366,9.37946,10.07242
2011-10-19,7.665,7.521,7.745,7.485,181718.0,600068,-0.02223,-0.03117,-0.04882,-0.30548,-0.29585,-0.06397,7.8564,7.65786,8.61031,9.35376,10.07033
2011-10-20,7.449,7.261,7.4670000000000005,7.1979999999999995,185550.0,600068,-0.03457,-0.09294,-0.08379,-0.31822,-0.3139,-0.11202,7.7076,7.62624,8.55565,9.32676,10.06661
2011-10-21,7.315,7.234,7.332999999999999,7.207000000000001,114449.0,600068,-0.00372,-0.10337,-0.09018,-0.31438,-0.31587,-0.14864,7.5408,7.5921,8.50215,9.2996,10.06148
2011-10-24,7.261,7.396,7.396,7.154,187836.0,600068,0.02239,-0.07504,-0.06675,-0.29367,-0.30174,-0.12958,7.4208,7.5669,8.45255,9.27362,10.057
2011-10-25,7.377999999999999,7.754,7.772,7.315,316317.0,600068,0.0484,0.00806,0.02242,-0.25692,-0.33431,-0.04859,7.4332,7.575,8.40931,9.24196,10.05539
2011-10-26,7.629,7.888999999999999,8.068,7.602,437147.0,600068,0.01741,0.04893,0.03898,-0.24399,-0.33342,0.00741,7.5068,7.5891,8.36824,9.20988,10.05563
2011-10-27,7.88,7.817,8.068,7.754,291181.0,600068,-0.00913,0.07657,-0.00799,-0.25282,-0.30237,-0.0085,7.618,7.5861,8.32558,9.18233,10.05535
2011-10-28,7.934,8.032,8.068,7.88,326122.0,600068,0.0275,0.11031,0.05531,-0.1877,-0.25235,-0.00582,7.7776,7.60614,8.29565,9.16029,10.05516
2011-10-31,7.987,8.256,8.301,7.934,472316.0,600068,0.02789,0.11628,0.06598,-0.15583,-0.23343,0.01189,7.9496,7.63048,8.27106,9.13985,10.05556
2011-11-01,8.185,8.229,8.488999999999999,8.122,485054.0,600068,-0.00327,0.06126,0.0812,-0.16397,-0.19615,0.01069,8.0446,7.6599,8.24503,9.12353,10.05591
2011-11-02,8.041,8.373,8.454,7.996,335794.0,600068,0.0175,0.06135,0.09882,-0.13197,-0.18976,-0.00095,8.1414,7.69576,8.2245,9.10759,10.05588
2011-11-03,8.516,8.355,8.83,8.346,651668.0,600068,-0.00215,0.06882,0.12829,-0.13545,-0.19221,-0.00948,8.249,7.741,8.20339,9.09142,10.05555
2011-11-04,8.4,8.561,8.579,8.31,421867.0,600068,0.02466,0.06586,0.18344,-0.10665,-0.13368,0.03344,8.3548,7.80419,8.1869,9.08068,10.05668
2011-11-07,8.516,8.427,8.785,8.408999999999999,354895.0,600068,-0.01565,0.02071,0.17351,-0.12228,-0.1449,-0.02046,8.389,7.86352,8.16797,9.06907,10.05596
2011-11-08,8.462,8.391,8.543,8.346,244105.0,600068,-0.00427,0.01969,0.16704,-0.13965,-0.16291,-0.02066,8.4214,7.92071,8.146,9.0558,10.05524
2011-11-09,8.445,8.427,8.516,8.22,215832.0,600068,0.00429,0.00645,0.15202,-0.11397,-0.17253,-0.01943,8.4322,7.97367,8.12852,9.04151,10.05457
2011-11-10,8.337,8.211,8.427,8.203,258822.0,600068,-0.02563,-0.01724,0.05771,-0.07669,-0.19508,-0.13166,8.4034,7.995,8.11752,9.02533,10.0495
2011-11-11,8.229,8.176,8.292,8.059,192696.0,600068,-0.00426,-0.04497,0.02136,-0.06357,-0.18436,-0.11792,8.3264,8.00314,8.10856,9.01031,10.04506
2011-11-14,8.292,8.337,8.4,8.229,185336.0,600068,0.01969,-0.01068,0.03334,-0.05871,-0.15558,-0.11581,8.3084,8.01595,8.10018,8.99782,10.04062
2011-11-15,8.318999999999999,8.391,8.471,8.301,168359.0,600068,0.00648,0.0,0.0494,-0.0574,-0.15388,-0.15464,8.3084,8.03476,8.09194,8.98541,10.03438
2011-11-17,8.149,8.113,8.328,8.077,218827.0,600068,-0.03313,-0.03726,0.05473,-0.08863,-0.17231,-0.18699,8.2456,8.05481,8.07921,8.97168,10.0268
2011-11-18,8.068,7.781000000000001,8.193999999999999,7.754,202080.0,600068,-0.04092,-0.05237,0.03457,-0.13371,-0.21189,-0.20691,8.1596,8.06719,8.05984,8.95467,10.01854
2011-11-21,7.7989999999999995,7.888999999999999,7.925,7.709,113523.0,600068,0.01388,-0.0351,0.08649,-0.12344,-0.21783,-0.20737,8.1022,8.0971,8.04192,8.93681,10.01015
2011-11-22,7.79,7.871,7.916,7.754,90233.0,600068,-0.00228,-0.0559,0.08806,-0.11938,-0.2035,-0.22231,8.009,8.12743,8.02471,8.92046,10.00101
2011-11-23,7.871,7.727,7.934,7.709,120733.0,600068,-0.0183,-0.07913,0.04475,-0.11681,-0.21665,-0.16878,7.8762,8.14319,8.00823,8.90309,9.99463
2011-11-24,7.629,7.647,7.709,7.547999999999999,108267.0,600068,-0.01035,-0.05744,-0.0138,-0.10488,-0.2303,-0.2303,7.783,8.1381,7.99377,8.88449,9.98533
2011-11-25,7.638,7.611000000000001,7.7,7.53,101578.0,600068,-0.00471,-0.02185,-0.03524,-0.0978,-0.25199,-0.21138,7.749,8.12486,7.98047,8.86364,9.97704
2011-11-28,7.656000000000001,7.754,7.88,7.656000000000001,260171.0,600068,0.01879,-0.01711,-0.00806,-0.09617,-0.22576,-0.18456,7.722,8.12186,7.96716,8.84526,9.9699
2011-11-29,7.853,7.8260000000000005,7.88,7.763,178208.0,600068,0.00929,-0.00572,-0.02565,-0.0963,-0.19203,-0.16683,7.713,8.11205,7.95371,8.83014,9.96353
2011-11-30,7.7989999999999995,7.575,7.898,7.5120000000000005,216696.0,600068,-0.03207,-0.01967,-0.08249,-0.14561,-0.17004,-0.19586,7.6826,8.07962,7.93289,8.81752,9.95603
2011-12-01,7.808,7.79,7.916,7.736000000000001,207129.0,600068,0.02838,0.0187,-0.05335,-0.1258,-0.16756,-0.18608,7.7112,8.05871,7.91481,8.80477,9.94879
2011-12-02,7.745,7.647,7.772,7.593,91356.0,600068,-0.01836,0.00473,-0.08671,-0.12506,-0.17889,-0.17499,7.7184,8.02414,7.89718,8.79123,9.9422
2011-12-05,7.683,7.351,7.7,7.287999999999999,155109.0,600068,-0.03871,-0.05197,-0.12017,-0.15292,-0.20616,-0.22038,7.6378,7.97633,7.87577,8.77571,9.93375
2011-12-06,7.332999999999999,7.351,7.414,7.27,79028.0,600068,0.0,-0.0607,-0.14134,-0.15892,-0.18268,-0.25476,7.5428,7.91871,7.85337,8.76235,9.92354
2011-12-07,7.396,7.306,7.396,7.252000000000001,72294.0,600068,-0.00612,-0.03551,-0.13302,-0.14928,-0.19714,-0.26068,7.489,7.86533,7.83269,8.74776,9.91307
2011-12-08,7.324,7.36,7.485,7.234,109988.0,600068,0.00739,-0.0552,-0.12287,-0.12475,-0.1944,-0.2728,7.403,7.81624,7.81577,8.73333,9.90184
2011-12-09,7.297000000000001,7.3420000000000005,7.405,7.27,69711.0,600068,-0.00245,-0.03988,-0.12875,-0.08897,-0.2079,-0.31319,7.342,7.76457,7.80421,8.71766,9.88823
2011-12-12,7.351,7.3420000000000005,7.4670000000000005,7.324,111442.0,600068,0.0,-0.00122,-0.10583,-0.06292,-0.1907,-0.3086,7.3402,7.72319,7.79626,8.70359,9.87491
2011-12-13,7.351,7.287999999999999,7.396,7.234,96926.0,600068,-0.00735,-0.00857,-0.10861,-0.09059,-0.18941,-0.32494,7.3276,7.6809,7.78455,8.68975,9.86065
2011-12-14,7.064,6.803999999999999,7.064,6.75,139960.0,600068,-0.06641,-0.06871,-0.18388,-0.1395,-0.24551,-0.35817,7.2272,7.6079,7.76676,8.67175,9.84522
2011-12-15,6.795,6.598,6.795,6.562,93089.0,600068,-0.03028,-0.10353,-0.21368,-0.16744,-0.29297,-0.38737,7.0748,7.52252,7.74535,8.64952,9.82826
2011-12-16,6.562,6.7410000000000005,6.768,6.535,181489.0,600068,0.02167,-0.08186,-0.16911,-0.14746,-0.28318,-0.37357,6.9546,7.45719,7.72655,8.62787,9.81191
2011-12-19,6.7410000000000005,6.6339999999999995,6.7410000000000005,6.437,161972.0,600068,-0.01587,-0.09643,-0.14741,-0.1629,-0.27876,-0.37261,6.813,7.40257,7.70573,8.60702,9.7959
2011-12-20,6.6339999999999995,6.598,6.723,6.571000000000001,95388.0,600068,-0.00543,-0.09468,-0.16365,-0.17017,-0.29229,-0.35491,6.675,7.3411,7.6839,8.58487,9.78114
2011-12-21,6.652,6.49,6.7410000000000005,6.445,131381.0,600068,-0.01637,-0.04615,-0.17545,-0.18107,-0.32529,-0.37895,6.6122,7.27533,7.66076,8.55943,9.76504
2011-12-22,6.517,6.544,6.643,6.292999999999999,147209.0,600068,0.00832,-0.00818,-0.1531,-0.13713,-0.3184,-0.4046,6.6014,7.219,7.64398,8.53458,9.74697
2011-12-23,6.571000000000001,6.678999999999999,6.705,6.499,121466.0,600068,0.02063,-0.0092,-0.12659,-0.12037,-0.3108,-0.40297,6.589,7.1729,7.62924,8.51009,9.72864
2011-12-26,6.607,6.75,6.831,6.571000000000001,168238.0,600068,0.01063,0.01749,-0.11313,-0.1434,-0.35425,-0.3898,6.6122,7.1319,7.61102,8.47998,9.71111
2011-12-27,6.732,6.643,6.813,6.6160000000000005,116796.0,600068,-0.01585,0.00682,-0.14328,-0.12718,-0.36824,-0.39122,6.6212,7.079,7.5954,8.4485,9.69376
2011-12-28,6.6339999999999995,6.7410000000000005,6.75,6.571000000000001,117880.0,600068,0.01475,0.03867,-0.13864,-0.12963,-0.37229,-0.37968,6.6714,7.02733,7.57921,8.416,9.67699
2011-12-29,6.7410000000000005,6.831,6.84,6.678999999999999,123308.0,600068,0.01335,0.04386,-0.09822,-0.10248,-0.35312,-0.39036,6.7288,6.9919,7.56663,8.38568,9.65921
2011-12-30,6.84,6.903,6.921,6.7860000000000005,136137.0,600068,0.01054,0.03354,-0.11386,-0.09409,-0.35774,-0.39633,6.7736,6.94967,7.55506,8.35442,9.64078
2012-01-04,6.947,6.867000000000001,7.037000000000001,6.831,176201.0,600068,-0.00522,0.01733,-0.102,-0.07265,-0.35412,-0.39289,6.797,6.91252,7.54639,8.32381,9.62272
2012-01-05,6.768,6.553,6.885,6.535,215842.0,600068,-0.04573,-0.01355,-0.10856,-0.09414,-0.40665,-0.38388,6.779,6.87452,7.5354,8.2873,9.60612
2012-01-06,6.571000000000001,6.58,6.625,6.437,113948.0,600068,0.00412,-0.02388,-0.10488,-0.08369,-0.39985,-0.3561,6.7468,6.83781,7.52571,8.25166,9.59133
2012-01-09,6.6339999999999995,6.777,6.7860000000000005,6.535,224524.0,600068,0.02994,-0.00791,-0.07241,-0.05744,-0.38284,-0.31725,6.736,6.81262,7.51905,8.21748,9.57853
2012-01-10,6.813,7.064,7.109,6.7589999999999995,362659.0,600068,0.04235,0.02332,-0.04022,-0.03431,-0.35199,-0.29962,6.7682,6.79852,7.515,8.18628,9.56624
2012-01-11,7.0729999999999995,7.055,7.136,6.974,226375.0,600068,-0.00127,0.02738,-0.03909,-0.0912,-0.33134,-0.29556,6.8058,6.78486,7.50358,8.15786,9.55421
2012-01-12,7.046,7.0729999999999995,7.234,7.028,226428.0,600068,0.00255,0.07935,-0.03664,-0.11643,-0.34247,-0.31323,6.9098,6.77205,7.48855,8.12791,9.5411
2012-01-13,7.028,6.795,7.1,6.723,209532.0,600068,-0.0393,0.03267,-0.06765,-0.15778,-0.38373,-0.35525,6.9528,6.74857,7.46802,8.09351,9.52588
2012-01-16,6.7410000000000005,6.544,6.75,6.526,159639.0,600068,-0.03694,-0.03438,-0.03821,-0.18159,-0.40649,-0.40509,6.9062,6.73619,7.4446,8.05707,9.50776
2012-01-17,6.481,6.992000000000001,7.001,6.481,225902.0,600068,0.06846,-0.01019,0.05972,-0.091,-0.35433,-0.36998,6.8918,6.75495,7.43331,8.02588,9.49107
2012-01-18,7.001,6.921,7.055,6.885,167191.0,600068,-0.01015,-0.01899,0.0267,-0.07978,-0.35014,-0.36673,6.865,6.76352,7.42363,7.99556,9.47478
2012-01-19,6.903,7.082000000000001,7.117999999999999,6.867000000000001,203844.0,600068,0.02326,0.00127,0.06753,-0.02465,-0.32878,-0.3536,6.8668,6.78486,7.42074,7.96736,9.45903
2012-01-20,7.109,7.287999999999999,7.3420000000000005,7.109,289488.0,600068,0.02909,0.07255,0.10458,0.00746,-0.30398,-0.34117,6.9654,6.81771,7.42161,7.94148,9.44369
2012-01-30,7.306,7.145,7.306,7.136,145536.0,600068,-0.01962,0.09184,0.10092,-0.03394,-0.31529,-0.37761,7.0856,6.8489,7.41756,7.91473,9.42607
2012-01-31,7.145,7.127000000000001,7.287999999999999,7.0729999999999995,161567.0,600068,-0.00252,0.01931,0.08909,-0.08086,-0.31701,-0.3542,7.1126,6.87667,7.40745,7.88784,9.41018
2012-02-01,7.127000000000001,7.207000000000001,7.27,7.037000000000001,259621.0,600068,0.01122,0.04132,0.07905,-0.08645,-0.31113,-0.35317,7.1698,6.90181,7.39645,7.86137,9.39418
2012-02-02,7.216,7.287999999999999,7.297000000000001,7.136,213864.0,600068,0.01124,0.02909,0.0797,-0.06767,-0.26294,-0.33479,7.211,6.92743,7.38792,7.84024,9.37927
2012-02-03,7.279,7.297000000000001,7.3420000000000005,7.207000000000001,177992.0,600068,0.00123,0.00123,0.09845,-0.09151,-0.25389,-0.30465,7.2128,6.95857,7.37606,7.82005,9.36628
2012-02-06,7.315,7.27,7.332999999999999,7.234,149281.0,600068,-0.0037,0.01749,0.07848,-0.11943,-0.2614,-0.36077,7.2378,6.98376,7.36016,7.79913,9.3496
2012-02-07,7.234,7.046,7.242999999999999,6.992000000000001,151719.0,600068,-0.03081,-0.01137,0.03147,-0.14376,-0.26954,-0.36154,7.2216,6.994,7.34108,7.77799,9.33338
2012-02-08,7.028,7.181,7.207000000000001,7.028,161761.0,600068,0.01916,-0.00361,0.04027,-0.14236,-0.25693,-0.37929,7.2164,7.00724,7.32185,7.7578,9.31554
2012-02-09,7.181,7.207000000000001,7.234,7.154,212753.0,600068,0.00362,-0.01111,0.04951,-0.1374,-0.24794,-0.39422,7.2002,7.02343,7.30334,7.73849,9.29648
2012-02-10,7.207000000000001,7.261,7.315,7.172000000000001,221539.0,600068,0.00749,-0.00493,0.10804,-0.15185,-0.24372,-0.34627,7.193,7.05714,7.28237,7.71946,9.28084
2012-02-13,7.234,7.297000000000001,7.36,7.181,314279.0,600068,0.00496,0.00371,0.10897,-0.13409,-0.25182,-0.38114,7.1984,7.09129,7.26415,7.6995,9.26257
2012-02-14,7.306,7.261,7.332999999999999,7.1979999999999995,156063.0,600068,-0.00493,0.03051,0.07142,-0.13467,-0.23657,-0.40435,7.2414,7.11433,7.24592,7.6812,9.24254
2012-02-15,7.242999999999999,7.332999999999999,7.3420000000000005,7.19,254475.0,600068,0.00992,0.02117,0.03808,-0.12982,-0.17542,-0.4216,7.2718,7.12714,7.22827,7.66852,9.22081
2012-02-16,7.324,7.252000000000001,7.3420000000000005,7.1979999999999995,294451.0,600068,-0.01105,0.00624,0.02792,-0.11679,-0.1694,-0.48007,7.2808,7.13652,7.21281,7.6565,9.19359
2012-02-17,7.297000000000001,7.181,7.306,7.136,411496.0,600068,-0.00979,-0.01102,0.01527,-0.1217,-0.18923,-0.46578,7.2648,7.14167,7.19676,7.64287,9.16814
2012-02-20,7.242999999999999,7.145,7.279,7.136,294866.0,600068,-0.00501,-0.02083,0.05151,-0.14298,-0.19737,-0.47809,7.2344,7.15833,7.17753,7.62859,9.14153
2012-02-21,7.145,7.172000000000001,7.181,7.064,194430.0,600068,0.00378,-0.01226,0.09597,-0.14527,-0.19434,-0.4486,7.2166,7.18824,7.15787,7.61452,9.11781
2012-02-22,7.162999999999999,7.279,7.287999999999999,7.154,337952.0,600068,0.01492,-0.00736,0.04105,-0.1028,-0.1896,-0.43999,7.2058,7.2019,7.14442,7.60067,9.09457
2012-02-23,7.27,7.315,7.324,7.234,336221.0,600068,0.00495,0.00869,0.05693,-0.05989,-0.18722,-0.44028,7.2184,7.22067,7.1369,7.58698,9.07117
2012-02-24,7.315,7.396,7.396,7.287999999999999,503195.0,600068,0.01107,0.02994,0.04434,-0.06249,-0.17252,-0.44131,7.2614,7.23562,7.12895,7.57444,9.04743
2012-02-27,7.422999999999999,7.457999999999999,7.593,7.377999999999999,693798.0,600068,0.00838,0.04381,0.02333,-0.05247,-0.14756,-0.42582,7.324,7.24371,7.12229,7.56394,9.02494
2012-02-28,7.441,7.7989999999999995,7.835,7.396,984827.0,600068,0.04572,0.08742,0.09153,0.00932,-0.08709,-0.40606,7.4494,7.27486,7.12345,7.55789,9.00327
2012-02-29,7.772,7.575,7.772,7.539,483499.0,600068,-0.02872,0.04066,0.06286,-0.00942,-0.10206,-0.42273,7.5086,7.29619,7.12229,7.55089,8.98072
2012-03-01,7.539,7.584,7.6739999999999995,7.5120000000000005,227295.0,600068,0.00119,0.03677,0.05231,-0.00355,-0.11598,-0.42823,7.5624,7.31414,7.12185,7.5428,8.95763
2012-03-02,7.736000000000001,7.683,7.843999999999999,7.557,678444.0,600068,0.01305,0.0388,0.0542,-0.00916,-0.11282,-0.38756,7.6198,7.33295,7.12071,7.53486,8.93787
2012-03-05,7.6739999999999995,7.629,7.745,7.602,358535.0,600068,-0.00703,0.02293,0.0455,-0.02517,-0.13952,-0.38535,7.654,7.34876,7.11753,7.5248,8.91842
2012-03-06,7.593,7.494,7.602,7.449,269988.0,600068,-0.0177,-0.03911,0.03081,-0.01069,-0.15902,-0.39798,7.593,7.35943,7.11623,7.51328,8.89828
2012-03-07,7.405,7.449,7.547999999999999,7.405,214306.0,600068,-0.006,-0.01663,0.0572,-0.04377,-0.14771,-0.40327,7.5678,7.37862,7.11073,7.50279,8.87782
2012-03-08,7.449,7.547999999999999,7.656000000000001,7.432,280914.0,600068,0.01329,-0.00475,0.05111,-0.01295,-0.13021,-0.41206,7.5606,7.3961,7.10913,7.4936,8.85632
2012-03-09,7.557,7.62,7.629,7.485,252834.0,600068,0.00954,-0.0082,0.05731,0.03659,-0.12815,-0.39896,7.548,7.41576,7.11347,7.4845,8.83576
2012-03-12,7.629,7.557,7.638,7.5120000000000005,239584.0,600068,-0.00827,-0.00944,0.04077,0.02802,-0.12005,-0.37597,7.5336,7.42986,7.11679,7.47611,8.81725
2012-03-13,7.557,7.566,7.602,7.53,189753.0,600068,0.00119,0.00961,0.03686,0.03559,-0.10025,-0.35295,7.548,7.44267,7.12098,7.46926,8.80047
2012-03-14,7.602,7.216,7.638,7.117999999999999,501786.0,600068,-0.04626,-0.03128,-0.0062,-0.01957,-0.1046,-0.38935,7.5014,7.44052,7.11866,7.46241,8.78177
2012-03-15,7.207000000000001,7.136,7.315,7.001,336200.0,600068,-0.01109,-0.05458,-0.02686,-0.02806,-0.08922,-0.4024,7.419,7.43114,7.11534,7.45672,8.76224
2012-03-16,7.154,7.207000000000001,7.216,7.019,252349.0,600068,0.00995,-0.0542,-0.00621,-0.01839,-0.1007,-0.3933,7.3364,7.429,7.11316,7.45016,8.74324
2012-03-19,7.1979999999999995,7.405,7.457999999999999,7.117999999999999,421259.0,600068,0.02747,-0.02011,0.03119,0.01605,-0.06349,-0.39909,7.306,7.43967,7.11505,7.44608,8.72325
2012-03-20,7.3420000000000005,7.1979999999999995,7.377999999999999,7.181,244401.0,600068,-0.02795,-0.04864,0.00742,0.05791,-0.09174,-0.40256,7.2324,7.44219,7.1214,7.44017,8.70354
2012-03-21,7.234,7.287999999999999,7.3420000000000005,7.172000000000001,228635.0,600068,0.0125,0.00998,0.01617,0.10458,-0.07829,-0.38279,7.2468,7.44771,7.13253,7.43514,8.68516
2012-03-22,7.297000000000001,7.3420000000000005,7.441,7.181,457764.0,600068,0.00741,0.02887,0.00866,0.08916,-0.07356,-0.36389,7.288,7.45071,7.14223,7.4304,8.66809
2012-03-23,7.297000000000001,7.216,7.297000000000001,7.181,177040.0,600068,-0.01716,0.00125,-0.01353,0.08773,-0.09244,-0.36102,7.2898,7.446,7.15161,7.42442,8.65152
2012-03-26,7.19,7.046,7.216,6.965,212083.0,600068,-0.02356,-0.04848,-0.04732,0.0679,-0.11091,-0.38339,7.218,7.42933,7.15884,7.41728,8.63371
2012-03-27,7.064,6.93,7.117999999999999,6.885,227130.0,600068,-0.01646,-0.03723,-0.0708,0.0678,-0.08623,-0.40825,7.1644,7.40419,7.16594,7.41196,8.61427
2012-03-28,6.921,6.625,6.921,6.5889999999999995,237810.0,600068,-0.04401,-0.09097,-0.15053,0.01238,-0.12749,-0.43851,7.0318,7.34829,7.16724,7.40409,8.59324
2012-03-29,6.6160000000000005,6.374,6.688,6.292999999999999,413099.0,600068,-0.03789,-0.13184,-0.15855,-0.04567,-0.19112,-0.45156,6.8382,7.2911,7.16232,7.39185,8.57191
2012-03-30,6.392,6.419,6.437,6.337999999999999,182942.0,600068,0.00706,-0.11045,-0.15361,-0.04904,-0.15662,-0.43515,6.6788,7.23562,7.15698,7.38215,8.5518
2012-04-05,6.437,6.535,6.544,6.41,228442.0,600068,0.01807,-0.07252,-0.14942,-0.01626,-0.15623,-0.42851,6.5766,7.18095,7.15524,7.37232,8.53189
2012-04-06,6.535,6.535,6.598,6.499,175915.0,600068,0.0,-0.057,-0.1434,-0.03056,-0.14137,-0.41163,6.4976,7.12886,7.15192,7.36357,8.5133
2012-04-09,6.526,6.437,6.571000000000001,6.41,132862.0,600068,-0.015,-0.02838,-0.14105,-0.05768,-0.15525,-0.42092,6.46,7.07852,7.14556,7.35395,8.49428
2012-04-10,6.41,6.526,6.535,6.392,167565.0,600068,0.01383,0.02385,-0.12391,-0.05461,-0.1187,-0.39652,6.4904,7.03457,7.13948,7.3468,8.47685
2012-04-11,6.472,6.517,6.535,6.437,140936.0,600068,-0.00138,0.01527,-0.13659,-0.05097,-0.09912,-0.40321,6.51,6.98548,7.13384,7.34098,8.45895
2012-04-12,6.535,6.607,6.6160000000000005,6.49,260529.0,600068,0.01381,0.01102,-0.13294,0.00824,-0.07993,-0.37933,6.5244,6.93724,7.13471,7.33631,8.44254
2012-04-13,6.625,6.688,6.795,6.625,337608.0,600068,0.01226,0.02341,-0.11499,0.01641,-0.06982,-0.35779,6.555,6.89586,7.13645,7.33223,8.42739
2012-04-16,6.732,6.795,6.867000000000001,6.732,346433.0,600068,0.016,0.05562,-0.1019,0.00266,-0.07109,-0.3558,6.6266,6.85914,7.13674,7.328,8.41213
2012-04-17,6.795,6.67,6.831,6.652,183761.0,600068,-0.0184,0.02207,-0.07567,-0.05578,-0.1408,-0.38321,6.6554,6.83314,7.13039,7.31911,8.39529
2012-04-18,6.7139999999999995,6.813,6.84,6.625,265783.0,600068,0.02144,0.04542,-0.04526,-0.0343,-0.14891,-0.37155,6.7146,6.81776,7.12648,7.30942,8.37891
2012-04-19,6.813,6.831,6.903,6.803999999999999,214915.0,600068,0.00264,0.0339,-0.05217,-0.03421,-0.15332,-0.37651,6.7594,6.79986,7.12258,7.29937,8.36215
2012-04-20,6.813,6.849,6.876,6.7860000000000005,199094.0,600068,0.00264,0.02407,-0.07508,0.00795,-0.14345,-0.36086,6.7916,6.77338,7.12345,7.29004,8.34643
2012-04-23,6.849,6.849,6.956,6.795,244353.0,600068,0.0,0.00795,-0.04849,0.04661,-0.10959,-0.35173,6.8024,6.75676,7.12837,7.28319,8.33132
2012-04-24,6.803999999999999,6.696000000000001,6.867000000000001,6.544,232044.0,600068,-0.02234,0.0039,-0.08123,-0.04233,-0.10969,-0.37309,6.8076,6.72857,7.1236,7.27648,8.31512
2012-04-25,6.7139999999999995,6.795,6.858,6.6339999999999995,266053.0,600068,0.01478,-0.00264,-0.0745,-0.01821,-0.06418,-0.35793,6.804,6.70252,7.12156,7.27269,8.29972
2012-04-26,6.803999999999999,6.795,6.939,6.768,226943.0,600068,0.0,-0.00527,-0.05834,-0.04053,-0.06069,-0.35739,6.7968,6.68248,7.11694,7.26912,8.28436
2012-05-02,6.93,6.885,6.93,6.795,321833.0,600068,0.01325,0.00526,-0.02285,-0.0553,-0.06909,-0.34998,6.804,6.67481,7.11044,7.26497,8.26929
2012-05-03,6.867000000000001,6.956,7.028,6.822,311266.0,600068,0.01031,0.01562,0.00375,-0.02645,-0.10291,-0.40282,6.8254,6.67605,7.10739,7.25848,8.25022
2012-05-04,6.965,6.956,6.992000000000001,6.894,205947.0,600068,0.0,0.03883,0.04996,-0.02399,-0.11827,-0.41225,6.8774,6.69181,7.10463,7.25089,8.23039
2012-05-07,6.903,7.001,7.019,6.885,334239.0,600068,0.00647,0.03032,0.09837,-0.02858,-0.10439,-0.37519,6.9186,6.72167,7.10131,7.24426,8.2133
2012-05-08,6.992000000000001,6.992000000000001,7.037000000000001,6.939,218850.0,600068,-0.00129,0.02899,0.08927,-0.04061,-0.12948,-0.34916,6.958,6.74895,7.09653,7.2358,8.19805
2012-05-09,6.956,6.803999999999999,6.956,6.795,180101.0,600068,-0.02689,-0.01176,0.04116,-0.06756,-0.17587,-0.36825,6.9418,6.76176,7.08858,7.224,8.18193
2012-05-10,6.803999999999999,6.7589999999999995,6.831,6.732,136074.0,600068,-0.00661,-0.02832,0.03428,-0.07029,-0.17864,-0.33975,6.9024,6.77243,7.08034,7.21205,8.16779
2012-05-11,6.7589999999999995,6.6160000000000005,6.831,6.598,231241.0,600068,-0.02116,-0.04888,0.02781,-0.06103,-0.20984,-0.35978,6.8344,6.78095,7.0734,7.19776,8.15267
2012-05-14,6.705,6.562,6.705,6.544,242773.0,600068,-0.00816,-0.06271,0.00552,-0.0862,-0.2146,-0.36556,6.7466,6.78267,7.06342,7.18319,8.1373
2012-05-15,6.49,6.507999999999999,6.526,6.454,184547.0,600068,-0.00823,-0.06922,-0.00138,-0.09699,-0.23981,-0.34143,6.6498,6.78224,7.05215,7.1665,8.12359
2012-05-16,6.507999999999999,6.392,6.517,6.374,197076.0,600068,-0.01782,-0.06055,-0.03254,-0.11968,-0.24149,-0.3514,6.5674,6.772,7.03813,7.14995,8.10951
2012-05-17,6.392,6.462999999999999,6.481,6.347,200741.0,600068,0.01111,-0.04379,-0.03364,-0.11429,-0.22977,-0.35525,6.5082,6.76129,7.02468,7.13428,8.09504
2012-05-18,6.419,6.374,6.428,6.337999999999999,158831.0,600068,-0.01377,-0.03658,-0.06196,-0.12216,-0.24362,-0.37412,6.4598,6.74124,7.01037,7.11759,8.07955
2012-05-21,6.374,6.382999999999999,6.462999999999999,6.32,190646.0,600068,0.00141,-0.02728,-0.04303,-0.12955,-0.22263,-0.37428,6.424,6.72757,6.99505,7.10272,8.06403
2012-05-22,6.419,6.445,6.445,6.382999999999999,192476.0,600068,0.00971,-0.00968,-0.05401,-0.11128,-0.21172,-0.35704,6.4114,6.71005,6.98203,7.08865,8.04948
2012-05-23,6.445,6.535,6.544,6.428,271098.0,600068,0.01396,0.02237,-0.04333,-0.08996,-0.21614,-0.33809,6.44,6.69595,6.97161,7.074,8.03591
2012-05-24,6.507999999999999,6.462999999999999,6.571000000000001,6.437,188304.0,600068,-0.01102,0.0,-0.05636,-0.09545,-0.22977,-0.34829,6.44,6.67757,6.96061,7.05833,8.02187
2012-05-25,6.454,6.437,6.481,6.374,141173.0,600068,-0.00402,0.00988,-0.06015,-0.10248,-0.20658,-0.3433,6.4526,6.65795,6.94876,7.0447,8.00819
2012-05-28,6.41,6.795,6.803999999999999,6.365,575064.0,600068,0.05562,0.06455,0.01478,-0.06649,-0.12672,-0.31176,6.535,6.66267,6.94095,7.03668,7.99568
2012-05-29,6.858,6.876,6.947,6.777,723821.0,600068,0.01192,0.06687,0.01192,-0.06001,-0.12841,-0.31826,6.6212,6.66652,6.93387,7.02845,7.98263
2012-05-30,6.858,6.813,6.885,6.7589999999999995,319817.0,600068,-0.00916,0.04254,0.00265,-0.07883,-0.13442,-0.31056,6.6768,6.66738,6.92447,7.01985,7.97015
2012-05-31,6.75,6.696000000000001,6.795,6.67,245174.0,600068,-0.01717,0.03605,-0.02745,-0.10217,-0.13343,-0.32117,6.7234,6.65838,6.91218,7.01146,7.95728
2012-06-01,6.696000000000001,6.67,6.768,6.652,179827.0,600068,-0.00388,0.0362,-0.04112,-0.14476,-0.12776,-0.32864,6.77,6.64476,6.89397,7.00352,7.944
2012-06-04,6.5889999999999995,6.437,6.5889999999999995,6.419,196369.0,600068,-0.03493,-0.05269,-0.07461,-0.15023,-0.15425,-0.36737,6.6984,6.62005,6.87561,6.99398,7.92881
2012-06-05,6.454,6.445,6.49,6.419,123115.0,600068,0.00124,-0.06268,-0.07942,-0.15018,-0.16882,-0.35647,6.6122,6.59357,6.85724,6.98333,7.9143
2012-06-06,6.472,6.428,6.49,6.392,118956.0,600068,-0.00264,-0.05651,-0.08066,-0.16335,-0.17864,-0.33636,6.5352,6.56671,6.837,6.97197,7.90105
2012-06-07,6.49,6.356,6.507999999999999,6.311,207879.0,600068,-0.0112,-0.05078,-0.06584,-0.16686,-0.16092,-0.3036,6.4672,6.54538,6.81647,6.96206,7.88979
2012-06-08,6.41,6.347,6.419,6.32,195651.0,600068,-0.00142,-0.04843,-0.06096,-0.15306,-0.18524,-0.32176,6.4026,6.52576,6.79797,6.95033,7.87755
2012-06-11,6.365,6.419,6.454,6.337999999999999,138337.0,600068,0.01134,-0.0028,-0.02978,-0.13827,-0.16059,-0.31075,6.399,6.51638,6.78135,6.94034,7.86578
2012-06-12,6.392,6.374,6.41,6.329,126763.0,600068,-0.00701,-0.01102,-0.02865,-0.15554,-0.13291,-0.31166,6.3848,6.50743,6.76242,6.9324,7.85405
2012-06-13,6.392,6.445,6.454,6.356,150282.0,600068,0.01114,0.00264,-0.00968,-0.1542,-0.12325,-0.28341,6.3882,6.50443,6.74347,6.92503,7.84369
2012-06-14,6.445,6.401,6.445,6.374,131353.0,600068,-0.00683,0.00708,0.00141,-0.15297,-0.12387,-0.29659,6.3972,6.50486,6.72482,6.91767,7.83272
2012-06-15,6.428999999999999,6.428999999999999,6.456,6.347,159873.0,600068,0.00437,0.01292,-0.00526,-0.15028,-0.12649,-0.2963,6.4136,6.50324,6.70648,6.91011,7.82172
2012-06-18,6.447,6.438,6.51,6.419,194285.0,600068,0.0014,0.00296,0.01004,-0.10782,-0.12313,-0.30543,6.4174,6.50629,6.69394,6.90276,7.81021
2012-06-19,6.447,6.382999999999999,6.447,6.356,117107.0,600068,-0.00854,0.00141,0.0,-0.10552,-0.13062,-0.29641,6.4192,6.50629,6.68179,6.89496,7.79928
2012-06-20,6.41,6.41,6.438,6.382999999999999,101441.0,600068,0.00423,-0.00543,-0.00543,-0.11059,-0.12047,-0.28706,6.4122,6.50462,6.66894,6.88782,7.78878
2012-06-21,6.41,6.31,6.428999999999999,6.292000000000001,152119.0,600068,-0.0156,-0.01422,-0.03443,-0.14787,-0.0726,-0.30029,6.394,6.4939,6.65127,6.8838,7.77778
2012-06-25,6.329,6.156000000000001,6.392,6.147,209140.0,600068,-0.02441,-0.04246,-0.0475,-0.14476,-0.06699,-0.34033,6.3394,6.47929,6.63447,6.88021,7.76487
2012-06-26,6.11,6.047000000000001,6.119,5.892,201636.0,600068,-0.01771,-0.06073,-0.06059,-0.17028,-0.10295,-0.35698,6.2612,6.46071,6.61445,6.87457,7.75122
2012-06-27,6.047000000000001,5.965,6.056,5.938,113625.0,600068,-0.01356,-0.06549,-0.12215,-0.18755,-0.10084,-0.35149,6.1776,6.42119,6.59224,6.86913,7.73808
2012-06-28,5.974,5.892,6.01,5.892,117456.0,600068,-0.01224,-0.08081,-0.14311,-0.18348,-0.107,-0.36801,6.074,6.37433,6.57089,6.86339,7.72413
2012-06-29,5.865,5.938,5.965,5.847,115533.0,600068,0.00781,-0.05895,-0.12843,-0.15725,-0.08505,-0.38268,5.9996,6.33267,6.55302,6.8589,7.70917
2012-07-02,5.992000000000001,5.947,6.019,5.938,116766.0,600068,0.00152,-0.03395,-0.11186,-0.14185,-0.09123,-0.38059,5.9578,6.297,6.53716,6.85405,7.69431
2012-07-03,5.947,5.947,6.01,5.928,100829.0,600068,0.0,-0.01654,-0.1084,-0.10234,-0.1096,-0.38634,5.9378,6.26257,6.52623,6.8481,7.67909
2012-07-04,5.947,5.882999999999999,5.974,5.847,125390.0,600068,-0.01076,-0.01375,-0.08606,-0.07703,-0.12844,-0.4372,5.9214,6.23619,6.51831,6.84105,7.66052
2012-07-05,5.847,5.692,5.847,5.683,152185.0,600068,-0.03247,-0.03394,-0.11683,-0.11326,-0.14316,-0.45868,5.8814,6.20033,6.50658,6.83332,7.64091
2012-07-06,5.728,5.71,5.747000000000001,5.574,191579.0,600068,0.00316,-0.0384,-0.1117,-0.12624,-0.15294,-0.46829,5.8358,6.16614,6.49327,6.82493,7.62047
2012-07-09,5.683,5.492000000000001,5.683,5.474,130514.0,600068,-0.03818,-0.07651,-0.13593,-0.1596,-0.19602,-0.47992,5.7448,6.125,6.47645,6.81405,7.59987
2012-07-10,5.465,5.465,5.51,5.437,125215.0,600068,-0.00492,-0.08105,-0.13896,-0.151,-0.20832,-0.49153,5.6484,6.083,6.46077,6.80236,7.57839
2012-07-11,5.474,5.528,5.547000000000001,5.465,124880.0,600068,0.01153,-0.06034,-0.13881,-0.15293,-0.19499,-0.48006,5.5774,6.04057,6.44468,6.79147,7.55764
2012-07-12,5.528,5.582999999999999,5.582999999999999,5.456,170986.0,600068,0.00995,-0.01915,-0.1241,-0.14332,-0.14802,-0.49448,5.5556,6.0029,6.42961,6.78359,7.53544
2012-07-13,5.556,5.556,5.6370000000000005,5.537000000000001,119099.0,600068,-0.00484,-0.02697,-0.13794,-0.15907,-0.15562,-0.49325,5.5248,5.96057,6.41266,6.77526,7.51346
2012-07-16,5.574,5.392,5.5920000000000005,5.382999999999999,152668.0,600068,-0.02952,-0.01821,-0.15763,-0.19378,-0.20437,-0.50897,5.5048,5.91252,6.39176,6.764,7.49074
2012-07-17,5.392,5.41,5.428,5.356,104440.0,600068,0.00334,-0.01006,-0.1585,-0.20383,-0.23414,-0.50372,5.4938,5.864,6.36942,6.75055,7.46842
2012-07-18,5.401,5.474,5.474,5.365,103821.0,600068,0.01183,-0.00977,-0.14974,-0.17931,-0.2241,-0.48119,5.483,5.8181,6.35013,6.7377,7.44778
2012-07-19,5.465,5.5920000000000005,5.71,5.447,215510.0,600068,0.02156,0.00161,-0.12392,-0.17922,-0.20939,-0.48015,5.4848,5.78043,6.33044,6.72566,7.42678
2012-07-20,5.601,5.528,5.627999999999999,5.51,115382.0,600068,-0.01144,-0.00504,-0.1376,-0.19075,-0.18646,-0.49864,5.4792,5.73843,6.30942,6.71536,7.40443
2012-07-23,5.501,5.528,5.5920000000000005,5.483,132618.0,600068,0.0,0.02522,-0.12393,-0.19287,-0.15526,-0.49864,5.5064,5.70119,6.28811,6.7071,7.38209
2012-07-24,5.501,5.537000000000001,5.582999999999999,5.474,81679.0,600068,0.00163,0.02348,-0.10055,-0.19156,-0.20809,-0.48869,5.5318,5.67171,6.26695,6.69527,7.36057
2012-07-25,5.556,5.51,5.556,5.492000000000001,68423.0,600068,-0.00488,0.00658,-0.0888,-0.17712,-0.20387,-0.48263,5.539,5.64614,6.24782,6.6838,7.33968
2012-07-26,5.51,5.465,5.537000000000001,5.456,74106.0,600068,-0.00817,-0.02271,-0.08382,-0.19573,-0.22833,-0.48204,5.5136,5.62233,6.22637,6.67065,7.319
2012-07-27,5.474,5.447,5.492000000000001,5.419,78451.0,600068,-0.00329,-0.01465,-0.07553,-0.19838,-0.25261,-0.4798,5.4974,5.60114,6.20463,6.65568,7.29858
2012-07-30,5.419,5.41,5.474,5.382999999999999,71910.0,600068,-0.00679,-0.02135,-0.08892,-0.21423,-0.24283,-0.48155,5.4738,5.576,6.18084,6.64158,7.27815
2012-07-31,5.41,5.156000000000001,5.447,5.101,172469.0,600068,-0.04695,-0.06881,-0.13301,-0.25877,-0.27655,-0.50589,5.3976,5.53833,6.15181,6.62555,7.2567
2012-08-01,5.1370000000000005,5.256,5.31,5.11,131738.0,600068,0.01939,-0.0461,-0.11619,-0.24439,-0.27071,-0.49761,5.3468,5.50543,6.12439,6.60969,7.23553
2012-08-02,5.256,5.192,5.2829999999999995,5.183,75999.0,600068,-0.01218,-0.04995,-0.11746,-0.25839,-0.2876,-0.47492,5.2922,5.47252,6.09521,6.59265,7.21644
2012-08-03,5.2010000000000005,5.274,5.292000000000001,5.183,82042.0,600068,0.01579,-0.03176,-0.07344,-0.24571,-0.27724,-0.46074,5.2576,5.45262,6.0675,6.5762,7.19813
2012-08-06,5.265,5.401,5.401,5.247000000000001,132057.0,600068,0.02408,-0.00166,-0.05412,-0.2062,-0.25708,-0.45129,5.2558,5.4379,6.04487,6.56101,7.18007
2012-08-07,5.447,5.392,5.447,5.356,122732.0,600068,-0.00167,0.04577,-0.01821,-0.20225,-0.23474,-0.44101,5.303,5.43314,6.02282,6.54756,7.16278
2012-08-08,5.401,5.356,5.41,5.337000000000001,84572.0,600068,-0.00668,0.01903,-0.01995,-0.19045,-0.25414,-0.44578,5.323,5.42795,6.0025,6.53272,7.14526
2012-08-09,5.356,5.382999999999999,5.392,5.274,128414.0,600068,0.00504,0.03679,-0.02623,-0.17967,-0.25309,-0.43828,5.3612,5.42105,5.98348,6.51789,7.12819
2012-08-10,5.374,5.365,5.41,5.347,104082.0,600068,-0.00334,0.01725,-0.03905,-0.17563,-0.26112,-0.4412,5.3794,5.41067,5.96505,6.50248,7.11097
2012-08-13,5.327999999999999,5.274,5.392,5.274,117856.0,600068,-0.01696,-0.02351,-0.05076,-0.17491,-0.27724,-0.45924,5.354,5.39724,5.94702,6.48603,7.09276
2012-08-14,5.274,5.274,5.292000000000001,5.183,85310.0,600068,0.0,-0.02188,-0.02188,-0.18397,-0.27365,-0.44548,5.3304,5.39162,5.92784,6.46988,7.07554
2012-08-15,5.274,5.183,5.274,5.1739999999999995,78718.0,600068,-0.01725,-0.0323,-0.04196,-0.18685,-0.2932,-0.41718,5.2958,5.38081,5.90863,6.4524,7.06046
2012-08-16,5.165,5.146,5.21,5.127999999999999,69372.0,600068,-0.00714,-0.04403,-0.05992,-0.1938,-0.2904,-0.41061,5.2484,5.36519,5.88868,6.43528,7.04589
2012-08-17,5.146,5.1739999999999995,5.192,5.127999999999999,69838.0,600068,0.00544,-0.0356,-0.07475,-0.19721,-0.27949,-0.41583,5.2102,5.34529,5.86818,6.41896,7.03091
2012-08-20,5.1370000000000005,5.146,5.183,5.092,63997.0,600068,-0.00541,-0.02427,-0.0691,-0.21255,-0.27978,-0.42193,5.1846,5.3271,5.84577,6.40271,7.01565
2012-08-21,5.146,5.1739999999999995,5.21,5.119,119880.0,600068,0.00544,-0.01896,-0.06404,-0.19944,-0.27858,-0.41878,5.1646,5.31024,5.82498,6.38646,7.00049
2012-08-22,5.183,5.11,5.192,5.083,98749.0,600068,-0.01237,-0.01408,-0.07712,-0.20615,-0.29798,-0.43108,5.15,5.2899,5.80358,6.36883,6.98475
2012-08-23,5.11,5.101,5.156000000000001,5.074,91387.0,600068,-0.00176,-0.00874,-0.07423,-0.2493,-0.30267,-0.43322,5.141,5.27043,5.77626,6.35083,6.9689
2012-08-24,5.092,5.01,5.092,5.001,87053.0,600068,-0.01784,-0.0317,-0.08326,-0.27138,-0.32261,-0.43947,5.1082,5.24876,5.74616,6.33143,6.95293
2012-08-27,5.001,4.828,5.001,4.819,113461.0,600068,-0.03633,-0.0618,-0.11364,-0.29135,-0.35264,-0.44817,5.0446,5.21929,5.71415,6.31005,6.937
2012-08-28,4.801,4.856,4.91,4.783,91985.0,600068,0.0058,-0.06146,-0.1024,-0.27479,-0.37736,-0.43158,4.981,5.1929,5.68447,6.28612,6.92201
2012-08-29,4.856,4.9830000000000005,5.046,4.792,183078.0,600068,0.02615,-0.02485,-0.03355,-0.25292,-0.34218,-0.40932,4.9556,5.18467,5.65726,6.26505,6.90797
2012-08-30,4.956,4.837,4.956,4.801,136229.0,600068,-0.0293,-0.05175,-0.07972,-0.24856,-0.36221,-0.43618,4.9028,5.16471,5.63145,6.24272,6.89276
2012-08-31,4.81,4.774,4.883,4.774,118885.0,600068,-0.01302,-0.04711,-0.08051,-0.25927,-0.37863,-0.44873,4.8556,5.14481,5.6045,6.21907,6.87696
2012-09-03,4.755,4.819,4.883,4.737,152721.0,600068,0.00943,-0.00186,-0.08627,-0.25031,-0.36833,-0.45646,4.8538,5.12314,5.57855,6.19622,6.86051
2012-09-04,4.81,4.692,4.828,4.683,144224.0,600068,-0.02635,-0.03377,-0.13127,-0.2618,-0.3739,-0.47346,4.821,5.08938,5.55171,6.17344,6.84336
2012-09-05,4.665,4.646,4.7010000000000005,4.61,116809.0,600068,-0.0098,-0.06763,-0.13835,-0.268,-0.37629,-0.46842,4.7536,5.05386,5.52427,6.15065,6.82672
2012-09-06,4.655,4.692,4.71,4.655,89861.0,600068,0.0099,-0.02998,-0.12397,-0.26905,-0.37838,-0.45932,4.7246,5.02224,5.49642,6.12743,6.81052
2012-09-07,4.728,5.046,5.1370000000000005,4.728,480730.0,600068,0.07545,0.05698,-0.0626,-0.20835,-0.3378,-0.42265,4.779,5.00619,5.475,6.1065,6.7955
2012-09-10,5.01,5.127999999999999,5.237,4.992,371323.0,600068,0.01625,0.06412,-0.04418,-0.20434,-0.32142,-0.40289,4.8408,4.9949,5.45376,6.08676,6.78143
2012-09-11,5.092,5.0280000000000005,5.101,4.965,228064.0,600068,-0.0195,0.07161,-0.04664,-0.2145,-0.33545,-0.40207,4.908,4.98319,5.43161,6.06612,6.76769
2012-09-12,5.046,5.056,5.083,5.001,162745.0,600068,0.00557,0.08825,-0.04133,-0.21356,-0.29933,-0.37263,4.99,4.97281,5.40947,6.04856,6.75548
2012-09-13,5.037,4.919,5.037,4.919,143504.0,600068,-0.0271,0.04838,-0.05094,-0.23594,-0.31068,-0.37218,5.0354,4.96024,5.38497,6.03054,6.74363
2012-09-14,4.965,4.956,4.992,4.874,140698.0,600068,0.00752,-0.01784,-0.03692,-0.22356,-0.31234,-0.38158,5.0174,4.95119,5.36195,6.01224,6.7312
2012-09-17,4.965,4.774,4.965,4.765,152966.0,600068,-0.03672,-0.06903,-0.07731,-0.25523,-0.3553,-0.39623,4.9466,4.93214,5.33556,5.99085,6.71846
2012-09-18,4.737,4.737,4.81,4.718999999999999,102452.0,600068,-0.00775,-0.05788,-0.07948,-0.24929,-0.3419,-0.40227,4.8884,4.91267,5.31019,5.97084,6.7055
2012-09-19,4.737,4.728,4.774,4.7010000000000005,97757.0,600068,-0.0019,-0.06487,-0.0862,-0.23197,-0.35126,-0.40205,4.8228,4.89143,5.28716,5.95002,6.69258
2012-09-20,4.728,4.583,4.728,4.574,141038.0,600068,-0.03067,-0.06831,-0.10313,-0.2421,-0.37578,-0.4217,4.7556,4.86633,5.26355,5.92759,6.679
2012-09-21,4.583,4.592,4.637,4.555,98347.0,600068,0.00196,-0.07345,-0.09978,-0.23018,-0.36364,-0.42246,4.6828,4.8421,5.2414,5.90626,6.66534
2012-09-24,4.565,4.546,4.601,4.455,165216.0,600068,-0.01002,-0.04776,-0.09261,-0.22845,-0.35481,-0.42637,4.6372,4.82,5.21969,5.88593,6.65161
2012-09-25,4.51,4.492,4.555,4.474,104863.0,600068,-0.01188,-0.05172,-0.06959,-0.24352,-0.3518,-0.4077,4.5882,4.804,5.19637,5.86611,6.63904
2012-09-26,4.4830000000000005,4.3919999999999995,4.501,4.383,93062.0,600068,-0.02226,-0.07107,-0.09555,-0.26148,-0.33706,-0.42157,4.521,4.7819,5.17129,5.84796,6.62602
2012-09-27,4.374,4.5280000000000005,4.583,4.374,182425.0,600068,0.03097,-0.012,-0.09131,-0.23861,-0.28961,-0.42538,4.51,4.76024,5.1484,5.83295,6.6124
2012-09-28,4.51,4.683,4.71,4.474,251319.0,600068,0.03423,0.01982,-0.03184,-0.20398,-0.27045,-0.38471,4.5282,4.7529,5.12905,5.81884,6.6005
2012-10-08,4.6739999999999995,4.628,4.7010000000000005,4.601,115215.0,600068,-0.01174,0.01804,-0.03058,-0.18693,-0.29181,-0.40245,4.5446,4.74595,5.11189,5.80333,6.58783
2012-10-09,4.628,4.828,4.928,4.628,310112.0,600068,0.04322,0.0748,0.00187,-0.15447,-0.26121,-0.36565,4.6118,4.74638,5.09766,5.78946,6.57651
2012-10-10,4.819,4.801,4.837,4.755,142977.0,600068,-0.00559,0.09312,0.02323,-0.12582,-0.25416,-0.36995,4.6936,4.75157,5.08652,5.77615,6.56505
2012-10-11,4.801,4.774,4.8919999999999995,4.746,148618.0,600068,-0.00562,0.05433,0.02755,-0.12644,-0.26846,-0.3553,4.7428,4.75767,5.07537,5.76191,6.55436
2012-10-12,4.792,4.728,4.828,4.692,129604.0,600068,-0.00964,0.00961,0.00767,-0.14472,-0.27451,-0.34642,4.7518,4.75938,5.06247,5.74737,6.54417
2012-10-15,4.728,4.728,4.737,4.655,108898.0,600068,0.0,0.02161,-0.06302,-0.15314,-0.2844,-0.3416,4.7718,4.74424,5.04868,5.73209,6.5342
2012-10-16,4.718999999999999,4.783,4.81,4.692,146997.0,600068,0.01163,-0.00932,-0.06728,-0.13913,-0.28484,-0.33477,4.7628,4.72781,5.03621,5.7166,6.52441
2012-10-17,4.801,4.755,4.81,4.718999999999999,94844.0,600068,-0.00585,-0.00958,-0.0543,-0.11814,-0.30022,-0.34997,4.7536,4.71481,5.02594,5.70002,6.51401
2012-10-18,4.783,4.828,4.837,4.765,157640.0,600068,0.01535,0.01131,-0.04509,-0.10758,-0.27616,-0.37808,4.7644,4.70395,5.01655,5.68504,6.50208
2012-10-19,4.819,4.81,4.828,4.792,83216.0,600068,-0.00373,0.01734,-0.02216,-0.1213,-0.294,-0.39913,4.7808,4.69876,5.00584,5.66876,6.48909
2012-10-22,4.774,4.792,4.801,4.746,86126.0,600068,-0.00374,0.01354,-0.03309,-0.14306,-0.29849,-0.40605,4.7936,4.69095,4.99294,5.65218,6.47577
2012-10-23,4.783,4.746,4.837,4.737,109833.0,600068,-0.0096,-0.00774,-0.00587,-0.14146,-0.30705,-0.40645,4.7862,4.68962,4.98032,5.63508,6.46256
2012-10-24,4.728,4.801,4.883,4.7010000000000005,229461.0,600068,0.01159,0.00967,0.01351,-0.13151,-0.29902,-0.37585,4.7954,4.69267,4.9686,5.61843,6.45081
2012-10-25,4.774,4.783,4.856,4.774,135879.0,600068,-0.00375,-0.00932,0.01163,-0.13617,-0.28569,-0.36405,4.7864,4.69529,4.95644,5.60288,6.43968
2012-10-26,4.774,4.628,4.774,4.601,168095.0,600068,-0.03241,-0.03784,0.00982,-0.16007,-0.31891,-0.36262,4.75,4.69743,4.94221,5.58526,6.42898
2012-10-29,4.601,4.61,4.646,4.583,63146.0,600068,-0.00389,-0.03798,0.00392,-0.15645,-0.32156,-0.36273,4.7136,4.69829,4.92842,5.5675,6.41831
2012-10-30,4.619,4.601,4.665,4.583,91726.0,600068,-0.00195,-0.03055,0.0121,-0.15531,-0.33174,-0.37791,4.6846,4.7009,4.91477,5.54893,6.40695
2012-10-31,4.628,4.61,4.646,4.537,129550.0,600068,0.00196,-0.03978,0.02627,-0.14787,-0.33726,-0.40547,4.6464,4.70652,4.90187,5.52985,6.39417
2012-11-01,4.628,4.737,4.774,4.619,258057.0,600068,0.02755,-0.00962,0.07855,-0.08126,-0.31901,-0.39954,4.6372,4.72295,4.89511,5.51181,6.38135
2012-11-02,4.765,4.765,4.774,4.71,142174.0,600068,0.00591,0.0296,0.05234,-0.09342,-0.31938,-0.39043,4.6646,4.73424,4.88719,5.49363,6.36895
2012-11-05,4.755,4.746,4.783,4.71,130279.0,600068,-0.00399,0.0295,0.01345,-0.0859,-0.32122,-0.40911,4.6918,4.73724,4.88,5.47537,6.35559
2012-11-06,4.774,4.7010000000000005,4.774,4.637,157959.0,600068,-0.00948,0.02173,0.01577,-0.10865,-0.30908,-0.4306,4.7118,4.74071,4.87076,5.45828,6.34114
2012-11-07,4.7010000000000005,4.637,4.7010000000000005,4.619,162519.0,600068,-0.01361,0.00586,-0.03956,-0.14146,-0.31395,-0.43651,4.7172,4.73162,4.85844,5.44102,6.32654
2012-11-08,4.592,4.5280000000000005,4.61,4.5280000000000005,125255.0,600068,-0.02351,-0.04412,-0.05686,-0.16024,-0.3156,-0.45921,4.6754,4.71862,4.8445,5.42405,6.31091
2012-11-09,4.51,4.546,4.555,4.501,97117.0,600068,0.00398,-0.04596,-0.04776,-0.15123,-0.30722,-0.45589,4.6316,4.70776,4.83144,5.40766,6.29542
2012-11-12,4.546,4.592,4.601,4.537,100901.0,600068,0.01012,-0.03245,-0.02876,-0.14694,-0.29441,-0.46361,4.6008,4.70129,4.81868,5.39208,6.27929
2012-11-13,4.601,4.501,4.601,4.492,79796.0,600068,-0.01982,-0.04254,-0.04801,-0.16104,-0.29584,-0.46588,4.5608,4.69048,4.80474,5.37671,6.26333
2012-11-14,4.501,4.4830000000000005,4.519,4.446000000000001,113590.0,600068,-0.004,-0.03321,-0.06272,-0.14998,-0.30636,-0.46574,4.53,4.67619,4.79198,5.36061,6.24744
2012-11-15,4.455,4.428,4.501,4.419,87185.0,600068,-0.01227,-0.02208,-0.06877,-0.16041,-0.3053,-0.47455,4.51,4.66062,4.77834,5.34479,6.23119
2012-11-16,4.401,4.419,4.446000000000001,4.383,87318.0,600068,-0.00203,-0.02794,-0.08471,-0.1474,-0.30769,-0.46182,4.4846,4.64114,4.76602,5.32882,6.21577
2012-11-19,4.419,4.455,4.474,4.383,66547.0,600068,0.00815,-0.02983,-0.0738,-0.13428,-0.30877,-0.45511,4.4572,4.62424,4.75487,5.31264,6.20065
2012-11-20,4.51,4.501,4.592,4.501,157930.0,600068,0.01033,0.0,-0.06073,-0.13007,-0.31125,-0.46012,4.4572,4.61038,4.74402,5.29611,6.18505
2012-11-21,4.4830000000000005,4.5280000000000005,4.565,4.428,101406.0,600068,0.006,0.01004,-0.04593,-0.12009,-0.2994,-0.46037,4.4662,4.6,4.73405,5.28037,6.16935
2012-11-22,4.51,4.437,4.51,4.428,64052.0,600068,-0.0201,0.00203,-0.07582,-0.14244,-0.3107,-0.4531,4.468,4.58267,4.72216,5.26411,6.15441
2012-11-23,4.465,4.51,4.574,4.437,135251.0,600068,0.01645,0.02059,-0.05708,-0.11742,-0.33628,-0.42038,4.4862,4.56967,4.71248,5.24554,6.14111
2012-11-26,4.51,4.455,4.519,4.455,76369.0,600068,-0.0122,0.0,-0.03738,-0.12664,-0.35209,-0.43529,4.4862,4.56143,4.70206,5.22585,6.12715
2012-11-27,4.437,4.355,4.465,4.328,119702.0,600068,-0.02245,-0.03244,-0.05531,-0.13074,-0.36078,-0.4467,4.457,4.54929,4.6915,5.20587,6.11286
2012-11-28,4.346,4.274,4.365,4.255,75104.0,600068,-0.0186,-0.0561,-0.07107,-0.11475,-0.36171,-0.44687,4.4062,4.53371,4.68256,5.18618,6.09882
2012-11-29,4.292,4.263999999999999,4.328,4.255,70306.0,600068,-0.00234,-0.03899,-0.07505,-0.12191,-0.36072,-0.4424,4.3716,4.51724,4.67302,5.16662,6.08507
2012-11-30,4.263999999999999,4.31,4.337,4.255,71364.0,600068,0.01079,-0.04435,-0.09014,-0.13506,-0.33043,-0.43371,4.3316,4.4969,4.66216,5.14933,6.07165
2012-12-03,4.319,4.31,4.365,4.274,86582.0,600068,0.0,-0.03255,-0.09549,-0.10895,-0.33126,-0.44416,4.3026,4.47524,4.65366,5.13197,6.05765
2012-12-04,4.301,4.374,4.3919999999999995,4.283,143461.0,600068,0.01485,0.00436,-0.07838,-0.08379,-0.31954,-0.44109,4.3064,4.45752,4.64721,5.11527,6.04362
2012-12-05,4.383,4.5280000000000005,4.565,4.355,270351.0,600068,0.03521,0.05943,-0.0368,-0.06039,-0.2876,-0.40224,4.3572,4.44929,4.64252,5.10041,6.03123
2012-12-06,4.546,4.492,4.555,4.474,127756.0,600068,-0.00795,0.05347,-0.03127,-0.04263,-0.29226,-0.42336,4.4028,4.44238,4.63929,5.08533,6.01783
2012-12-07,4.4830000000000005,4.637,4.665,4.4830000000000005,357288.0,600068,0.03228,0.07587,0.02407,-0.00194,-0.27761,-0.39362,4.4682,4.44757,4.63915,5.07084,6.00559
2012-12-10,4.665,4.683,4.746,4.619,351878.0,600068,0.00992,0.08654,0.03014,-0.00192,-0.2653,-0.36294,4.5428,4.4541,4.639,5.05709,5.99474
2012-12-11,4.683,4.619,4.683,4.619,189721.0,600068,-0.01367,0.05601,0.00588,-0.08462,-0.28332,-0.37165,4.5918,4.45538,4.63211,5.04224,5.98364
2012-12-12,4.619,4.61,4.655,4.574,145812.0,600068,-0.00195,0.01811,0.02422,-0.10101,-0.2798,-0.36901,4.6082,4.46057,4.62376,5.02768,5.97268
2012-12-13,4.592,4.546,4.619,4.546,135999.0,600068,-0.01388,0.01202,0.01405,-0.09586,-0.29289,-0.38234,4.619,4.46357,4.61598,5.01237,5.96124
2012-12-14,4.546,4.819,4.828,4.546,569602.0,600068,0.06005,0.03925,0.0883,-0.04688,-0.25148,-0.34364,4.6554,4.48219,4.61216,4.99921,5.95098
2012-12-17,4.819,4.846,4.901,4.792,562732.0,600068,0.0056,0.03481,0.09663,-0.01484,-0.2408,-0.33996,4.688,4.50252,4.61098,4.98672,5.94084
2012-12-18,4.846,4.919,5.001,4.774,596893.0,600068,0.01506,0.06495,0.10415,-0.00747,-0.23261,-0.32505,4.748,4.52462,4.61039,4.97459,5.93121
2012-12-19,4.901,4.8919999999999995,4.956,4.865,281857.0,600068,-0.00549,0.06117,0.08687,0.02472,-0.22472,-0.28101,4.8044,4.54324,4.61229,4.96307,5.92343
2012-12-20,4.883,4.91,4.928,4.828,267351.0,600068,0.00368,0.08007,0.08436,0.03652,-0.2024,-0.25584,4.8772,4.56143,4.61508,4.95293,5.91657
2012-12-21,4.928,4.901,5.0280000000000005,4.874,305163.0,600068,-0.00183,0.01702,0.10458,0.03659,-0.18952,-0.27296,4.8936,4.58352,4.61787,4.94362,5.90909
2012-12-24,4.901,4.856,4.937,4.81,216472.0,600068,-0.00918,0.00206,0.07672,0.05957,-0.18592,-0.26801,4.8956,4.6,4.62227,4.9346,5.90187
2012-12-25,4.874,4.992,5.019,4.819,499362.0,600068,0.02801,0.01484,0.12054,0.08711,-0.15275,-0.24341,4.9102,4.62557,4.62873,4.92728,5.89534
2012-12-26,4.9830000000000005,5.037,5.065,4.937,513347.0,600068,0.00901,0.02964,0.1566,0.10801,-0.15173,-0.22388,4.9392,4.65805,4.63665,4.91996,5.88943
2012-12-27,5.0280000000000005,4.956,5.083,4.946000000000001,324905.0,600068,-0.01608,0.00937,0.15957,0.10329,-0.16664,-0.24267,4.9484,4.69052,4.64413,4.9119,5.88298
2012-12-28,4.956,4.974,5.001,4.928,258281.0,600068,0.00363,0.01489,0.16651,0.13251,-0.16361,-0.25528,4.963,4.72433,4.65352,4.90399,5.87604
2012-12-31,4.992,4.992,5.046,4.965,373189.0,600068,0.00362,0.02801,0.15824,0.10247,-0.15145,-0.26044,4.9902,4.75681,4.661,4.89675,5.8689
2013-01-04,5.046,5.183,5.2010000000000005,4.946000000000001,731868.0,600068,0.03826,0.03826,0.20255,0.10677,-0.08942,-0.21978,5.0284,4.79838,4.66906,4.89261,5.86296
2013-01-07,5.146,5.1739999999999995,5.228,5.11,372836.0,600068,-0.00174,0.0272,0.1829,0.11798,-0.09387,-0.23246,5.0558,4.83648,4.67787,4.88825,5.85659
2013-01-08,5.192,5.165,5.2010000000000005,5.11,313273.0,600068,-0.00174,0.04217,0.14068,0.0698,-0.05954,-0.24389,5.0976,4.86681,4.68331,4.88559,5.84982
2013-01-09,5.156000000000001,5.119,5.183,5.092,294550.0,600068,-0.00891,0.02915,0.13958,0.06624,-0.06331,-0.25844,5.1266,4.89667,4.68844,4.88278,5.84257
2013-01-10,5.11,5.127999999999999,5.146,5.074,281100.0,600068,0.00176,0.02724,0.10589,0.07415,-0.07236,-0.25324,5.1538,4.92005,4.69415,4.87953,5.8355
2013-01-11,5.127999999999999,4.928,5.1370000000000005,4.865,463591.0,600068,-0.039,-0.0492,0.05232,0.0423,-0.11732,-0.24798,5.1028,4.93171,4.69737,4.8742,5.82889
2013-01-14,4.883,5.056,5.074,4.874,459324.0,600068,0.02597,-0.02281,0.09461,0.06937,-0.08999,-0.23161,5.0792,4.95252,4.70266,4.87014,5.8227
2013-01-15,5.046,5.1370000000000005,5.156000000000001,5.01,499018.0,600068,0.01602,-0.00542,0.11432,0.07401,-0.04729,-0.24199,5.0736,4.97762,4.70837,4.86807,5.81603
2013-01-16,5.1370000000000005,5.119,5.218999999999999,5.0280000000000005,450761.0,600068,-0.0035,0.0,0.12604,0.07655,-0.05379,-0.27534,5.0736,5.0049,4.71424,4.8657,5.80813
2013-01-17,5.101,5.037,5.119,5.019,264836.0,600068,-0.01602,-0.01775,0.04524,0.04329,-0.07983,-0.28604,5.0554,5.01529,4.71761,4.86215,5.79992
2013-01-18,5.074,5.156000000000001,5.192,5.01,441337.0,600068,0.02363,0.04627,0.06397,0.07193,-0.07797,-0.27103,5.101,5.03005,4.72319,4.8586,5.79213
2013-01-21,5.1739999999999995,5.265,5.265,5.119,649014.0,600068,0.02114,0.04134,0.07034,0.09871,-0.04758,-0.22517,5.1428,5.04652,4.73082,4.85646,5.78591
2013-01-22,5.247000000000001,5.146,5.256,5.083,442892.0,600068,-0.0226,0.00175,0.05192,0.08428,-0.0691,-0.21363,5.1446,5.05862,4.73727,4.85336,5.78023
2013-01-23,5.127999999999999,5.11,5.156000000000001,5.037,269892.0,600068,-0.007,-0.00176,0.04073,0.06436,-0.07712,-0.26916,5.1428,5.06814,4.74226,4.84989,5.77258
2013-01-24,5.092,5.019,5.2010000000000005,4.9830000000000005,390372.0,600068,-0.01781,-0.00357,0.02408,0.04934,-0.08911,-0.27482,5.1392,5.07376,4.74606,4.84589,5.76485
2013-01-25,5.0280000000000005,5.01,5.046,4.965,174943.0,600068,-0.00179,-0.02832,0.03171,0.08254,-0.08326,-0.29257,5.11,5.0811,4.75223,4.8422,5.75642
2013-01-28,5.01,5.119,5.127999999999999,5.01,248552.0,600068,0.02176,-0.02773,0.02544,0.11041,-0.06022,-0.29761,5.0808,5.08714,4.76044,4.83953,5.74761
2013-01-29,5.119,5.156000000000001,5.1739999999999995,5.101,310354.0,600068,0.00723,0.00194,0.02363,0.12063,-0.04695,-0.27838,5.0828,5.09281,4.76939,4.83746,5.73952
2013-01-30,5.165,5.21,5.247000000000001,5.083,524495.0,600068,0.01047,0.01957,0.05125,0.13015,0.01047,-0.26898,5.1028,5.1049,4.77906,4.8379,5.73173
2013-01-31,5.218999999999999,5.2829999999999995,5.31,5.156000000000001,456899.0,600068,0.01401,0.0526,0.06212,0.11526,0.00514,-0.26696,5.1556,5.11962,4.78787,4.83812,5.72391
2013-02-01,5.274,5.256,5.2829999999999995,5.192,384869.0,600068,-0.00511,0.0491,0.05288,0.10304,0.01233,-0.27881,5.2048,5.13219,4.79579,4.83864,5.71565
2013-02-04,5.265,5.274,5.347,5.247000000000001,392504.0,600068,0.00342,0.03028,0.01756,0.11125,0.0,-0.27724,5.2358,5.13652,4.80431,4.83864,5.70742
2013-02-05,5.247000000000001,5.419,5.465,5.183,589473.0,600068,0.02749,0.05101,0.04735,0.15273,0.00333,-0.25461,5.2884,5.14819,4.81589,4.83879,5.6999
2013-02-06,5.456,5.382999999999999,5.465,5.356,298116.0,600068,-0.00664,0.03321,0.04221,0.16088,-0.00167,-0.23602,5.323,5.15857,4.82792,4.83872,5.69314
2013-02-07,5.374,5.374,5.419,5.347,259529.0,600068,-0.00167,0.01723,0.04981,0.18684,0.00336,-0.25164,5.3412,5.17071,4.84156,4.83886,5.68579
2013-02-08,5.365,5.365,5.428,5.347,268176.0,600068,-0.00167,0.02074,0.04622,0.18016,-0.00334,-0.25558,5.363,5.182,4.85477,4.83872,5.6783
2013-02-18,5.41,5.356,5.428,5.327999999999999,252943.0,600068,-0.00168,0.01555,0.08685,0.16638,-0.00168,-0.26236,5.3794,5.20238,4.8671,4.83864,5.67056
2013-02-19,5.382999999999999,5.228,5.392,5.21,286819.0,600068,-0.0239,-0.03525,0.03402,0.16152,-0.00872,-0.28354,5.3412,5.21057,4.87882,4.83827,5.66215
2013-02-20,5.228,5.265,5.2829999999999995,5.218999999999999,227913.0,600068,0.00708,-0.02192,0.02492,0.17444,-0.00171,-0.27489,5.3176,5.21667,4.89144,4.8382,5.65404
2013-02-21,5.237,5.037,5.247000000000001,5.001,546551.0,600068,-0.0433,-0.06271,-0.01602,0.13753,-0.02817,-0.31311,5.2502,5.21276,4.90126,4.83701,5.6447
2013-02-22,5.046,5.019,5.065,5.01,174830.0,600068,-0.00357,-0.06449,-0.00357,0.13578,-0.02468,-0.30792,5.181,5.2119,4.91094,4.83598,5.63563
2013-02-25,5.019,5.0280000000000005,5.074,5.01,170233.0,600068,0.00179,-0.06124,-0.02483,0.12862,-0.02822,-0.29982,5.1154,5.20581,4.92018,4.83479,5.62687
2013-02-26,5.001,4.91,5.0280000000000005,4.901,258778.0,600068,-0.02347,-0.06083,-0.06743,0.09087,-0.04586,-0.31281,5.0518,5.1889,4.92677,4.83287,5.61779
2013-02-27,4.919,4.928,4.974,4.883,160825.0,600068,0.00367,-0.06401,-0.04236,0.08834,-0.04755,-0.31288,4.9844,5.17852,4.93323,4.83087,5.60867
2013-02-28,4.956,5.037,5.037,4.928,216140.0,600068,0.02212,0.0,-0.01429,0.13523,-0.01429,-0.30801,4.9844,5.17505,4.9429,4.83028,5.59955
2013-03-01,5.037,5.056,5.074,4.992,213715.0,600068,0.00377,0.00737,0.00737,0.12106,-0.00882,-0.30882,4.9918,5.17681,4.95171,4.82991,5.59037
2013-03-04,5.01,4.883,5.01,4.837,313068.0,600068,-0.03422,-0.02884,-0.02535,0.09607,-0.02535,-0.33978,4.9628,5.17076,4.95861,4.82888,5.58015
2013-03-05,4.883,4.946000000000001,4.965,4.846,201174.0,600068,0.0129,0.00733,-0.0338,0.13571,0.02444,-0.33682,4.97,5.16252,4.96815,4.82984,5.56994
2013-03-06,4.965,4.9830000000000005,5.001,4.919,289628.0,600068,0.00748,0.01116,-0.03355,0.16589,0.02615,-0.36107,4.981,5.15429,4.97958,4.83087,5.5585
2013-03-07,4.956,4.91,4.965,4.883,230086.0,600068,-0.01465,-0.02521,-0.05758,0.1515,-0.01465,-0.35182,4.9556,5.14,4.99,4.83028,5.54766
2013-03-08,4.919,4.846,4.937,4.819,217838.0,600068,-0.01303,-0.04153,-0.08272,0.12436,0.00186,-0.36102,4.9136,5.11919,4.99865,4.83035,5.53653
2013-03-11,4.837,4.783,4.837,4.774,157470.0,600068,-0.013,-0.02048,-0.08999,0.10974,0.00189,-0.37746,4.8936,5.09667,5.00627,4.83042,5.52474
2013-03-12,4.837,4.837,4.937,4.755,340353.0,600068,0.01129,-0.02204,-0.08286,0.10585,0.00374,-0.36597,4.8718,5.07586,5.01374,4.83057,5.51339
2013-03-13,4.801,4.728,4.819,4.692,197515.0,600068,-0.02253,-0.05117,-0.12751,0.04417,0.00767,-0.3691,4.8208,5.04295,5.01697,4.83086,5.50215
2013-03-14,4.683,4.718999999999999,4.765,4.683,97413.0,600068,-0.0019,-0.0389,-0.12335,0.05053,0.01571,-0.36649,4.7826,5.01133,5.02063,4.83146,5.49105
2013-03-15,4.71,4.737,4.819,4.692,178332.0,600068,0.00381,-0.02249,-0.11853,0.02157,0.00959,-0.37242,4.7608,4.981,5.02224,4.83182,5.47963
2013-03-18,4.718999999999999,4.665,4.746,4.665,146688.0,600068,-0.0152,-0.02467,-0.13048,-0.00384,-0.07551,-0.3878,4.7372,4.94767,5.02195,4.82872,5.46761
2013-03-19,4.7010000000000005,4.692,4.7010000000000005,4.61,131006.0,600068,0.00579,-0.02998,-0.12397,0.0158,-0.08502,-0.37912,4.7082,4.91605,5.02313,4.82518,5.45597
2013-03-20,4.683,4.783,4.792,4.6739999999999995,221755.0,600068,0.01939,0.01163,-0.08512,0.03753,-0.04873,-0.36783,4.7192,4.89486,5.02592,4.82319,5.44465
2013-03-21,4.783,4.865,4.8919999999999995,4.774,278588.0,600068,0.01714,0.03094,-0.07597,0.07017,-0.03778,-0.3258,4.7484,4.87581,5.03106,4.82163,5.4351
2013-03-22,4.856,4.819,4.865,4.792,176536.0,600068,-0.00946,0.01731,-0.04328,0.0,-0.02033,-0.32469,4.7648,4.86543,5.03106,4.82082,5.42568
2013-03-25,4.81,4.765,4.846,4.755,167365.0,600068,-0.01121,0.02144,-0.05061,-0.01671,-0.03854,-0.33884,4.7848,4.85333,5.02976,4.81927,5.41575
2013-03-26,4.737,4.6739999999999995,4.755,4.646,173919.0,600068,-0.0191,-0.00384,-0.07041,-0.04981,-0.02095,-0.3688,4.7812,4.83648,5.02581,4.81846,5.40465
2013-03-27,4.6739999999999995,4.692,4.728,4.655,135121.0,600068,0.00385,-0.01903,-0.0444,-0.04088,-0.0095,-0.34815,4.763,4.8261,5.02258,4.81809,5.39446
2013-03-28,4.6739999999999995,4.555,4.6739999999999995,4.546,212136.0,600068,-0.0292,-0.06372,-0.07569,-0.0723,-0.03659,-0.375,4.701,4.80833,5.01685,4.81668,5.38335
2013-03-29,4.583,4.592,4.601,4.546,139009.0,600068,0.00812,-0.04711,-0.08835,-0.06305,0.00196,-0.37456,4.6556,4.78714,5.01187,4.81676,5.37217
2013-04-01,4.592,4.619,4.655,4.583,149917.0,600068,0.00588,-0.03064,-0.08643,-0.04881,0.00588,-0.35989,4.6264,4.76633,5.00805,4.81698,5.36162
2013-04-02,4.61,4.61,4.665,4.583,102668.0,600068,-0.00195,-0.01369,-0.05591,-0.07652,0.01408,-0.34573,4.6136,4.75333,5.00189,4.8175,5.35172
2013-04-03,4.637,4.583,4.646,4.574,95899.0,600068,-0.00586,-0.02323,-0.07339,-0.09013,0.02026,-0.33867,4.5918,4.73605,4.99456,4.81824,5.34217
2013-04-08,4.5280000000000005,4.601,4.619,4.4830000000000005,115462.0,600068,0.00393,0.0101,-0.07666,-0.07163,0.04759,-0.30551,4.601,4.71786,4.98884,4.81993,5.33395
2013-04-09,4.601,4.61,4.637,4.592,103972.0,600068,0.00196,0.00392,-0.0611,-0.07318,0.01811,-0.27675,4.6046,4.70357,4.98297,4.8206,5.32678
2013-04-10,4.619,4.646,4.665,4.601,120418.0,600068,0.00781,0.00585,-0.04127,-0.06931,-0.0079,-0.27621,4.61,4.69405,4.97739,4.8203,5.31957
2013-04-11,4.683,4.628,4.71,4.61,123108.0,600068,-0.00387,0.0039,-0.03241,-0.10708,0.0,-0.29181,4.6136,4.68667,4.96844,4.8203,5.31182
2013-04-12,4.628,4.565,4.628,4.546,115187.0,600068,-0.01361,-0.00393,-0.05623,-0.1177,-0.05447,-0.30145,4.61,4.67371,4.95861,4.81816,5.30381
2013-04-15,4.537,4.555,4.583,4.519,88752.0,600068,-0.00219,-0.01,-0.03659,-0.1181,-0.05124,-0.29237,4.6008,4.66548,4.94877,4.81616,5.29616
2013-04-16,4.5280000000000005,4.592,4.601,4.51,92852.0,600068,0.00812,-0.0039,-0.02691,-0.10295,-0.03812,-0.29635,4.5972,4.65943,4.94027,4.81468,5.2883
2013-04-17,4.619,4.628,4.655,4.601,151032.0,600068,0.00784,-0.00387,-0.02301,-0.0975,-0.02115,-0.28986,4.5936,4.65424,4.93221,4.81387,5.28062
2013-04-18,4.61,4.61,4.646,4.583,88848.0,600068,-0.00389,-0.00389,-0.01179,-0.06453,-0.02496,-0.30226,4.59,4.65162,4.92708,4.81291,5.2725
2013-04-19,4.61,4.692,4.71,4.61,185028.0,600068,0.01779,0.02782,0.0,-0.07199,-0.01903,-0.29844,4.6154,4.65162,4.92121,4.81217,5.26439
2013-04-22,4.683,4.718999999999999,4.792,4.683,206278.0,600068,0.00575,0.036,-0.01338,-0.08137,-0.00757,-0.30552,4.6482,4.64857,4.91447,4.81188,5.25595
2013-04-23,4.718999999999999,4.583,4.737,4.574,167545.0,600068,-0.02882,-0.00196,-0.05797,-0.10471,-0.05075,-0.31289,4.6464,4.63514,4.90582,4.80989,5.24746
2013-04-24,4.592,4.628,4.646,4.565,115775.0,600068,0.00982,0.0,-0.03963,-0.0812,-0.03784,-0.32071,4.6464,4.62605,4.89923,4.80841,5.23858
2013-04-25,4.628,4.574,4.646,4.565,109712.0,600068,-0.01167,-0.00781,-0.04008,-0.11288,-0.04549,-0.33041,4.6392,4.61695,4.88984,4.80663,5.22941
2013-04-26,4.619,4.546,4.628,4.537,96938.0,600068,-0.00612,-0.03112,-0.02739,-0.13656,-0.04214,-0.33625,4.61,4.61086,4.87824,4.80501,5.22004
2013-05-02,4.537,4.537,4.583,4.51,90937.0,600068,-0.00198,-0.03857,-0.03303,-0.11834,-0.05499,-0.33757,4.5736,4.60348,4.86842,4.80286,5.21065
2013-05-03,4.5280000000000005,4.592,4.619,4.5280000000000005,120288.0,600068,0.01212,0.00196,0.00812,-0.10137,-0.03993,-0.31422,4.5754,4.60524,4.86006,4.80131,5.20209
2013-05-06,4.601,4.637,4.646,4.592,147140.0,600068,0.0098,0.00194,0.0098,-0.07611,0.00194,-0.31759,4.5772,4.60738,4.8539,4.80138,5.19332
2013-05-07,4.619,4.601,4.637,4.574,148420.0,600068,-0.00776,0.0059,-0.0039,-0.08164,-0.00195,-0.32288,4.5826,4.60652,4.84731,4.80131,5.1844
2013-05-08,4.61,4.655,4.683,4.61,187383.0,600068,0.01174,0.02398,0.00976,-0.09064,0.01174,-0.32389,4.6044,4.60867,4.83982,4.80175,5.17534
2013-05-09,4.655,4.61,4.655,4.592,122733.0,600068,-0.00967,0.01609,0.00589,-0.1059,0.0,-0.33726,4.619,4.60995,4.83102,4.80175,5.1658
2013-05-10,4.61,4.619,4.646,4.592,117347.0,600068,0.00195,0.00588,0.00391,-0.11344,-0.02491,-0.33597,4.6244,4.61081,4.82148,4.80079,5.1563
2013-05-13,4.619,4.619,4.637,4.592,93987.0,600068,0.0,-0.00388,0.00195,-0.12569,-0.03064,-0.34024,4.6208,4.61124,4.81077,4.7996,5.14662
2013-05-14,4.61,4.555,4.61,4.537,166993.0,600068,-0.01386,-0.01,-0.01959,-0.13337,-0.04024,-0.34854,4.6116,4.6069,4.79947,4.79805,5.13671
2013-05-15,4.546,4.492,4.565,4.455,280669.0,600068,-0.01383,-0.03502,-0.02939,-0.14827,-0.04446,-0.3398,4.579,4.60043,4.78685,4.79635,5.12731
2013-05-16,4.492,4.519,4.5280000000000005,4.437,230406.0,600068,0.00601,-0.01974,-0.01008,-0.16608,-0.02545,-0.33141,4.5608,4.59824,4.77234,4.79539,5.11821
2013-05-17,4.519,4.583,4.583,4.492,241449.0,600068,0.01416,-0.00779,0.00615,-0.14862,0.01215,-0.30729,4.5536,4.59957,4.75944,4.79584,5.10994
2013-05-20,4.583,4.619,4.637,4.583,353330.0,600068,0.00786,0.0,0.00588,-0.14049,0.01606,-0.2961,4.5536,4.60086,4.74726,4.79643,5.10204
2013-05-21,4.628,4.619,4.628,4.583,233702.0,600068,0.0,0.01405,-0.00194,-0.13905,0.00588,-0.29026,4.5664,4.60043,4.73523,4.79665,5.09437
2013-05-22,4.619,4.61,4.628,4.583,260590.0,600068,-0.00195,0.02627,0.0,-0.13928,0.02422,-0.27879,4.59,4.60043,4.72319,4.79754,5.08712
2013-05-23,4.592,4.537,4.61,4.5280000000000005,240583.0,600068,-0.01584,0.00398,-0.03303,-0.13217,0.01205,-0.298,4.5936,4.59305,4.71205,4.79798,5.07929
2013-05-24,4.546,4.546,4.583,4.5280000000000005,163423.0,600068,0.00198,-0.00807,-0.03666,-0.13656,0.02665,-0.28679,4.5862,4.58481,4.70045,4.79893,5.07186
2013-05-27,4.546,4.546,4.565,4.5280000000000005,174123.0,600068,0.0,-0.0158,-0.00807,-0.09748,0.02874,-0.2878,4.5716,4.58305,4.69253,4.79997,5.06439
2013-05-28,4.546,4.619,4.619,4.5280000000000005,287049.0,600068,0.01606,0.0,-0.00194,-0.0797,0.03681,-0.28332,4.5716,4.58262,4.68608,4.8013,5.05697
2013-05-29,4.637,4.61,4.646,4.61,279834.0,600068,-0.00195,0.0,0.00787,-0.08313,0.02422,-0.29457,4.5716,4.58433,4.67934,4.80219,5.04915
2013-05-30,4.601,4.574,4.628,4.546,346569.0,600068,-0.00781,0.00816,0.00616,-0.06843,0.01016,-0.29228,4.579,4.58567,4.67392,4.80256,5.04147
2013-05-31,4.592,4.574,4.601,4.546,262021.0,600068,0.0,0.00616,0.00816,-0.07183,0.03088,-0.28942,4.5846,4.58743,4.66821,4.80367,5.03389
2013-06-03,4.583,4.574,4.61,4.546,248577.0,600068,0.0,0.00616,-0.00392,-0.09192,0.01419,-0.32686,4.5902,4.58657,4.66074,4.8042,5.02487
2013-06-04,4.574,4.51,4.574,4.492,253248.0,600068,-0.01399,-0.0236,-0.02739,-0.10799,0.01235,-0.3441,4.5684,4.58052,4.65194,4.80464,5.01525
2013-06-05,4.501,4.501,4.51,4.474,131666.0,600068,-0.002,-0.02364,-0.02173,-0.07823,0.03352,-0.33935,4.5466,4.57576,4.64577,4.80583,5.00585
2013-06-06,4.492,4.455,4.501,4.455,138030.0,600068,-0.01022,-0.02602,-0.04296,-0.09927,0.04235,-0.33468,4.5228,4.56624,4.63785,4.8073,4.99674
2013-06-07,4.455,4.374,4.474,4.346,174095.0,600068,-0.01818,-0.04373,-0.05119,-0.12222,0.0258,-0.34423,4.4828,4.555,4.62803,4.8082,4.98741
2013-06-13,4.355,4.255,4.355,4.228,214379.0,600068,-0.02721,-0.06974,-0.0788,-0.1334,-0.01276,-0.33898,4.419,4.53767,4.61747,4.80775,4.97854
2013-06-14,4.263999999999999,4.255,4.301,4.228,192146.0,600068,0.0,-0.05654,-0.0788,-0.12196,-0.01276,-0.3398,4.368,4.52033,4.60794,4.8073,4.96963
2013-06-17,4.263999999999999,4.237,4.274,4.228,117590.0,600068,-0.00423,-0.05865,-0.06981,-0.11415,-0.03132,-0.34085,4.3152,4.50519,4.59913,4.80619,4.96073
2013-06-18,4.246,4.237,4.263999999999999,4.192,119181.0,600068,0.0,-0.04893,-0.05677,-0.12404,-0.06427,-0.33339,4.2716,4.49305,4.58945,4.80382,4.95211
2013-06-19,4.256,4.228,4.256,4.181,101865.0,600068,-0.00212,-0.03338,-0.06439,-0.10575,-0.05877,-0.33386,4.2424,4.47919,4.58139,4.80167,4.9435
2013-06-20,4.209,4.0969999999999995,4.218999999999999,4.088,127798.0,600068,-0.03098,-0.03713,-0.10604,-0.13181,-0.11645,-0.36174,4.2108,4.45605,4.57135,4.79728,4.93406
2013-06-21,4.06,4.06,4.078,3.9939999999999998,125764.0,600068,-0.00903,-0.04583,-0.12102,-0.14292,-0.13303,-0.36304,4.1718,4.42943,4.56044,4.79222,4.92465
2013-06-24,4.069,3.7510000000000003,4.078,3.741,225626.0,600068,-0.07611,-0.1147,-0.18792,-0.19593,-0.18792,-0.418,4.0746,4.3881,4.54569,4.78516,4.9137
2013-06-25,3.741,3.7039999999999997,3.779,3.452,269327.0,600068,-0.01253,-0.1258,-0.19653,-0.21057,-0.19653,-0.42134,3.968,4.34495,4.52976,4.7778,4.90274
2013-06-26,3.713,3.676,3.7319999999999998,3.592,208118.0,600068,-0.00756,-0.13056,-0.18977,-0.23144,-0.19138,-0.42822,3.8576,4.30395,4.5119,4.77072,4.89155
2013-06-27,3.685,3.676,3.779,3.657,206836.0,600068,0.0,-0.10276,-0.19138,-0.2444,-0.23719,-0.42902,3.7734,4.26252,4.49273,4.76143,4.88032
2013-06-28,3.676,3.685,3.741,3.639,150924.0,600068,0.00245,-0.09236,-0.1894,-0.23532,-0.23958,-0.42269,3.6984,4.22152,4.47444,4.75199,4.86935
2013-07-01,3.7039999999999997,3.676,3.713,3.6289999999999996,94134.0,600068,-0.00244,-0.01999,-0.20416,-0.22854,-0.25269,-0.42652,3.6834,4.17662,4.45687,4.74189,4.85824
2013-07-02,3.695,3.695,3.7039999999999997,3.657,104187.0,600068,0.00517,-0.00243,-0.19848,-0.20946,-0.24469,-0.41442,3.6816,4.13305,4.44108,4.73215,4.84761
2013-07-03,3.685,3.639,3.685,3.611,113123.0,600068,-0.01516,-0.01007,-0.20442,-0.22442,-0.25886,-0.40887,3.6742,4.08852,4.4241,4.72182,4.83738
2013-07-04,3.611,3.667,3.685,3.573,148982.0,600068,0.00769,-0.00245,-0.19829,-0.19495,-0.25179,-0.39358,3.6724,4.04533,4.40977,4.71179,4.8277
2013-07-05,3.657,3.685,3.7039999999999997,3.648,127635.0,600068,0.00491,0.0,-0.19436,-0.19752,-0.24114,-0.38223,3.6724,4.003,4.39515,4.70227,4.81843
2013-07-08,3.657,3.489,3.667,3.489,154784.0,600068,-0.05319,-0.05087,-0.22639,-0.24464,-0.30108,-0.40784,3.635,3.95438,4.37692,4.69005,4.80867
2013-07-09,3.489,3.498,3.5260000000000002,3.4610000000000003,92158.0,600068,0.00258,-0.05332,-0.22284,-0.24121,-0.30554,-0.41091,3.5956,3.90662,4.35898,4.67754,4.79875
2013-07-10,3.498,3.582,3.582,3.489,108666.0,600068,0.02401,-0.01566,-0.19596,-0.21842,-0.27724,-0.39768,3.5842,3.86505,4.34284,4.66637,4.78913
2013-07-11,3.6010000000000004,3.7880000000000003,3.835,3.592,362227.0,600068,0.05751,0.033,-0.13397,-0.1767,-0.23844,-0.36304,3.6084,3.83714,4.32973,4.65672,4.78036
2013-07-12,3.76,3.685,3.798,3.676,234405.0,600068,-0.02719,0.0,-0.13396,-0.20065,-0.26182,-0.37362,3.6084,3.81,4.31481,4.6461,4.77142
2013-07-15,3.695,3.7319999999999998,3.76,3.685,180622.0,600068,0.01275,0.06965,-0.12291,-0.19673,-0.27995,-0.34434,3.657,3.7851,4.30006,4.6343,4.76346
2013-07-16,3.713,3.7319999999999998,3.741,3.667,132770.0,600068,0.0,0.0669,-0.11919,-0.1936,-0.2787,-0.34641,3.7038,3.76105,4.28561,4.62258,4.75541
2013-07-17,3.713,3.695,3.7510000000000003,3.685,135428.0,600068,-0.00991,0.03155,-0.12792,-0.19058,-0.28461,-0.3272,3.7264,3.73524,4.27158,4.61063,4.74811
2013-07-18,3.676,3.6289999999999996,3.713,3.6289999999999996,143903.0,600068,-0.01786,-0.04197,-0.14167,-0.20329,-0.29107,-0.33596,3.6946,3.70671,4.25665,4.59851,4.74065
2013-07-19,3.6289999999999996,3.545,3.667,3.536,148464.0,600068,-0.02315,-0.03799,-0.13473,-0.22801,-0.3087,-0.35872,3.6666,3.68043,4.23976,4.58564,4.73259
2013-07-22,3.536,3.6289999999999996,3.639,3.498,145431.0,600068,0.0237,-0.0276,-0.10616,-0.21586,-0.2636,-0.34999,3.646,3.6599,4.22365,4.57508,4.72464
2013-07-23,3.685,3.7319999999999998,3.76,3.676,218842.0,600068,0.02838,0.0,-0.00507,-0.19046,-0.26187,-0.32829,3.646,3.659,4.20948,4.56432,4.71723
2013-07-24,3.713,3.741,3.77,3.685,188800.0,600068,0.00241,0.01245,0.00999,-0.20269,-0.27175,-0.30619,3.6552,3.66076,4.19415,4.55297,4.71052
2013-07-25,3.741,3.7230000000000003,3.77,3.713,145542.0,600068,-0.00481,0.0259,0.01279,-0.21106,-0.27271,-0.31183,3.674,3.663,4.17808,4.54162,4.70366
2013-07-26,3.713,3.685,3.713,3.676,90045.0,600068,-0.01021,0.03949,0.00245,-0.19594,-0.26841,-0.32682,3.702,3.66343,4.1636,4.53063,4.69639
2013-07-29,3.657,3.6289999999999996,3.667,3.611,126859.0,600068,-0.0152,0.0,-0.0152,-0.21586,-0.29616,-0.35104,3.702,3.66076,4.14748,4.51821,4.68841
2013-07-30,3.648,3.648,3.676,3.6010000000000004,84910.0,600068,0.00524,-0.02251,-0.00762,-0.20245,-0.30712,-0.34009,3.6852,3.65943,4.13255,4.50507,4.68076
2013-07-31,3.657,3.648,3.685,3.639,82313.0,600068,0.0,-0.02486,-0.01272,-0.19754,-0.2911,-0.34009,3.6666,3.65719,4.11806,4.49289,4.67312
2013-08-01,3.657,3.7039999999999997,3.7230000000000003,3.657,123816.0,600068,0.01535,-0.0051,0.01786,-0.1836,-0.27515,-0.33105,3.6628,3.66029,4.10463,4.48146,4.66567
2013-08-02,3.7319999999999998,3.695,3.7319999999999998,3.685,97259.0,600068,-0.00243,0.00271,0.00764,-0.19534,-0.2638,-0.3294,3.6648,3.66162,4.09016,4.47069,4.65829
2013-08-05,3.713,3.7230000000000003,3.7230000000000003,3.685,117316.0,600068,0.00758,0.0259,0.01031,-0.19711,-0.25689,-0.31876,3.6836,3.66343,4.07542,4.46023,4.65121
2013-08-06,3.7039999999999997,3.741,3.741,3.676,175853.0,600068,0.00483,0.02549,0.07223,-0.18692,-0.26919,-0.3132,3.7022,3.67543,4.06155,4.44902,4.64428
2013-08-07,3.7319999999999998,3.863,3.947,3.7039999999999997,506173.0,600068,0.03261,0.05894,0.10435,-0.17014,-0.25078,-0.28595,3.7452,3.69281,4.04877,4.43851,4.63799
2013-08-08,3.826,3.807,3.844,3.779,279258.0,600068,-0.0145,0.02781,0.06281,-0.17419,-0.26929,-0.26164,3.7658,3.70352,4.03582,4.42711,4.6325
2013-08-09,3.807,3.76,3.8160000000000003,3.741,182013.0,600068,-0.01235,0.01759,-0.00739,-0.18597,-0.28828,-0.28463,3.7788,3.70219,4.02197,4.41472,4.62642
2013-08-23,3.835,3.863,3.957,3.798,547512.0,600068,0.02739,0.0376,0.0483,-0.16367,-0.26503,-0.25597,3.8068,3.71067,4.00977,4.4034,4.62102
2013-08-26,3.863,3.8819999999999997,3.8819999999999997,3.8160000000000003,230596.0,600068,0.00492,0.03769,0.04019,-0.14775,-0.26394,-0.26394,3.835,3.71781,3.99892,4.39208,4.61536
2013-08-27,3.8819999999999997,3.863,3.8819999999999997,3.844,154935.0,600068,-0.00489,0.0,0.0351,-0.14003,-0.28714,-0.28476,3.835,3.72405,3.98877,4.37943,4.60911
2013-08-28,3.844,3.807,3.863,3.7880000000000003,203656.0,600068,-0.0145,0.0,0.03031,-0.15756,-0.29277,-0.29395,3.835,3.72938,3.97729,4.36662,4.60267
2013-08-29,3.8160000000000003,3.807,3.826,3.779,129232.0,600068,0.0,0.0125,0.04905,-0.16932,-0.29159,-0.28921,3.8444,3.73786,3.96477,4.35388,4.59637
2013-08-30,3.798,3.835,3.863,3.77,176054.0,600068,0.00735,-0.00725,0.08181,-0.16973,-0.28518,-0.28757,3.8388,3.75167,3.95213,4.34144,4.59008
2013-09-02,3.8160000000000003,3.863,3.8819999999999997,3.8160000000000003,170698.0,600068,0.0073,-0.00489,0.06448,-0.16367,-0.27875,-0.27996,3.835,3.76281,3.93994,4.3293,4.58397
2013-09-03,3.863,3.891,3.9010000000000002,3.8539999999999996,179512.0,600068,0.00725,0.00725,0.0426,-0.15597,-0.25574,-0.26223,3.8406,3.77038,3.92834,4.31843,4.57835
2013-09-04,3.9010000000000002,3.863,3.9010000000000002,3.8539999999999996,147326.0,600068,-0.0072,0.01471,0.03261,-0.14856,-0.26629,-0.26754,3.8518,3.77619,3.91747,4.30703,4.57261
2013-09-05,3.863,3.807,3.872,3.798,180733.0,600068,-0.0145,0.0,0.02256,-0.16256,-0.24419,-0.26548,3.8518,3.78019,3.90555,4.29703,4.56702
2013-09-06,3.798,3.8160000000000003,3.835,3.7880000000000003,149233.0,600068,0.00236,-0.00495,0.03555,-0.16058,-0.23969,-0.25845,3.848,3.78643,3.89377,4.28725,4.56161
2013-09-09,3.807,3.9010000000000002,3.9010000000000002,3.807,295253.0,600068,0.02227,0.00984,0.07495,-0.15544,-0.22414,-0.24604,3.8556,3.79938,3.88219,4.27809,4.55644
2013-09-10,3.9010000000000002,3.9939999999999998,4.003,3.872,467804.0,600068,0.02384,0.02647,0.09485,-0.13362,-0.18656,-0.22386,3.8762,3.81586,3.87226,4.27064,4.55176
2013-09-11,4.031000000000001,4.0969999999999995,4.228,4.003,562306.0,600068,0.02579,0.06057,0.12308,-0.10429,-0.16863,-0.20816,3.923,3.83724,3.86456,4.26389,4.54738
2013-09-12,4.088,4.0969999999999995,4.1160000000000005,4.022,307468.0,600068,0.0,0.07618,0.1061,-0.10429,-0.18662,-0.19824,3.981,3.85595,3.85687,4.25624,4.54326
2013-09-13,4.078,4.078,4.162,4.06,240056.0,600068,-0.00464,0.06866,0.10365,-0.10844,-0.19343,-0.20055,4.0334,3.87419,3.84887,4.24829,4.5391
2013-09-16,4.088,4.041,4.125,4.031000000000001,154614.0,600068,-0.00907,0.03589,0.08541,-0.10399,-0.17243,-0.19341,4.0614,3.88933,3.84131,4.24145,4.53516
2013-09-17,4.041,3.975,4.069,3.966,176487.0,600068,-0.01633,-0.00476,0.06255,-0.11686,-0.19632,-0.17668,4.0576,3.90048,3.83282,4.23355,4.5317
2013-09-18,3.985,3.966,4.003,3.929,135367.0,600068,-0.00226,-0.03197,0.02666,-0.10976,-0.20409,-0.18328,4.0314,3.90538,3.82494,4.22528,4.52808
2013-09-23,3.966,4.022,4.041,3.957,146865.0,600068,0.01412,-0.01831,0.05647,-0.08048,-0.18086,-0.19286,4.0164,3.91562,3.81926,4.21807,4.52417
2013-09-24,4.022,3.966,4.031000000000001,3.938,158244.0,600068,-0.01392,-0.02746,0.05479,-0.06792,-0.18159,-0.18007,3.994,3.92543,3.8146,4.21091,4.52063
2013-09-25,3.966,3.9010000000000002,3.975,3.891,144765.0,600068,-0.01639,-0.03464,0.00984,-0.0832,-0.1844,-0.18287,3.966,3.92724,3.80889,4.20374,4.51708
2013-09-26,3.9010000000000002,3.807,3.9010000000000002,3.798,162800.0,600068,-0.0241,-0.04226,-0.01932,-0.10149,-0.21294,-0.21,3.9324,3.92367,3.80195,4.19537,4.51297
2013-09-27,3.798,3.8160000000000003,3.835,3.798,91940.0,600068,0.00236,-0.03782,-0.01217,-0.09936,-0.19289,-0.1867,3.9024,3.92143,3.79516,4.18795,4.50941
2013-09-30,3.835,3.807,3.8539999999999996,3.798,81693.0,600068,-0.00236,-0.05346,0.0,-0.09957,-0.19326,-0.18059,3.8594,3.92143,3.78837,4.18054,4.506
2013-10-08,3.798,3.8539999999999996,3.863,3.77,111127.0,600068,0.01235,-0.02824,0.01235,-0.05931,-0.1864,-0.1786,3.837,3.92367,3.78445,4.17336,4.50259
2013-10-09,3.835,3.8819999999999997,3.8819999999999997,3.8160000000000003,108579.0,600068,0.00727,-0.00487,0.01226,-0.04384,-0.16785,-0.23068,3.8332,3.9259,3.78158,4.16699,4.49786
2013-10-10,3.91,3.9189999999999996,3.985,3.9010000000000002,246216.0,600068,0.00953,0.02942,0.0145,0.04479,-0.16475,-0.23576,3.8556,3.92857,3.78429,4.16071,4.49294
2013-10-11,3.938,3.947,3.966,3.929,154539.0,600068,0.00714,0.03433,0.01439,0.0656,-0.17479,-0.215,3.8818,3.93124,3.78821,4.15391,4.48855
2013-10-14,3.966,4.022,4.041,3.957,225761.0,600068,0.019,0.05647,0.04116,0.09412,-0.17328,-0.20451,3.9248,3.93881,3.79379,4.14706,4.48435
2013-10-15,4.022,3.985,4.022,3.947,164014.0,600068,-0.0092,0.03399,0.04676,0.08406,-0.17306,-0.18988,3.951,3.94729,3.79877,4.14028,4.48055
2013-10-16,3.985,3.8819999999999997,3.985,3.872,147065.0,600068,-0.02585,0.0,0.0173,0.05346,-0.18531,-0.21671,3.951,3.95043,3.80195,4.1331,4.47618
2013-10-17,3.891,3.929,3.975,3.891,141545.0,600068,0.01211,0.00255,0.00718,0.06882,-0.15939,-0.177,3.953,3.95176,3.80603,4.12704,4.47275
2013-10-18,3.929,3.891,3.938,3.8819999999999997,93649.0,600068,-0.00967,-0.01419,-0.02579,0.05304,-0.17072,-0.17859,3.9418,3.94686,3.80919,4.12053,4.46931
2013-10-21,3.891,3.957,3.975,3.8539999999999996,151675.0,600068,0.01696,-0.01616,-0.03417,0.08739,-0.13128,-0.16307,3.9288,3.94019,3.81432,4.11567,4.46617
2013-10-22,3.947,4.041,4.088,3.929,425830.0,600068,0.02123,0.01405,-0.01367,0.10199,-0.11999,-0.11826,3.94,3.93752,3.82035,4.11119,4.46397
2013-10-23,4.022,3.938,4.041,3.9189999999999996,255688.0,600068,-0.02549,0.01443,-0.03433,0.06866,-0.14743,-0.14242,3.9512,3.93086,3.82444,4.10565,4.46131
2013-10-24,3.929,3.91,3.975,3.891,109458.0,600068,-0.00711,-0.00484,-0.03242,0.12066,-0.15184,-0.1399,3.9474,3.92462,3.83123,4.09996,4.45873
2013-10-25,3.9010000000000002,3.826,3.938,3.8160000000000003,155938.0,600068,-0.02148,-0.01671,-0.03748,0.09377,-0.16518,-0.14826,3.9344,3.91752,3.83652,4.0938,4.45602
2013-10-28,3.826,3.8819999999999997,3.929,3.826,127707.0,600068,0.01464,-0.01895,-0.02118,0.08375,-0.15627,-0.11612,3.9194,3.91352,3.84135,4.08796,4.45395
2013-10-29,3.8539999999999996,3.826,3.938,3.779,173156.0,600068,-0.01443,-0.0532,-0.04873,0.01003,-0.17007,-0.15504,3.8764,3.90419,3.84197,4.08159,4.45109
2013-10-30,3.844,3.9189999999999996,3.9189999999999996,3.835,144834.0,600068,0.02431,-0.00482,-0.01185,0.0635,-0.15648,-0.16314,3.8726,3.90195,3.84574,4.07567,4.44799
2013-10-31,3.91,3.929,3.938,3.872,165303.0,600068,0.00255,0.00486,0.00718,0.05279,-0.15104,-0.15104,3.8764,3.90329,3.84892,4.06999,4.44515
2013-11-01,3.938,3.985,3.9939999999999998,3.9189999999999996,224769.0,600068,0.01425,0.04156,0.04676,0.06779,-0.12705,-0.17461,3.9082,3.91176,3.853,4.06528,4.44172
2013-11-04,4.022,3.975,4.041,3.966,224166.0,600068,-0.00251,0.02396,0.04167,0.07578,-0.12733,-0.17205,3.9268,3.91933,3.85752,4.06056,4.43836
2013-11-05,3.957,3.938,3.957,3.9010000000000002,220866.0,600068,-0.00931,0.02927,0.03441,0.08515,-0.14242,-0.17512,3.9492,3.92557,3.8625,4.05524,4.43496
2013-11-06,3.9189999999999996,3.872,3.929,3.863,179167.0,600068,-0.01676,-0.01199,0.00467,0.09224,-0.16335,-0.18105,3.9398,3.92643,3.86777,4.0491,4.43148
2013-11-07,3.872,3.863,3.8819999999999997,3.835,96525.0,600068,-0.00232,-0.0168,-0.00489,0.06448,-0.16204,-0.18295,3.9266,3.92552,3.87155,4.04302,4.42797
2013-11-08,3.863,3.8160000000000003,3.872,3.807,89547.0,600068,-0.01217,-0.04241,-0.02628,0.02251,-0.1867,-0.20217,3.8928,3.92062,3.8729,4.0359,4.42404
2013-11-11,3.826,3.8160000000000003,3.844,3.798,113622.0,600068,0.0,-0.04,-0.03319,0.02005,-0.19135,-0.19748,3.861,3.91438,3.87411,4.02856,4.42022
2013-11-12,3.8160000000000003,3.835,3.844,3.8160000000000003,103399.0,600068,0.00498,-0.02616,-0.04649,0.03008,-0.16321,-0.20568,3.8404,3.90548,3.87592,4.02248,4.41618
2013-11-13,3.826,3.695,3.835,3.657,216154.0,600068,-0.03651,-0.04571,-0.07277,0.00271,-0.2016,-0.23181,3.805,3.89167,3.87608,4.01489,4.41165
2013-11-14,3.685,3.713,3.741,3.676,99845.0,600068,0.00487,-0.03883,-0.04353,0.02315,-0.18824,-0.22517,3.775,3.88362,3.87744,4.00789,4.40726
2013-11-15,3.7230000000000003,3.77,3.798,3.713,146128.0,600068,0.01535,-0.01205,-0.04047,0.03344,-0.1707,-0.20565,3.7658,3.87605,3.8794,4.00159,4.4033
2013-11-18,3.779,3.844,3.844,3.779,146204.0,600068,0.01963,0.00734,-0.01208,0.05373,-0.15274,-0.19933,3.7714,3.87381,3.88256,3.99595,4.39941
2013-11-19,3.947,3.863,3.947,3.844,236681.0,600068,0.00494,0.0073,-0.02376,0.04293,-0.15875,-0.19235,3.777,3.86933,3.88513,3.99002,4.39567
2013-11-20,3.844,3.872,3.891,3.835,122992.0,600068,0.00233,0.0479,-0.04182,0.0479,-0.16498,-0.16335,3.8124,3.86129,3.88798,3.9838,4.39259
2013-11-21,3.863,3.844,3.863,3.8160000000000003,142142.0,600068,-0.00723,0.03528,-0.02387,0.0325,-0.16453,-0.16616,3.8386,3.85681,3.88994,3.97765,4.38948
2013-11-22,3.8539999999999996,3.807,3.863,3.807,99176.0,600068,-0.00963,0.00981,-0.02634,0.01764,-0.18217,-0.17257,3.846,3.8519,3.891,3.97076,4.38625
2013-11-25,3.8160000000000003,3.807,3.835,3.7880000000000003,93501.0,600068,0.0,-0.00963,-0.00497,-0.0145,-0.17419,-0.17419,3.8386,3.851,3.8901,3.96423,4.38299
2013-11-26,3.8160000000000003,3.798,3.835,3.7880000000000003,75944.0,600068,-0.00236,-0.01683,-0.02164,-0.00236,-0.17774,-0.19823,3.8256,3.847,3.88995,3.95755,4.37917
2013-11-27,3.807,3.835,3.844,3.7880000000000003,114003.0,600068,0.00974,-0.00956,0.00235,0.01995,-0.16973,-0.19517,3.8182,3.84743,3.89116,3.95118,4.37539
2013-11-28,3.835,3.872,3.891,3.826,176838.0,600068,0.00965,0.00728,-0.01199,0.00233,-0.14995,-0.18416,3.8238,3.84519,3.89131,3.94563,4.37184
2013-11-29,3.8819999999999997,3.8539999999999996,3.891,3.844,105037.0,600068,-0.00465,0.01235,-0.01909,-0.00721,-0.14203,-0.18017,3.8332,3.84162,3.89085,3.94044,4.36839
2013-12-02,3.835,3.798,3.8539999999999996,3.7510000000000003,247080.0,600068,-0.01453,-0.00236,-0.04693,-0.01683,-0.15955,-0.18094,3.8314,3.83271,3.88981,3.93458,4.36498
2013-12-03,3.7880000000000003,3.826,3.844,3.779,149750.0,600068,0.00737,0.00737,-0.03748,0.00499,-0.16518,-0.15504,3.837,3.82562,3.89011,3.92842,4.36213
2013-12-04,3.8160000000000003,3.91,3.957,3.8160000000000003,401602.0,600068,0.02196,0.01956,-0.00711,0.02706,-0.1535,-0.1399,3.852,3.82429,3.89177,3.92266,4.35954
2013-12-05,3.9189999999999996,3.891,3.9189999999999996,3.872,151530.0,600068,-0.00486,0.00491,0.00491,0.0146,-0.15761,-0.15266,3.8558,3.82519,3.89268,3.91674,4.3567
2013-12-06,3.872,3.947,3.957,3.872,316558.0,600068,0.01439,0.02413,0.02174,0.02174,-0.14382,-0.12308,3.8744,3.82919,3.89403,3.91135,4.35444
2013-12-09,3.966,3.929,3.966,3.9010000000000002,165889.0,600068,-0.00456,0.03449,0.02961,0.00977,-0.13401,-0.12358,3.9006,3.83457,3.89465,3.90641,4.35219
2013-12-10,3.929,3.91,3.947,3.891,146768.0,600068,-0.00484,0.02196,0.02463,0.01217,-0.1399,-0.11698,3.9174,3.83905,3.8954,3.90124,4.35009
2013-12-11,3.891,3.844,3.9010000000000002,3.8160000000000003,218925.0,600068,-0.01688,-0.01688,0.00235,0.00972,-0.15442,-0.13012,3.9042,3.83948,3.896,3.89553,4.34775
2013-12-12,3.835,3.844,3.8539999999999996,3.8160000000000003,111547.0,600068,0.0,-0.01208,0.04032,0.00734,-0.16779,-0.13715,3.8948,3.84657,3.89645,3.88923,4.34526
2013-12-13,3.826,3.835,3.835,3.7880000000000003,168988.0,600068,-0.00234,-0.02838,0.03286,-0.01692,-0.16811,-0.14797,3.8724,3.85238,3.89539,3.88293,4.34256
2013-12-16,3.835,3.77,3.835,3.76,136470.0,600068,-0.01695,-0.04047,0.0,-0.05608,-0.17578,-0.1674,3.8406,3.85238,3.89177,3.87639,4.33948
2013-12-17,3.77,3.7510000000000003,3.7880000000000003,3.741,105516.0,600068,-0.00504,-0.04066,-0.02419,-0.08445,-0.17993,-0.15461,3.8088,3.84795,3.88619,3.8697,4.33669
2013-12-18,3.7510000000000003,3.76,3.779,3.741,77150.0,600068,0.0024,-0.02185,-0.02666,-0.08226,-0.17796,-0.1663,3.792,3.84305,3.88076,3.86308,4.33364
2013-12-19,3.779,3.741,3.807,3.7319999999999998,142128.0,600068,-0.00505,-0.0268,-0.03383,-0.08264,-0.17051,-0.16027,3.7714,3.83681,3.87532,3.85683,4.33074
2013-12-20,3.741,3.667,3.7510000000000003,3.648,167180.0,600068,-0.01978,-0.04381,-0.04605,-0.09255,-0.18529,-0.15798,3.7378,3.82838,3.86929,3.85005,4.32794
2013-12-23,3.667,3.667,3.676,3.62,77017.0,600068,0.0,-0.02732,-0.03677,-0.07748,-0.17688,-0.14202,3.7172,3.82171,3.86432,3.84364,4.32547
2013-12-24,3.826,3.7319999999999998,3.8819999999999997,3.695,215757.0,600068,0.01773,-0.00507,-0.0197,-0.059,-0.14678,-0.12477,3.7134,3.81814,3.86055,3.83842,4.32331
2013-12-25,3.7039999999999997,3.7319999999999998,3.741,3.695,81568.0,600068,0.0,-0.00745,-0.01738,-0.0721,-0.12291,-0.13411,3.7078,3.815,3.85587,3.83417,4.32096
2013-12-26,3.7039999999999997,3.657,3.7230000000000003,3.657,74618.0,600068,-0.0201,-0.02245,-0.04641,-0.07791,-0.14054,-0.15151,3.691,3.80652,3.85089,3.82931,4.3183
2013-12-27,3.657,3.7039999999999997,3.7230000000000003,3.648,63608.0,600068,0.01285,0.01009,-0.04339,-0.0505,-0.1258,-0.15318,3.6984,3.79852,3.84771,3.82498,4.31558
2013-12-30,3.7319999999999998,3.695,3.7319999999999998,3.685,59580.0,600068,-0.00243,0.00764,-0.04126,-0.02942,-0.12792,-0.18397,3.704,3.79095,3.8459,3.82057,4.3122
2013-12-31,3.676,3.7039999999999997,3.713,3.667,70997.0,600068,0.00244,-0.0075,-0.02475,-0.02935,-0.12394,-0.17542,3.6984,3.78648,3.8441,3.81631,4.30899
2014-01-02,3.713,3.685,3.713,3.676,60642.0,600068,-0.00513,-0.01259,-0.03685,-0.03205,-0.10056,-0.20531,3.689,3.77976,3.84213,3.81296,4.30512
2014-01-03,3.695,3.685,3.713,3.648,92823.0,600068,0.0,0.00766,-0.05754,-0.04385,-0.09236,-0.21311,3.6946,3.76905,3.8394,3.80991,4.30107
2014-01-06,3.667,3.582,3.676,3.5639999999999996,146237.0,600068,-0.02795,-0.03294,-0.07941,-0.07728,-0.04505,-0.22451,3.6702,3.75433,3.83456,3.80854,4.29685
2014-01-07,3.573,3.582,3.6010000000000004,3.5639999999999996,59580.0,600068,0.0,-0.03058,-0.09248,-0.08599,-0.03294,-0.22299,3.6476,3.73695,3.82913,3.80754,4.29267
2014-01-08,3.6010000000000004,3.554,3.611,3.554,79813.0,600068,-0.00782,-0.0405,-0.09544,-0.09957,-0.03319,-0.21821,3.6176,3.7191,3.82279,3.80655,4.28864
2014-01-09,3.554,3.508,3.573,3.508,86101.0,600068,-0.01294,-0.04803,-0.10281,-0.1278,-0.0457,-0.27205,3.5822,3.69995,3.8145,3.80519,4.28331
2014-01-10,3.508,3.48,3.517,3.452,101429.0,600068,-0.00798,-0.05563,-0.09469,-0.12673,-0.05563,-0.28188,3.5412,3.68262,3.80635,3.80352,4.27776
2014-01-13,3.489,3.48,3.508,3.47,63817.0,600068,0.0,-0.02848,-0.09469,-0.10355,-0.05332,-0.29254,3.5208,3.66529,3.79987,3.80193,4.27191
2014-01-14,3.489,3.508,3.517,3.47,56767.0,600068,0.00805,-0.02066,-0.08527,-0.10715,-0.05061,-0.28291,3.506,3.64971,3.79308,3.80041,4.26628
2014-01-15,3.517,3.573,3.582,3.47,84313.0,600068,0.01853,0.00535,-0.05225,-0.08173,-0.01814,-0.2723,3.5098,3.64033,3.78795,3.79987,4.26085
2014-01-16,3.5639999999999996,3.611,3.6289999999999996,3.536,109339.0,600068,0.01064,0.02936,-0.03732,-0.08744,-0.01527,-0.26321,3.5304,3.63367,3.78237,3.79941,4.2556
2014-01-17,3.6010000000000004,3.6010000000000004,3.62,3.498,140388.0,600068,-0.00277,0.03477,-0.04229,-0.10888,-0.0228,-0.25844,3.5546,3.6261,3.77527,3.79873,4.2505
2014-01-20,3.573,3.573,3.6010000000000004,3.536,91935.0,600068,-0.00778,0.02672,-0.04491,-0.09269,0.02408,-0.28425,3.5732,3.6181,3.76939,3.79941,4.24473
2014-01-21,3.582,3.582,3.6010000000000004,3.5639999999999996,58734.0,600068,0.00252,0.02109,-0.02318,-0.08389,0.02401,-0.28886,3.588,3.61405,3.7641,3.8001,4.23882
2014-01-22,3.592,3.639,3.648,3.582,123302.0,600068,0.01591,0.01847,-0.00764,-0.04888,0.01591,-0.26574,3.6012,3.61271,3.76108,3.80056,4.23346
2014-01-23,3.639,3.611,3.657,3.6010000000000004,87841.0,600068,-0.00769,0.0,-0.03242,-0.06981,-0.04673,-0.27402,3.6012,3.60695,3.75671,3.79912,4.22792
2014-01-24,3.611,3.6289999999999996,3.639,3.592,130673.0,600068,0.00498,0.00778,-0.0276,-0.05149,-0.0152,-0.27304,3.6068,3.60205,3.75353,3.79867,4.22238
2014-01-27,3.6010000000000004,3.582,3.62,3.573,97627.0,600068,-0.01295,0.00252,-0.02051,-0.08599,-0.04019,-0.30889,3.6086,3.59848,3.7481,3.79745,4.21587
2014-01-28,3.592,3.573,3.6010000000000004,3.5639999999999996,59445.0,600068,-0.00251,-0.00251,-0.03537,-0.09061,-0.0426,-0.30943,3.6068,3.59224,3.74235,3.79615,4.20937
2014-01-29,3.582,3.592,3.6010000000000004,3.573,78541.0,600068,0.00532,-0.01292,-0.02788,-0.09862,-0.02788,-0.30455,3.5974,3.58733,3.73602,3.79532,4.20297
2014-01-30,3.582,3.582,3.6010000000000004,3.573,55848.0,600068,-0.00278,-0.00803,-0.03294,-0.09887,-0.01295,-0.30025,3.5916,3.58152,3.72968,3.79493,4.19672
2014-02-07,3.573,3.592,3.592,3.554,51759.0,600068,0.00279,-0.0102,-0.02524,-0.08786,0.01326,-0.29953,3.5842,3.5771,3.7241,3.79532,4.19048
2014-02-10,3.6010000000000004,3.657,3.657,3.582,158466.0,600068,0.0181,0.02094,-0.0076,-0.05553,0.00772,-0.25791,3.5992,3.57576,3.72063,3.79554,4.18531
2014-02-11,3.648,3.657,3.667,3.62,181718.0,600068,0.0,0.02351,0.02094,-0.05333,-0.0201,-0.2767,3.616,3.57933,3.71731,3.79493,4.17963
2014-02-12,3.657,3.657,3.667,3.6289999999999996,118843.0,600068,0.0,0.0181,0.02094,-0.04167,-0.02245,-0.28811,3.629,3.5829,3.71474,3.79425,4.17361
2014-02-13,3.648,3.639,3.657,3.62,126337.0,600068,-0.00492,0.01591,0.02392,-0.04638,-0.02256,-0.28912,3.6404,3.58695,3.71189,3.79357,4.16759
2014-02-14,3.6289999999999996,3.657,3.657,3.6289999999999996,83465.0,600068,0.00495,0.0181,0.04247,-0.04641,-0.0076,-0.27397,3.6534,3.59405,3.70902,3.79334,4.16198
2014-02-17,3.667,3.77,3.7880000000000003,3.639,380565.0,600068,0.0309,0.0309,0.08333,0.0203,0.03885,-0.26881,3.676,3.60786,3.71023,3.79449,4.15635
2014-02-18,3.741,3.807,3.863,3.7230000000000003,455925.0,600068,0.00981,0.04102,0.09397,0.02532,0.04359,-0.27692,3.706,3.62343,3.71174,3.79578,4.15042
2014-02-19,3.807,3.826,3.872,3.807,302369.0,600068,0.00499,0.04621,0.09065,0.01485,0.04879,-0.25651,3.7398,3.63857,3.71265,3.79723,4.14506
2014-02-20,3.8539999999999996,3.844,3.8819999999999997,3.807,309432.0,600068,0.0047,0.05633,0.07585,0.0,0.0378,-0.24775,3.7808,3.65148,3.71265,3.79837,4.13991
2014-02-21,3.844,3.77,3.8539999999999996,3.7510000000000003,194013.0,600068,-0.01925,0.0309,0.04403,-0.02407,0.0203,-0.24885,3.8034,3.65905,3.71115,3.79898,4.13483
2014-02-24,3.76,3.695,3.77,3.667,198034.0,600068,-0.01989,-0.01989,0.0261,-0.04571,-0.00752,-0.26248,3.7884,3.66352,3.70829,3.79875,4.12949
2014-02-25,3.685,3.611,3.713,3.582,159614.0,600068,-0.02273,-0.05148,0.01064,-0.06061,-0.03475,-0.29459,3.7492,3.66533,3.70453,3.79769,4.12336
2014-02-26,3.582,3.6010000000000004,3.62,3.554,133033.0,600068,-0.00277,-0.05881,0.0053,-0.05411,-0.06782,-0.30159,3.7042,3.66624,3.70121,3.79556,4.11704
2014-02-27,3.6010000000000004,3.62,3.648,3.592,152203.0,600068,0.00528,-0.05827,-0.00522,-0.04912,-0.04912,-0.30518,3.6594,3.66533,3.69819,3.79404,4.11057
2014-02-28,3.611,3.6289999999999996,3.6289999999999996,3.573,102267.0,600068,0.00249,-0.0374,0.00498,-0.0445,-0.03484,-0.31308,3.6312,3.66619,3.69547,3.79298,4.10385
2014-03-03,3.62,3.667,3.676,3.592,181667.0,600068,0.01047,-0.00758,0.01047,-0.04381,-0.05074,-0.30232,3.6256,3.668,3.69276,3.79138,4.09739
2014-03-04,3.648,3.648,3.657,3.62,108802.0,600068,-0.00518,0.01025,0.01843,-0.05785,-0.06028,-0.3083,3.633,3.67114,3.68915,3.78948,4.09078
2014-03-05,3.657,3.676,3.713,3.62,163235.0,600068,0.00768,0.02083,0.02883,-0.04619,-0.04841,-0.32165,3.648,3.67605,3.68627,3.78796,4.0837
2014-03-06,3.676,3.741,3.779,3.639,225834.0,600068,0.01768,0.03343,0.04148,-0.01501,-0.01734,-0.30503,3.6722,3.68314,3.68535,3.78742,4.07702
2014-03-07,3.7510000000000003,3.76,3.76,3.685,188793.0,600068,0.00508,0.0361,0.04969,-0.01725,-0.01235,-0.30033,3.6984,3.69162,3.68429,3.78704,4.07046
2014-03-10,3.7510000000000003,3.62,3.7510000000000003,3.611,145991.0,600068,-0.03723,-0.01282,0.0078,-0.07417,-0.05606,-0.32526,3.689,3.69295,3.67961,3.78529,4.06337
2014-03-11,3.62,3.713,3.7230000000000003,3.592,233568.0,600068,0.02569,0.01782,0.01531,-0.04575,-0.03883,-0.30676,3.702,3.69562,3.67674,3.78407,4.05669
2014-03-12,3.676,3.7230000000000003,3.7510000000000003,3.667,221786.0,600068,0.00269,0.01279,0.01805,-0.05675,-0.04318,-0.28787,3.7114,3.69876,3.67313,3.78271,4.05057
2014-03-13,3.7230000000000003,3.7039999999999997,3.77,3.695,151232.0,600068,-0.0051,-0.00989,0.01285,-0.05727,-0.04116,-0.29649,3.704,3.701,3.6695,3.78141,4.04422
2014-03-14,3.695,3.648,3.7039999999999997,3.648,116099.0,600068,-0.01512,-0.02979,0.00247,-0.06701,-0.04177,-0.27576,3.6816,3.70143,3.66527,3.78012,4.03858
2014-03-17,3.657,3.657,3.667,3.62,120507.0,600068,0.00247,0.01022,0.0,-0.04865,-0.04167,-0.27137,3.689,3.70143,3.66226,3.77883,4.03304
2014-03-18,3.657,3.676,3.695,3.6289999999999996,138445.0,600068,0.0052,-0.00996,-0.02493,-0.0437,-0.05768,-0.26889,3.6816,3.69695,3.65955,3.777,4.02754
2014-03-19,3.657,3.639,3.667,3.62,102033.0,600068,-0.01007,-0.02256,-0.04413,-0.05111,-0.08888,-0.25886,3.6648,3.68895,3.65639,3.77411,4.02238
2014-03-20,3.6289999999999996,3.573,3.657,3.5639999999999996,99219.0,600068,-0.01814,-0.03537,-0.06613,-0.05225,-0.1279,-0.27496,3.6386,3.6769,3.65321,3.76985,4.01687
2014-03-21,3.554,3.685,3.685,3.554,155362.0,600068,0.03135,0.01014,-0.04136,-0.0176,-0.10056,-0.26841,3.646,3.66933,3.65215,3.7665,4.01137
2014-03-24,3.676,3.695,3.713,3.648,161008.0,600068,0.00271,0.01039,-0.01989,-0.01729,-0.09392,-0.26919,3.6536,3.66576,3.6511,3.76339,4.00584
2014-03-25,3.695,3.7319999999999998,3.77,3.685,255733.0,600068,0.01001,0.01523,0.01001,-0.00241,-0.07647,-0.23572,3.6648,3.66752,3.65095,3.76088,4.00116
2014-03-26,3.7319999999999998,3.7230000000000003,3.741,3.695,97987.0,600068,-0.00241,0.02308,0.03102,0.01527,-0.0634,-0.24727,3.6816,3.67286,3.65185,3.75883,3.99619
2014-03-27,3.7230000000000003,3.695,3.7510000000000003,3.695,129680.0,600068,-0.00752,0.03414,0.0261,0.00764,-0.06833,-0.25848,3.706,3.67733,3.65231,3.75663,3.99096
2014-03-28,3.695,3.7039999999999997,3.7230000000000003,3.685,101815.0,600068,0.00244,0.00516,0.0232,-0.0075,-0.07907,-0.24562,3.7098,3.68133,3.65185,3.75404,3.98605
2014-03-31,3.713,3.62,3.7230000000000003,3.573,227734.0,600068,-0.02268,-0.0203,-0.00248,-0.03001,-0.08724,-0.25299,3.6948,3.6809,3.65005,3.75123,3.98107
2014-04-01,3.611,3.6289999999999996,3.648,3.6010000000000004,90782.0,600068,0.00249,-0.0276,-0.01036,-0.00766,-0.06973,-0.24127,3.6742,3.6791,3.6496,3.74902,3.97638
2014-04-02,3.6289999999999996,3.648,3.657,3.611,79736.0,600068,0.00524,-0.02015,0.0,-0.01512,-0.04177,-0.24581,3.6592,3.6791,3.64869,3.74772,3.97154
2014-04-03,3.657,3.611,3.676,3.573,211739.0,600068,-0.01014,-0.02273,-0.01768,-0.02273,-0.05372,-0.23625,3.6424,3.676,3.64734,3.74606,3.967
2014-04-04,3.592,3.6289999999999996,3.6289999999999996,3.582,125390.0,600068,0.00498,-0.02025,-0.02994,-0.02025,-0.04676,-0.23098,3.6274,3.67067,3.64613,3.74461,3.96257
2014-04-08,3.611,3.657,3.667,3.6010000000000004,142937.0,600068,0.00772,0.01022,-0.02739,-0.0076,-0.05112,-0.22799,3.6348,3.66576,3.64568,3.74301,3.95818
2014-04-09,3.657,3.657,3.676,3.639,133996.0,600068,0.0,0.00772,0.01022,-0.0076,-0.05796,-0.21608,3.6404,3.66752,3.64523,3.74118,3.95409
2014-04-10,3.657,3.713,3.7230000000000003,3.6289999999999996,279830.0,600068,0.01531,0.01782,0.0,0.03657,-0.05256,-0.20865,3.6534,3.66752,3.64734,3.7395,3.95011
2014-04-11,3.685,3.685,3.695,3.667,127014.0,600068,-0.00754,0.02049,-0.01021,0.02875,-0.06638,-0.22956,3.6682,3.66571,3.649,3.73737,3.94564
2014-04-14,3.676,3.695,3.7039999999999997,3.667,103495.0,600068,0.00271,0.01819,-0.00243,0.03967,-0.0813,-0.24049,3.6814,3.66529,3.65127,3.73472,3.94089
2014-04-15,3.676,3.648,3.695,3.6289999999999996,132313.0,600068,-0.01272,-0.00246,0.0,0.03991,-0.08457,-0.243,3.6796,3.66529,3.65353,3.73198,3.93613
2014-04-16,3.648,3.648,3.667,3.611,68311.0,600068,0.0,-0.00246,-0.00246,0.04828,-0.06028,-0.23442,3.6778,3.66486,3.65624,3.73007,3.93159
2014-04-17,3.648,3.685,3.695,3.6289999999999996,110564.0,600068,0.01014,-0.00754,0.00245,0.05891,-0.0621,-0.2116,3.6722,3.66529,3.65955,3.72809,3.92757
2014-04-18,3.676,3.657,3.676,3.648,134407.0,600068,-0.0076,-0.0076,0.00495,0.04247,-0.06014,-0.22059,3.6666,3.66614,3.66195,3.72619,3.92336
2014-04-21,3.6289999999999996,3.639,3.7039999999999997,3.6289999999999996,189217.0,600068,-0.00492,-0.01516,0.01847,0.01847,-0.08036,-0.2011,3.6554,3.66929,3.66302,3.7236,3.91963
2014-04-22,3.6289999999999996,3.611,3.648,3.582,140115.0,600068,-0.00769,-0.01014,-0.02008,0.0,-0.10641,-0.21363,3.648,3.66576,3.66302,3.72011,3.91565
2014-04-23,3.611,3.6010000000000004,3.62,3.592,97099.0,600068,-0.00277,-0.01288,-0.02544,0.0,-0.08558,-0.22039,3.6386,3.66129,3.66302,3.71737,3.91151
2014-04-24,3.6010000000000004,3.582,3.611,3.5639999999999996,99527.0,600068,-0.00528,-0.02795,-0.04019,0.00252,-0.08389,-0.22299,3.618,3.65414,3.66316,3.7147,3.90733
2014-04-25,3.582,3.554,3.6010000000000004,3.545,110908.0,600068,-0.00782,-0.02817,-0.04539,-0.00782,-0.07109,-0.22453,3.5974,3.6461,3.66271,3.71249,3.90315
2014-04-28,3.554,3.48,3.554,3.423,188917.0,600068,-0.02082,-0.04369,-0.05819,-0.04369,-0.10355,-0.24364,3.5656,3.63586,3.66015,3.70922,3.89859
2014-04-29,3.47,3.508,3.508,3.4610000000000003,77341.0,600068,0.00805,-0.02852,-0.05292,-0.02852,-0.08312,-0.23905,3.545,3.62652,3.65848,3.70663,3.89411
2014-04-30,3.498,3.545,3.545,3.489,88058.0,600068,0.01055,-0.01555,-0.02072,-0.02315,-0.09543,-0.23698,3.5338,3.62295,3.65713,3.70359,3.88963
2014-05-05,3.536,3.592,3.6010000000000004,3.508,149030.0,600068,0.01326,0.00279,-0.0102,0.00279,-0.08577,-0.22385,3.5358,3.62119,3.65729,3.70085,3.88542
2014-05-06,3.573,3.62,3.62,3.5639999999999996,146073.0,600068,0.0078,0.01857,-0.00768,0.01315,-0.09159,-0.20701,3.549,3.61986,3.65805,3.69789,3.88158
2014-05-07,3.6010000000000004,3.5639999999999996,3.6010000000000004,3.554,61935.0,600068,-0.01547,0.02414,-0.01302,-0.0078,-0.1034,-0.21756,3.5658,3.61762,3.6576,3.69454,3.87755
2014-05-08,3.554,3.573,3.611,3.554,73955.0,600068,0.00253,0.01853,-0.01543,-0.00251,-0.09269,-0.22191,3.5788,3.61495,3.65745,3.69158,3.87341
2014-05-09,3.582,3.545,3.582,3.536,57016.0,600068,-0.00784,0.0,-0.03063,-0.01308,-0.08445,-0.23401,3.5788,3.60962,3.65669,3.68892,3.86901
2014-05-12,3.582,3.62,3.62,3.5639999999999996,112612.0,600068,0.02116,0.0078,-0.01012,-0.01012,-0.0629,-0.21475,3.5844,3.60786,3.6561,3.68694,3.86498
2014-05-13,3.6289999999999996,3.62,3.639,3.592,78719.0,600068,0.0,0.0,-0.02505,-0.01012,-0.05136,-0.22847,3.5844,3.60343,3.6555,3.68535,3.86063
2014-05-14,3.6010000000000004,3.6010000000000004,3.62,3.582,54478.0,600068,-0.00525,0.01038,-0.0228,-0.01531,-0.05634,-0.23691,3.5918,3.59943,3.6546,3.6836,3.85608
2014-05-15,3.592,3.573,3.6289999999999996,3.573,94412.0,600068,-0.00778,0.0,-0.03302,-0.01814,-0.06832,-0.22038,3.5918,3.59362,3.65353,3.68147,3.85198
2014-05-16,3.5639999999999996,3.592,3.592,3.554,55634.0,600068,0.00532,0.01326,-0.01535,-0.01777,-0.02788,-0.22385,3.6012,3.59095,3.65248,3.68063,3.84776
2014-05-19,3.582,3.554,3.592,3.545,65340.0,600068,-0.01058,-0.01823,-0.02577,-0.05729,-0.04282,-0.223,3.588,3.58648,3.649,3.67934,3.84362
2014-05-20,3.5639999999999996,3.573,3.6010000000000004,3.554,76139.0,600068,0.00535,-0.01298,-0.03039,-0.06147,-0.05225,-0.21403,3.5786,3.58114,3.64523,3.67774,3.83966
2014-05-21,3.554,3.6010000000000004,3.6010000000000004,3.545,68307.0,600068,0.00784,0.0,-0.01531,-0.05881,-0.06322,-0.2063,3.5786,3.57848,3.6416,3.67576,3.83586
2014-05-22,3.657,3.611,3.676,3.6010000000000004,245233.0,600068,0.00278,0.01064,-0.00769,-0.06061,-0.06523,-0.21363,3.5862,3.57714,3.63784,3.67372,3.83187
2014-05-23,3.6010000000000004,3.6010000000000004,3.611,3.582,72487.0,600068,-0.00277,0.00251,-0.00277,-0.04483,-0.06999,-0.22342,3.588,3.57667,3.63511,3.67151,3.82766
2014-05-26,3.62,3.62,3.639,3.611,74141.0,600068,0.00528,0.01857,0.00528,-0.0203,-0.05827,-0.21321,3.6012,3.57757,3.6339,3.66969,3.82367
2014-05-27,3.62,3.62,3.62,3.6010000000000004,56977.0,600068,0.0,0.01315,0.01061,0.00249,-0.04912,-0.22234,3.6106,3.57938,3.63405,3.66817,3.81946
2014-05-28,3.62,3.648,3.648,3.6010000000000004,78050.0,600068,0.00773,0.01305,0.02645,0.01305,-0.04177,-0.20868,3.62,3.58386,3.63481,3.66688,3.81555
2014-05-29,3.6289999999999996,3.611,3.648,3.592,75264.0,600068,-0.01014,0.0,0.03764,-0.00249,-0.04924,-0.21823,3.62,3.5901,3.63466,3.66536,3.81146
2014-05-30,3.611,3.592,3.6289999999999996,3.592,57001.0,600068,-0.00526,-0.0025,0.02395,-0.0102,-0.06336,-0.22234,3.6182,3.5941,3.63406,3.66338,3.80728
2014-06-03,3.6010000000000004,3.5639999999999996,3.611,3.5639999999999996,72907.0,600068,-0.0078,-0.01547,0.00536,-0.02809,-0.07955,-0.21756,3.607,3.595,3.6324,3.66088,3.80325
2014-06-04,3.5639999999999996,3.545,3.5639999999999996,3.517,72104.0,600068,-0.00533,-0.02072,-0.01308,-0.02823,-0.08018,-0.21082,3.592,3.59276,3.63074,3.65837,3.7994
2014-06-05,3.545,3.573,3.573,3.517,87551.0,600068,0.0079,-0.02056,-0.01298,-0.02802,-0.05924,-0.20934,3.577,3.59052,3.62908,3.65654,3.79556
2014-06-06,3.554,3.536,3.5639999999999996,3.517,81795.0,600068,-0.01036,-0.02077,-0.00786,-0.0548,-0.0758,-0.22845,3.562,3.58919,3.62577,3.65418,3.7913
2014-06-09,3.517,3.536,3.545,3.508,75490.0,600068,0.0,-0.01559,-0.01036,-0.05957,-0.09565,-0.23447,3.5508,3.58743,3.62216,3.65114,3.7869
2014-06-10,3.536,3.545,3.554,3.517,74818.0,600068,0.00255,-0.00533,0.0,-0.02072,-0.08892,-0.23252,3.547,3.58743,3.62095,3.64833,3.78253
2014-06-11,3.536,3.536,3.545,3.508,78891.0,600068,-0.00254,-0.00254,-0.0232,-0.04767,-0.10413,-0.23297,3.5452,3.58343,3.6181,3.64498,3.77817
2014-06-12,3.5260000000000002,3.536,3.536,3.517,72198.0,600068,0.0,-0.01036,-0.0232,-0.05023,-0.10003,-0.22063,3.5378,3.57943,3.61508,3.64179,3.7741
2014-06-13,3.5260000000000002,3.545,3.5639999999999996,3.517,105863.0,600068,0.00255,0.00255,-0.01555,-0.04293,-0.09335,-0.22019,3.5396,3.57676,3.61252,3.63882,3.77003
2014-06-16,3.545,3.573,3.573,3.536,93181.0,600068,0.0079,0.01046,0.0,-0.02056,-0.0705,-0.21403,3.547,3.57676,3.61131,3.63662,3.76607
2014-06-17,3.554,3.5639999999999996,3.5639999999999996,3.536,83902.0,600068,-0.00252,0.00536,-0.0078,-0.02543,-0.07284,-0.2284,3.5508,3.57543,3.60981,3.63434,3.76178
2014-06-18,3.554,3.5260000000000002,3.554,3.517,79887.0,600068,-0.01066,-0.00283,-0.00788,-0.04081,-0.08057,-0.23514,3.5488,3.5741,3.60739,3.63183,3.75738
2014-06-19,3.5260000000000002,3.508,3.536,3.47,98854.0,600068,-0.0051,-0.00792,-0.01819,-0.036,-0.0695,-0.23306,3.5432,3.571,3.60527,3.6297,3.75304
2014-06-20,3.508,3.5260000000000002,3.5260000000000002,3.489,52932.0,600068,0.00513,-0.00536,-0.02083,-0.01315,-0.05998,-0.22912,3.5394,3.56743,3.60452,3.62787,3.74878
2014-06-23,3.5260000000000002,3.5260000000000002,3.536,3.508,41107.0,600068,0.0,-0.01315,-0.02354,-0.04315,-0.06223,-0.22912,3.53,3.56338,3.60195,3.62597,3.74452
2014-06-24,3.517,3.536,3.536,3.508,58803.0,600068,0.00284,-0.00786,-0.01805,-0.04303,-0.0548,-0.21596,3.5244,3.56029,3.59939,3.6243,3.74057
2014-06-25,3.536,3.5260000000000002,3.545,3.508,50977.0,600068,-0.00283,0.0,-0.02597,-0.0552,-0.03845,-0.21662,3.5244,3.55581,3.59606,3.62315,3.7366
2014-06-26,3.5260000000000002,3.545,3.5639999999999996,3.517,102782.0,600068,0.00539,0.01055,-0.02072,-0.04781,-0.03327,-0.20426,3.5318,3.55224,3.59319,3.62216,3.7329
2014-06-27,3.555,3.555,3.5639999999999996,3.536,111749.0,600068,0.00282,0.00822,-0.02549,-0.03789,-0.04743,-0.18724,3.5376,3.54781,3.59094,3.62072,3.72957
2014-06-30,3.555,3.5639999999999996,3.574,3.545,88061.0,600068,0.00253,0.01078,-0.01302,-0.0378,-0.04502,-0.1624,3.5452,3.54557,3.58868,3.61936,3.72676
2014-07-01,3.574,3.593,3.612,3.555,132609.0,600068,0.00814,0.01612,0.00028,-0.00746,-0.0175,-0.15558,3.5566,3.54562,3.58824,3.61884,3.72407
2014-07-02,3.593,3.6319999999999997,3.6319999999999997,3.574,151031.0,600068,0.01085,0.03006,0.01908,0.00083,-0.01944,-0.14279,3.5778,3.54886,3.58829,3.61825,3.72161
2014-07-03,3.622,3.66,3.66,3.603,182410.0,600068,0.00771,0.03244,0.03244,0.00329,-0.00947,-0.13618,3.6008,3.55433,3.58848,3.61797,3.71927
2014-07-04,3.67,3.66,3.67,3.6319999999999997,131722.0,600068,0.0,0.02954,0.02435,0.01357,-0.01188,-0.13434,3.6218,3.55848,3.58927,3.61761,3.71696
2014-07-07,3.6510000000000002,3.66,3.67,3.6319999999999997,105177.0,600068,0.0,0.02694,0.03507,0.00854,-0.00678,-0.10666,3.641,3.56438,3.58977,3.61741,3.71518
2014-07-08,3.641,3.6510000000000002,3.6510000000000002,3.6319999999999997,84481.0,600068,-0.00246,0.01614,0.03252,-0.00164,-0.00923,-0.10074,3.6526,3.56986,3.58968,3.61713,3.71352
2014-07-09,3.6319999999999997,3.641,3.66,3.612,138431.0,600068,-0.00274,0.00248,0.02708,-0.00438,0.01647,-0.02933,3.6544,3.57443,3.58942,3.61761,3.71307
2014-07-10,3.622,3.6319999999999997,3.6319999999999997,3.612,77014.0,600068,-0.00247,-0.00765,0.02715,-0.02182,0.01396,-0.01944,3.6488,3.579,3.58811,3.61802,3.71278
2014-07-11,3.6319999999999997,3.641,3.641,3.612,103690.0,600068,0.00248,-0.00519,0.02969,-0.01194,0.02448,-0.00952,3.645,3.584,3.5874,3.61872,3.71264
2014-07-14,3.6319999999999997,3.699,3.708,3.622,200447.0,600068,0.01593,0.01066,0.04344,0.00108,0.05445,0.00626,3.6528,3.59133,3.58747,3.62028,3.71273
2014-07-15,3.708,3.708,3.737,3.68,180528.0,600068,0.00243,0.01561,0.03778,0.01645,0.06552,0.00624,3.6642,3.59776,3.58844,3.62213,3.71283
2014-07-16,3.718,3.9389999999999996,4.016,3.708,1528185.0,600068,0.0623,0.08185,0.10522,0.07977,0.1319,0.07155,3.7238,3.61562,3.59313,3.62586,3.71389
2014-07-17,3.891,3.853,3.9010000000000002,3.795,619268.0,600068,-0.02183,0.06085,0.09274,0.04559,0.09835,0.04276,3.768,3.63119,3.59584,3.62867,3.71454
2014-07-18,3.833,3.843,3.853,3.795,339075.0,600068,-0.0026,0.05548,0.0955,0.05086,0.07557,0.05606,3.8084,3.64714,3.59884,3.63086,3.71537
2014-07-21,3.833,3.7760000000000002,3.853,3.7560000000000002,338555.0,600068,-0.01743,0.02082,0.0709,0.03765,0.04569,0.02972,3.8238,3.65905,3.60105,3.6322,3.71581
2014-07-22,3.7760000000000002,3.785,3.805,3.7560000000000002,342463.0,600068,0.00238,0.02077,0.07345,0.04819,0.0511,0.02714,3.8392,3.67138,3.60385,3.6337,3.71622
2014-07-23,3.795,3.747,3.795,3.728,295486.0,600068,-0.01004,-0.04874,0.05967,0.04054,0.0487,0.07395,3.8008,3.68143,3.60621,3.63511,3.71726
2014-07-24,3.747,3.785,3.795,3.737,295205.0,600068,0.01014,-0.01765,0.07345,0.05667,0.05667,0.08205,3.7872,3.69376,3.60948,3.63676,3.71843
2014-07-25,3.785,3.795,3.853,3.7760000000000002,582103.0,600068,0.00264,-0.01249,0.07052,0.06781,0.04287,0.05946,3.7776,3.70567,3.61337,3.63803,3.7193
2014-07-28,3.805,3.862,3.872,3.795,517123.0,600068,0.01765,0.02278,0.08636,0.10977,0.06951,0.01954,3.7948,3.72029,3.61953,3.64007,3.7196
2014-07-29,3.872,3.853,3.8810000000000002,3.843,423489.0,600068,-0.00233,0.01797,0.08109,0.09835,0.06172,0.04559,3.8084,3.73405,3.6251,3.64189,3.72028
2014-07-30,3.862,3.891,3.92,3.833,400743.0,600068,0.00986,0.03843,0.08294,0.0976,0.08626,0.0426,3.8372,3.74824,3.63068,3.64441,3.72093
2014-07-31,3.8810000000000002,3.91,3.92,3.862,261290.0,600068,0.00488,0.03303,0.07654,0.08853,0.09432,0.0477,3.8622,3.76148,3.63581,3.64715,3.72165
2014-08-01,3.92,3.862,3.968,3.853,483020.0,600068,-0.01228,0.01765,0.05519,0.06685,0.07517,0.0452,3.8756,3.7711,3.63971,3.64934,3.72233
2014-08-04,3.862,3.91,3.91,3.862,311487.0,600068,0.01243,0.01243,0.06831,0.09708,0.09157,0.07743,3.8852,3.783,3.64529,3.65201,3.72347
2014-08-05,3.949,3.958,3.997,3.92,493722.0,600068,0.01228,0.02725,0.08142,0.10775,0.10189,0.1165,3.9062,3.79719,3.6515,3.65498,3.72515
2014-08-06,3.958,3.958,3.977,3.91,281414.0,600068,0.0,0.01722,0.08409,0.1165,0.08231,0.09066,3.9196,3.81181,3.65816,3.65743,3.72649
2014-08-07,3.958,3.91,3.977,3.891,258869.0,600068,-0.01213,0.0,0.07388,0.08011,0.06918,0.0477,3.9196,3.82462,3.66284,3.65949,3.72721
2014-08-08,3.9010000000000002,3.92,3.929,3.891,190307.0,600068,0.00256,0.01502,0.0793,0.08287,0.07192,0.04785,3.9312,3.83833,3.66768,3.66163,3.72794
2014-08-11,3.92,3.9389999999999996,3.949,3.9010000000000002,240284.0,600068,0.00485,0.00742,0.08185,0.09386,0.08244,0.05802,3.937,3.85252,3.67313,3.66407,3.72882
2014-08-12,3.949,3.92,3.949,3.91,212878.0,600068,-0.00482,-0.0096,0.05975,0.09712,0.07192,0.06377,3.9294,3.86305,3.67873,3.6662,3.72977
2014-08-13,3.92,3.8810000000000002,3.929,3.8139999999999996,606891.0,600068,-0.00995,-0.01945,0.04666,0.08046,0.02944,0.06944,3.914,3.87129,3.68339,3.66711,3.7308
2014-08-14,3.862,3.853,3.891,3.833,254439.0,600068,-0.00721,-0.01458,-0.02183,0.08413,0.01208,0.0562,3.9026,3.86719,3.68821,3.66748,3.73163
2014-08-15,3.853,3.8810000000000002,3.891,3.853,166958.0,600068,0.00727,-0.00995,0.00727,0.0862,0.01438,0.06387,3.8948,3.86852,3.69318,3.66793,3.73258
2014-08-18,3.8810000000000002,3.91,3.92,3.8810000000000002,208824.0,600068,0.00747,-0.00736,0.01743,0.08581,0.01717,0.05562,3.889,3.87171,3.69816,3.66846,3.73341
2014-08-19,3.91,3.891,3.92,3.872,231908.0,600068,-0.00486,-0.0074,0.03046,0.07754,0.0321,0.05304,3.8832,3.87719,3.70268,3.66945,3.73421
2014-08-20,3.92,3.929,3.987,3.91,526950.0,600068,0.00977,0.01237,0.03804,0.09109,0.06333,0.05533,3.8928,3.88405,3.70797,3.67135,3.73505
2014-08-21,3.9389999999999996,3.91,3.9389999999999996,3.872,276969.0,600068,-0.00484,0.01479,0.0435,0.08011,0.0828,0.04518,3.9042,3.89181,3.71265,3.67378,3.73574
2014-08-22,3.9010000000000002,3.92,3.92,3.891,207384.0,600068,0.00256,0.01005,0.03567,0.08287,0.08859,0.01476,3.912,3.89824,3.71748,3.67637,3.73597
2014-08-25,3.929,3.929,3.949,3.8810000000000002,287679.0,600068,0.0023,0.00486,0.03531,0.07703,0.08536,0.03205,3.9158,3.90462,3.72202,3.67889,3.73646
2014-08-26,3.958,3.91,3.968,3.891,371719.0,600068,-0.00484,0.00488,0.01243,0.0828,0.07743,0.03989,3.9196,3.9069,3.72684,3.68117,3.73707
2014-08-27,3.91,3.958,3.977,3.891,461086.0,600068,0.01228,0.00738,0.02725,0.10189,0.07936,0.02459,3.9254,3.9119,3.73274,3.68354,3.73746
2014-08-28,3.977,3.92,3.977,3.91,255442.0,600068,-0.0096,0.00256,0.00745,0.09989,0.07456,0.00979,3.9274,3.91329,3.73848,3.68575,3.73761
2014-08-29,3.929,3.9389999999999996,3.949,3.9010000000000002,218431.0,600068,0.00485,0.00485,0.00742,0.11114,0.07155,0.01967,3.9312,3.91467,3.74484,3.68789,3.73792
2014-09-01,3.949,3.987,4.006,3.9389999999999996,389724.0,600068,0.01219,0.01476,0.03237,0.11587,0.06576,0.04728,3.9428,3.92062,3.75152,3.68989,3.73865
2014-09-02,3.977,4.074,4.093,3.968,711924.0,600068,0.02182,0.04194,0.04194,0.15215,0.08351,0.07013,3.9756,3.92843,3.76019,3.69244,3.73974
2014-09-03,4.074,4.064,4.141,4.053999999999999,640782.0,600068,-0.00245,0.02678,0.02678,0.14932,0.12265,0.05971,3.9968,3.93348,3.76871,3.69605,3.74067
2014-09-04,4.064,4.102,4.122,4.064,311484.0,600068,0.00935,0.04643,0.03638,0.15712,0.10477,0.06187,4.0332,3.94033,3.77769,3.69921,3.74164
2014-09-05,4.112,4.198,4.208,4.112,628326.0,600068,0.0234,0.06575,0.07366,0.18722,0.12759,0.0789,4.085,3.95405,3.78837,3.70307,3.74289
2014-09-09,4.218,4.17,4.256,4.15,503052.0,600068,-0.00667,0.0459,0.06378,0.1793,0.12581,0.07947,4.1216,3.96595,3.7986,3.70686,3.74414
2014-09-30,4.323,4.583,4.583,4.246,904671.0,600068,0.09904,0.12494,0.16349,0.29281,0.2563,0.20384,4.2234,3.99662,3.81534,3.71446,3.74729
2014-10-08,4.813,4.612,4.813,4.515,1605092.0,600068,0.00633,0.13484,0.17653,0.29079,0.26114,0.2086,4.333,4.02957,3.8321,3.72223,3.75053
2014-10-09,4.583,4.563,4.631,4.515,781309.0,600068,-0.01062,0.11238,0.17573,0.2803,0.24129,0.1697,4.4252,4.06205,3.84821,3.72944,3.75322
2014-10-10,4.573,4.64,4.775,4.563,963977.0,600068,0.01687,0.10529,0.20426,0.31594,0.27508,0.16174,4.5136,4.09952,3.86618,3.73758,3.75585
2014-10-13,4.612,4.621,4.64,4.525,515278.0,600068,-0.00409,0.10815,0.19067,0.31727,0.29331,0.1279,4.6038,4.13476,3.88413,3.7461,3.75798
2014-10-14,4.592,4.573,4.621,4.535,396497.0,600068,-0.01039,-0.00218,0.16957,0.29694,0.24098,0.11618,4.6018,4.16633,3.90102,3.75332,3.75991
2014-10-15,4.612,4.621,4.66,4.525,486834.0,600068,0.0105,0.00195,0.18761,0.31055,0.25061,0.13315,4.6036,4.2011,3.91868,3.76085,3.76212
2014-10-16,4.583,4.65,4.803999999999999,4.544,830681.0,600068,0.00628,0.01907,0.18351,0.31505,0.24598,0.15071,4.621,4.23543,3.93665,3.76831,3.76459
2014-10-17,4.621,4.563,4.669,4.515,498917.0,600068,-0.01871,-0.01659,0.16701,0.2941,0.22562,0.14792,4.6056,4.26652,3.95337,3.77514,3.76698
2014-10-20,4.592,4.583,4.612,4.535,276856.0,600068,0.00438,-0.00822,0.16913,0.29281,0.24032,0.15557,4.598,4.2981,3.97011,3.78236,3.76949
2014-10-21,4.583,4.487,4.592,4.477,336952.0,600068,-0.02095,-0.01881,0.14202,0.26217,0.21139,0.11561,4.5808,4.32467,3.98515,3.78872,3.77138
2014-10-22,4.439,4.333,4.487,4.323,490619.0,600068,-0.03432,-0.06232,0.10818,0.21577,0.19696,0.09254,4.5232,4.34481,3.99755,3.79452,3.77287
2014-10-23,4.303999999999999,4.256,4.323,4.218,437913.0,600068,-0.01777,-0.08473,0.07529,0.18453,0.17277,0.091,4.4444,4.359,4.00824,3.79962,3.77432
2014-10-24,4.266,4.303999999999999,4.362,4.256,271727.0,600068,0.01128,-0.05676,0.09796,0.18502,0.17982,0.13055,4.3926,4.37729,4.01908,3.80495,3.77634
2014-10-27,4.275,4.285,4.303999999999999,4.237,197486.0,600068,-0.00441,-0.06502,0.08784,0.17077,0.18665,0.1229,4.333,4.39376,4.02916,3.81043,3.77824
2014-10-28,4.275,4.4,4.4,4.275,322117.0,600068,0.02684,-0.01939,0.10359,0.20219,0.21246,0.15577,4.3156,4.41343,4.0411,3.8167,3.78065
2014-10-29,4.419,4.458,4.477,4.371,485213.0,600068,0.01318,0.02885,0.09426,0.21803,0.21903,0.15672,4.3406,4.43171,4.05397,3.82321,3.78311
2014-10-30,4.496,4.563,4.631,4.477,803023.0,600068,0.02355,0.07213,0.12279,0.24979,0.24774,0.17543,4.402,4.45548,4.06868,3.83058,3.78588
2014-10-31,4.563,4.573,4.66,4.544,608778.0,600068,0.00219,0.0625,0.11482,0.25597,0.23162,0.16688,4.4558,4.4779,4.08371,3.83757,3.78854
2014-11-03,4.592,4.688,4.736000000000001,4.583,964617.0,600068,0.02515,0.09405,0.11672,0.29075,0.27218,0.18774,4.5364,4.50124,4.10074,3.84572,3.79155
2014-11-04,4.736000000000001,5.14,5.159,4.688,2970010.0,600068,0.09642,0.16818,0.23261,0.4117,0.39107,0.27797,4.6844,4.54743,4.12492,3.85747,3.79609
2014-11-05,5.169,4.967,5.188,4.9,1702212.0,600068,-0.03366,0.11418,0.08379,0.3428,0.36157,0.24642,4.7862,4.56571,4.14537,3.8682,3.80009
2014-11-06,4.919,4.967,5.025,4.832,1039478.0,600068,0.0,0.08854,0.07697,0.33954,0.36157,0.2795,4.867,4.58262,4.16568,3.87892,3.8045
2014-11-07,4.996,4.871,5.073,4.823,1150932.0,600068,-0.01933,0.06517,0.0675,0.23661,0.32185,0.23976,4.9266,4.59729,4.18071,3.88856,3.80833
2014-11-10,4.9,5.025,5.044,4.832,1009178.0,600068,0.03162,0.07189,0.08297,0.30418,0.37408,0.29144,4.994,4.61562,4.19961,3.89968,3.81293
2014-11-11,5.073,4.89,5.101,4.842,1052163.0,600068,-0.02687,-0.04864,0.05821,0.27244,0.34378,0.23578,4.944,4.62843,4.2165,3.90985,3.81673
2014-11-12,4.871,4.948,4.957,4.852,455010.0,600068,0.01186,-0.00383,0.082,0.31038,0.37026,0.22445,4.9402,4.64629,4.2354,3.92072,3.82041
2014-11-13,4.948,4.852,4.948,4.823,553627.0,600068,-0.0194,-0.02315,0.04999,0.2819,0.3474,0.2321,4.9172,4.65729,4.25261,3.93089,3.82413
2014-11-14,4.842,4.871,4.919,4.823,416344.0,600068,0.00392,0.0,0.04753,0.29997,0.35985,0.24578,4.9172,4.66781,4.27074,3.94137,3.82804
2014-11-17,4.89,4.852,4.938,4.842,342075.0,600068,-0.0039,-0.03443,0.06334,0.2819,0.36522,0.26817,4.8826,4.68157,4.28795,3.95193,3.83221
2014-11-18,4.842,4.775,4.861000000000001,4.736000000000001,388313.0,600068,-0.01587,-0.02352,0.04189,0.25823,0.37213,0.23004,4.8596,4.69071,4.30376,3.96246,3.83584
2014-11-19,4.775,4.842,4.928999999999999,4.756,498655.0,600068,0.01403,-0.02142,0.07912,0.25375,0.38027,0.26555,4.8384,4.70762,4.31956,3.9733,3.83997
2014-11-20,4.813,4.852,4.919,4.775,341003.0,600068,0.00207,0.0,0.11978,0.25928,0.36869,0.23807,4.8384,4.73233,4.33568,3.98393,3.84376
2014-11-21,4.852,5.053,5.063,4.813,1104894.0,600068,0.04143,0.03736,0.18727,0.29864,0.40674,0.28608,4.8748,4.77029,4.35442,3.9958,3.84833
2014-11-24,5.13,5.207000000000001,5.3420000000000005,5.025,1536493.0,600068,0.03048,0.07317,0.2098,0.33171,0.4384,0.30665,4.9458,4.81329,4.37534,4.00871,3.8533
2014-11-25,5.207000000000001,5.246,5.3420000000000005,5.15,896028.0,600068,0.00749,0.09864,0.22427,0.35836,0.47194,0.31975,5.04,4.85905,4.39766,4.02238,3.85846
2014-11-26,5.38,5.572,5.763999999999999,5.38,1783094.0,600068,0.06214,0.15076,0.26636,0.42506,0.55947,0.41493,5.186,4.91486,4.42447,4.03863,3.86511
2014-11-27,5.649,5.486000000000001,5.649,5.419,1139646.0,600068,-0.01543,0.13067,0.2306,0.38605,0.54753,0.41684,5.3128,4.96381,4.44911,4.05441,3.87167
2014-11-28,5.553,5.62,5.87,5.553,1596503.0,600068,0.02443,0.11221,0.23165,0.41991,0.55249,0.45483,5.4262,5.01414,4.47592,4.07067,3.87881
2014-12-01,5.62,5.63,5.763999999999999,5.553,1051224.0,600068,0.00178,0.08124,0.23114,0.4399,0.55525,0.47537,5.5108,5.06448,4.50366,4.08702,3.88618
2014-12-02,5.601,5.745,5.763999999999999,5.563,1108249.0,600068,0.02043,0.09512,0.22547,0.46556,0.59539,0.5055,5.6106,5.11481,4.5331,4.10445,3.89402
2014-12-03,5.763999999999999,5.716,5.86,5.601,1337999.0,600068,-0.00505,0.02584,0.11206,0.45113,0.59978,0.49048,5.6394,5.14224,4.56176,4.12187,3.90167
2014-12-04,5.716,5.784,5.812,5.611000000000001,1268052.0,600068,0.0119,0.05432,0.16449,0.47551,0.61024,0.56536,5.699,5.18114,4.59182,4.13969,3.91016
2014-12-05,5.812,5.591,5.851,5.447,1331803.0,600068,-0.03337,-0.00516,0.12563,0.44061,0.57316,0.50579,5.6932,5.21086,4.6194,4.15625,3.9178
2014-12-08,5.591,6.013999999999999,6.101,5.591,1982560.0,600068,0.07566,0.06821,0.23465,0.56086,0.68318,0.59523,5.77,5.26529,4.65426,4.1761,3.92692
2014-12-09,5.976,5.774,6.581,5.649,2742132.0,600068,-0.03991,0.00505,0.14905,0.48776,0.60344,0.50208,5.7758,5.30095,4.68479,4.19376,3.93476
2014-12-10,5.755,6.129,6.149,5.755,1435370.0,600068,0.06148,0.07225,0.25337,0.56752,0.69731,0.58659,5.8584,5.35995,4.72058,4.21424,3.94398
2014-12-11,6.1579999999999995,6.35,6.5329999999999995,6.138999999999999,1641559.0,600068,0.03606,0.09786,0.28335,0.63197,0.7634,0.63998,5.9716,5.42671,4.76024,4.23659,3.95405
2014-12-12,6.35,6.8020000000000005,6.917000000000001,6.274,1886534.0,600068,0.07118,0.2166,0.4019,0.73123,0.87901,0.76951,6.2138,5.51957,4.80658,4.26246,3.96607
2014-12-15,6.812,7.484,7.484,6.6579999999999995,2685496.0,600068,0.10026,0.24443,0.53644,0.91407,1.0674,0.96585,6.5078,5.644,4.86423,4.29387,3.98102
2014-12-16,7.83,8.157,8.166,7.59,2891252.0,600068,0.08993,0.41271,0.68116,1.08087,1.23602,1.14263,6.9844,5.80138,4.93256,4.33053,3.9987
2014-12-17,8.022,7.9639999999999995,8.454,7.792000000000001,2285312.0,600068,-0.02366,0.2994,0.66785,1.02698,1.20548,1.09689,7.3514,5.95324,4.99765,4.36592,4.01564
2014-12-18,7.945,8.272,8.493,7.715,2212435.0,600068,0.03867,0.30268,0.70838,1.1156,1.3029,1.15698,7.7358,6.11657,5.068,4.40397,4.03367
2014-12-19,8.128,9.097999999999999,9.097999999999999,8.022,2765698.0,600068,0.09985,0.33755,0.8751,1.29864,1.55275,1.34969,8.195,6.31876,5.1509,4.44896,4.05492
2014-12-22,9.472999999999999,8.522,9.799,8.454,3129174.0,600068,-0.06331,0.1387,0.68652,1.17398,1.40395,1.21121,8.4026,6.48395,5.22513,4.48942,4.07389
2014-12-23,8.55,7.9639999999999995,8.771,7.667000000000001,1993456.0,600068,-0.06548,-0.02366,0.52948,1.02183,1.22894,1.09689,8.364,6.61524,5.29005,4.52512,4.09083
2014-12-24,8.166,8.205,8.627,8.032,2050558.0,600068,0.03026,0.03026,0.56405,1.05794,1.32042,1.14454,8.4122,6.75614,5.35808,4.56308,4.10863
2014-12-25,8.166,9.021,9.021,8.051,3296231.0,600068,0.09945,0.09055,0.61899,1.21429,1.55119,1.30716,8.562,6.92038,5.43787,4.60767,4.12941
2014-12-26,9.222999999999999,9.309,9.597999999999999,8.656,3922297.0,600068,0.03193,0.02319,0.69686,1.2906,1.62595,1.39244,8.6042,7.10243,5.52247,4.65454,4.15143
2014-12-29,9.031,9.425,9.771,8.887,2976566.0,600068,0.01246,0.10596,0.67705,1.29766,1.66544,1.38789,8.7848,7.28362,5.60832,4.70241,4.1737
2014-12-30,9.222999999999999,9.079,9.443999999999999,8.887,1498223.0,600068,-0.03671,0.14001,0.61261,1.1627,1.56759,1.31077,9.0078,7.44786,5.68705,4.74748,4.19463
2014-12-31,9.088,8.964,9.165,8.743,1409809.0,600068,-0.01267,0.0925,0.56031,1.14964,1.52863,1.29258,9.1596,7.60114,5.76437,4.79154,4.21518
2015-01-05,8.868,8.771,8.935,8.368,2087407.0,600068,-0.02153,-0.02771,0.53446,0.91381,1.4548,1.28174,9.1096,7.74662,5.83192,4.8338,4.23521
2015-01-06,8.627,8.618,8.714,8.339,1559351.0,600068,-0.01744,-0.07423,0.48997,0.8686,1.41807,1.24194,8.9714,7.88157,5.89653,4.87489,4.25461
2015-01-07,8.56,8.839,8.896,8.531,1595547.0,600068,0.02564,-0.06218,0.58093,0.9371,1.50681,1.30482,8.8542,8.03624,5.9655,4.91808,4.27496
2015-01-08,8.829,8.541,8.829,8.426,1069922.0,600068,-0.03371,-0.05926,0.42019,0.84073,1.43472,1.26552,8.7466,8.15657,6.02842,4.959,4.29435
2015-01-09,8.541,8.607999999999999,8.992,8.416,1510762.0,600068,0.00784,-0.03971,0.49082,0.8628,1.44129,1.29485,8.6754,8.29152,6.09273,5.00032,4.31409
2015-01-12,8.454,8.08,8.454,7.974,1197734.0,600068,-0.06134,-0.07878,0.31832,0.76689,1.29155,1.14894,8.5372,8.38443,6.14929,5.03734,4.33165
2015-01-13,8.032,7.974,8.253,7.916,682289.0,600068,-0.01312,-0.07473,0.25575,0.7256,1.25509,1.13152,8.4084,8.46176,6.20337,5.07342,4.34886
2015-01-14,8.051,7.9639999999999995,8.147,7.897,576685.0,600068,-0.00125,-0.09899,0.17083,0.71269,1.25865,1.1718,8.2334,8.5171,6.25682,5.1095,4.36633
2015-01-15,8.041,8.31,8.32,8.022,836531.0,600068,0.04345,-0.02705,0.11037,0.82117,1.34415,1.26616,8.1872,8.55643,6.31726,5.14824,4.3852
2015-01-16,8.301,8.281,8.502,8.185,781553.0,600068,-0.00349,-0.03799,0.0152,0.8069,1.3294,1.21892,8.1218,8.56233,6.3769,5.18667,4.4037
2015-01-19,7.897,7.455,8.032,7.455,1347698.0,600068,-0.09975,-0.07735,-0.06391,0.66147,1.09175,0.99759,7.9968,8.5381,6.42477,5.2183,4.41883
2015-01-20,7.599,7.647,7.782,7.502999999999999,799989.0,600068,0.02575,-0.04101,-0.07556,0.76483,1.12831,1.09106,7.9314,8.50833,6.47823,5.25126,4.43505
2015-01-21,7.667000000000001,8.176,8.243,7.647,1083860.0,600068,0.06918,0.02662,-0.10134,0.92105,1.2511,1.20734,7.9738,8.46443,6.54145,5.2882,4.45323
2015-01-22,8.176,8.118,8.232999999999999,7.984,802202.0,600068,-0.00709,-0.0231,-0.04741,0.88615,1.21803,1.19702,7.9354,8.44519,6.60297,5.32445,4.47121
2015-01-23,8.07,8.099,8.253,8.003,842093.0,600068,-0.00234,-0.02198,0.01695,0.89008,1.21284,1.18656,7.899,8.45162,6.66448,5.36054,4.48907
2015-01-26,8.051,8.185,8.205,7.907,782943.0,600068,0.01062,0.09792,-0.00244,0.86023,1.23634,1.22117,8.045,8.45067,6.72553,5.39733,4.50737
2015-01-27,8.253,8.55,8.57,8.032,1646277.0,600068,0.04459,0.11809,-0.05221,0.9179,1.34182,1.32022,8.2256,8.42824,6.79153,5.43715,4.52714
2015-01-28,8.531,8.57,8.839,8.426,1711335.0,600068,0.00234,0.04819,-0.07939,0.87815,1.35375,1.39252,8.3044,8.39305,6.85616,5.47723,4.54742
2015-01-29,8.454,8.762,8.818999999999999,8.406,1071488.0,600068,0.0224,0.07933,-0.07034,0.91603,1.41244,1.44612,8.4332,8.36148,6.92373,5.51893,4.56848
2015-01-30,8.752,8.32,8.839,8.272,995587.0,600068,-0.05045,0.02729,-0.0836,0.77474,1.28509,1.34102,8.4774,8.32533,6.98231,5.55698,4.58785
2015-02-02,8.147,7.849,8.147,7.763,767279.0,600068,-0.05661,-0.04105,-0.12439,0.52704,1.12192,1.23746,8.4102,8.27224,7.026,5.59072,4.6055
2015-02-03,7.83,8.109,8.185,7.811,637417.0,600068,0.03313,-0.05158,-0.07548,0.63257,1.18689,1.33017,8.322,8.24071,7.07668,5.6265,4.62431
2015-02-04,8.214,8.243,8.31,8.003,791657.0,600068,0.01652,-0.03816,-0.04351,0.65955,1.09266,1.36868,8.2566,8.22286,7.12952,5.66149,4.64367
2015-02-05,8.618,8.032,8.618,8.022,837452.0,600068,-0.0256,-0.08331,-0.0913,0.64894,1.08461,1.28962,8.1106,8.18443,7.1805,5.69546,4.66207
2015-02-06,7.916,7.897,8.118,7.801,507704.0,600068,-0.01681,-0.05084,-0.0754,0.57154,1.05491,1.21019,8.026,8.15376,7.22682,5.72842,4.67964
2015-02-09,7.907,7.984,8.041,7.877999999999999,296232.0,600068,0.01102,0.0172,-0.07249,0.63272,1.11441,1.21102,8.053,8.12405,7.27673,5.76263,4.69742
2015-02-10,7.984,8.176,8.185,7.916,553911.0,600068,0.02405,0.00826,0.01188,0.65238,1.16011,1.27048,8.0664,8.12862,7.32879,5.79833,4.71602
2015-02-11,8.195,8.07,8.243,8.022,430588.0,600068,-0.01296,-0.02099,0.01204,0.66323,1.15372,1.25861,8.0318,8.13319,7.38069,5.83348,4.7343
2015-02-12,8.08,8.012,8.109,7.955,371477.0,600068,-0.00719,-0.00249,0.00603,0.64484,1.11678,1.23674,8.0278,8.13548,7.43135,5.86785,4.7523
2015-02-13,8.07,8.301,8.339,8.022,646908.0,600068,0.03607,0.05116,-0.00108,0.71084,1.18735,1.28112,8.1086,8.13505,7.48698,5.90448,4.77126
2015-02-16,8.31,8.243,8.33,8.176,461112.0,600068,-0.00699,0.03244,-0.00459,0.72628,1.13439,1.28275,8.1604,8.13324,7.54292,5.9401,4.79009
2015-02-17,8.262,8.666,8.722999999999999,8.243,1188445.0,600068,0.05132,0.05993,0.16244,0.78976,1.24916,1.38799,8.2584,8.1909,7.6046,5.97923,4.81056
2015-02-25,8.762,8.57,8.839,8.512,854972.0,600068,-0.01108,0.06196,0.1207,0.76628,1.20252,1.39252,8.3584,8.23486,7.66456,6.01727,4.83084
2015-02-26,8.675,9.425,9.425,8.599,2802260.0,600068,0.09977,0.17636,0.15276,0.86523,1.41049,1.63784,8.641,8.29433,7.73508,6.06211,4.85463
2015-02-27,9.607000000000001,9.309,9.675,9.232999999999999,2141462.0,600068,-0.01231,0.12143,0.14671,0.78779,1.41041,1.59159,8.8426,8.35105,7.80124,6.10639,4.87787
2015-03-02,9.396,9.406,9.607000000000001,9.232999999999999,1414217.0,600068,0.01042,0.14109,0.16138,0.79299,1.40563,1.62591,9.0752,8.41329,7.86834,6.15107,4.90154
2015-03-03,9.318999999999999,9.079,9.329,8.943999999999999,1858497.0,600068,-0.03477,0.04766,0.10922,0.6294,1.29384,1.52756,9.1578,8.45586,7.9249,6.19271,4.92385
2015-03-04,8.982999999999999,8.954,9.06,8.847999999999999,966022.0,600068,-0.01377,0.04481,0.04725,0.63215,1.26225,1.44846,9.2346,8.4751,7.98084,6.23333,4.94538
2015-03-05,8.992,8.877,9.088,8.752,1074293.0,600068,-0.0086,-0.05814,0.03582,0.57954,1.27033,1.4274,9.125,8.48971,8.03337,6.27371,4.9666
2015-03-06,8.887,8.722999999999999,8.964,8.695,739702.0,600068,-0.01735,-0.06295,-0.00445,0.54938,1.22526,1.38529,9.0078,8.48786,8.08326,6.31276,4.98719
2015-03-09,8.656,8.896,8.906,8.531,664766.0,600068,0.01983,-0.05422,0.06923,0.54848,1.25844,1.44463,8.9058,8.51529,8.13408,6.35306,5.00856
2015-03-10,8.839,8.8,8.887,8.762,485100.0,600068,-0.01079,-0.03073,0.12116,0.53954,1.2449,1.40634,8.85,8.56057,8.18382,6.39273,5.02947
2015-03-11,8.791,8.722999999999999,8.877,8.656,595380.0,600068,-0.00875,-0.0258,0.07572,0.50813,1.24762,1.31379,8.8038,8.58981,8.23123,6.4321,5.0496
2015-03-12,8.781,9.031,9.06,8.647,921323.0,600068,0.03531,0.01735,0.0956,0.61527,1.34389,1.37221,8.8346,8.62733,8.28671,6.4742,5.07084
2015-03-13,9.031,8.935,9.031,8.868,921457.0,600068,-0.01063,0.0243,0.11243,0.4857,1.30224,1.33534,8.877,8.67033,8.33382,6.51528,5.09161
2015-03-16,8.982999999999999,9.002,9.021,8.839,1254896.0,600068,0.0075,0.01192,0.13993,0.55906,1.3023,1.34183,8.8982,8.72295,8.38589,6.55668,5.11257
2015-03-17,9.031,9.193999999999999,9.367,9.031,1743495.0,600068,0.02133,0.04477,0.15155,0.50008,1.36289,1.43873,8.977,8.78057,8.43532,6.5998,5.13462
2015-03-18,9.156,9.281,9.309,9.079,1498636.0,600068,0.00946,0.06397,0.13515,0.46157,1.36218,1.51177,9.0886,8.83319,8.4826,6.64331,5.15733
2015-03-19,9.271,9.722999999999999,10.04,9.146,2923235.0,600068,0.04762,0.07662,0.20483,0.42943,1.4867,1.69261,9.227,8.9119,8.52971,6.69057,5.18217
2015-03-20,9.732000000000001,9.559,9.799,9.492,1639480.0,600068,-0.01687,0.06984,0.19309,0.27726,1.43852,1.65454,9.3518,8.98557,8.56318,6.73641,5.20639
2015-03-23,9.617,9.703,9.799,9.568999999999999,1705857.0,600068,0.01506,0.07787,0.1689,0.18953,1.46959,1.68039,9.492,9.05233,8.58811,6.78336,5.23112
2015-03-24,9.751,9.463,9.809,9.175,1776199.0,600068,-0.02473,0.02926,0.148,0.18822,1.4202,1.60761,9.5458,9.11043,8.61229,6.8285,5.25484
2015-03-25,9.415,9.655,9.693999999999999,9.222999999999999,1496122.0,600068,0.02029,0.0403,0.11412,0.16719,1.43936,1.63294,9.6206,9.15752,8.6346,6.87482,5.27918
2015-03-26,9.607000000000001,9.347999999999999,9.626,9.309,3786698.0,600068,-0.0318,-0.03857,0.09078,0.02748,1.38469,1.5625,9.5456,9.19457,8.63863,6.91895,5.30235
2015-03-27,9.3,9.434,9.646,9.232999999999999,2229014.86,600068,0.0092,-0.01308,0.00095,0.10702,1.39502,1.56638,9.5206,9.195,8.65334,6.96363,5.32576
2015-03-30,9.511000000000001,10.27,10.376,9.443999999999999,4218037.0,600068,0.08862,0.05844,0.10323,0.28955,1.57587,1.74526,9.634,9.24076,8.69053,7.01471,5.3523
2015-03-31,10.376,9.867,10.376,9.828,3380541.0,600068,-0.03924,0.04269,0.04901,0.20256,1.42194,1.6242,9.7148,9.26271,8.71734,7.0618,5.37712
2015-04-01,9.992,9.982000000000001,10.136000000000001,9.895,2361804.0,600068,0.01166,0.03387,0.09946,0.10653,1.4562,1.75746,9.7802,9.30571,8.73284,7.10992,5.40298
2015-04-02,10.001,9.982000000000001,10.059,9.78,2063029.0,600068,0.0,0.06782,0.11481,0.0723,1.43345,1.68839,9.907,9.35467,8.74369,7.15772,5.42847
2015-04-03,9.857000000000001,9.934,10.001,9.799,1386952.0,600068,-0.00481,0.053,0.11907,0.05401,1.36636,1.66828,10.007,9.405,8.7519,7.20436,5.45372
2015-04-07,9.982000000000001,10.011000000000001,10.078,9.915,2411490.0,600068,0.00775,-0.02522,0.14766,0.10265,1.40072,1.70275,9.9552,9.46633,8.76694,7.25185,5.47935
2015-04-08,10.165,10.184,10.395,10.001,3291279.0,600068,0.01728,0.03213,0.14478,0.1361,1.22213,1.79167,10.0186,9.52767,8.78661,7.29738,5.50592
2015-04-09,10.165,9.771,10.174,9.655,2071272.0,600068,-0.04055,-0.02114,0.11034,0.11401,1.1186,1.67186,9.9764,9.5739,8.80274,7.33933,5.53078
2015-04-10,9.799,9.876,9.905,9.713,1413221.0,600068,0.01075,-0.01062,0.13218,0.14597,1.16437,1.68662,9.9552,9.62881,8.82303,7.38252,5.55598
2015-04-13,9.915,10.049,10.078,9.809,2590814.0,600068,0.01752,0.01158,0.11272,0.13689,1.16573,1.76147,9.9782,9.67729,8.84255,7.4265,5.58204
2015-04-14,10.059,10.462,10.53,9.915,4018156.0,600068,0.0411,0.04505,0.1709,0.22492,1.26401,1.92807,10.0684,9.75,8.87353,7.47398,5.61004
2015-04-15,10.376,11.192,11.51,10.174,5072284.0,600068,0.06978,0.09898,0.24328,0.30019,1.44741,2.03718,10.27,9.85429,8.91521,7.5278,5.64056
2015-04-16,11.192,11.077,11.519,10.568,4596049.0,600068,-0.01028,0.13366,0.20481,0.37092,1.3971,1.99783,10.5312,9.94395,8.96355,7.58028,5.67057
2015-04-17,11.231,11.759,12.027999999999999,11.125,5059661.0,600068,0.06157,0.19066,0.267,0.47467,1.52882,2.15086,10.9078,10.06195,9.0246,7.63808,5.7032
2015-04-20,12.009,12.931,12.931,12.009,6523089.0,600068,0.09967,0.28679,0.32994,0.62368,1.83388,2.47327,11.4842,10.21471,9.10471,7.70611,5.74063
2015-04-21,13.124,12.883,13.421,12.259,5418887.0,600068,-0.00371,0.23141,0.34774,0.5503,1.81104,2.4866,11.9684,10.373,9.17847,7.77359,5.77798
2015-04-22,12.922,13.162,13.834000000000001,12.634,4372045.0,600068,0.02166,0.17602,0.35649,0.58942,1.93336,2.55346,12.3624,10.53771,9.25719,7.84412,5.81642
2015-04-23,13.172,12.979000000000001,13.344000000000001,12.806,3020861.0,600068,-0.0139,0.17171,0.37155,0.74098,1.99538,2.58536,12.7428,10.70514,9.34629,7.91441,5.85447
2015-04-24,13.287,13.344000000000001,13.979000000000001,13.056,3979212.0,600068,0.02812,0.13479,0.38208,0.745,2.13534,2.67705,13.0598,10.88081,9.43818,7.9883,5.89396
2015-04-27,13.537,13.633,13.825,13.152000000000001,3991675.0,600068,0.02166,0.05429,0.45839,0.66744,2.16752,2.73712,13.2002,11.08486,9.52619,8.06415,5.93455
2015-04-28,13.354000000000001,12.855,13.594000000000001,12.73,3174315.0,600068,-0.05707,-0.00217,0.36262,0.58352,2.0,2.55996,13.1946,11.24776,9.6026,8.13382,5.97213
2015-04-29,12.874,12.662,12.979000000000001,12.325999999999999,2091932.0,600068,-0.01501,-0.03799,0.23291,0.5634,1.87773,2.48912,13.0946,11.36167,9.67619,8.20099,6.00885
2015-04-30,12.662,13.335,13.931,12.662,4002720.0,600068,0.05315,0.02743,0.35147,0.6292,1.99125,2.64643,13.1658,11.52681,9.75926,8.27316,6.04819
2015-05-04,13.315999999999999,14.113,14.382,13.047,4187148.0,600068,0.05834,0.05763,0.41384,0.65064,2.09292,2.85917,13.3196,11.72352,9.84898,8.3508,6.09069
2015-05-05,14.113,12.700999999999999,14.113,12.700999999999999,3516661.0,600068,-0.10005,-0.06836,0.27239,0.48203,1.77739,2.42068,13.1332,11.853,9.91561,8.41689,6.12723
2015-05-06,12.652999999999999,12.163,12.931,11.942,2482991.0,600068,-0.04236,-0.05383,0.22438,0.38815,1.5945,2.30068,12.9948,11.95914,9.97047,8.47766,6.16169
2015-05-07,11.98,10.952,11.98,10.943,2406384.0,600068,-0.09956,-0.13505,0.094,0.31635,1.13074,1.96401,12.6528,12.00395,10.01292,8.52491,6.19119
2015-05-08,11.048,11.317,11.385,10.664000000000001,2201152.0,600068,0.03333,-0.15133,0.11125,0.44184,1.27844,2.10225,12.2492,12.0579,10.06885,8.57654,6.22237
2015-05-11,11.51,11.644,11.692,11.125,2229106.0,600068,0.02889,-0.17495,0.19169,0.43594,1.34427,2.19189,11.7554,12.1471,10.12587,8.63082,6.25487
2015-05-12,11.654000000000002,11.99,12.019,11.460999999999999,2189000.0,600068,0.02971,-0.05598,0.21405,0.45457,1.46151,2.25373,11.6132,12.24776,10.18631,8.6887,6.28863
2015-05-13,11.950999999999999,11.702,12.172,11.51,2258054.0,600068,-0.02402,-0.0379,0.16449,0.45692,1.32876,2.19989,11.521,12.32648,10.2455,8.74298,6.32133
2015-05-14,11.74,11.5,11.865,11.356,1601930.0,600068,-0.01726,0.05004,0.09922,0.45625,1.35174,2.16021,11.6306,12.3759,10.30361,8.79672,6.35329
2015-05-15,11.529000000000002,11.365,11.595999999999998,11.25,1248647.0,600068,-0.01174,0.00424,0.01546,0.42347,1.29689,2.14733,11.6402,12.38414,10.35815,8.84889,6.38481
2015-05-18,11.356,11.385,11.577,11.125,1348005.0,600068,0.00176,-0.02224,0.02781,0.39249,1.34646,2.16162,11.5884,12.39881,10.4099,8.90201,6.41645
2015-05-19,11.413,11.999,12.152999999999999,11.404000000000002,2191748.0,600068,0.05393,0.00075,0.02041,0.48686,1.46335,2.3498,11.5902,12.41024,10.47327,8.95996,6.45067
2015-05-20,12.134,11.855,12.134,11.720999999999998,2309873.0,600068,-0.012,0.01307,-0.08321,0.47966,1.44332,2.33568,11.6208,12.359,10.53526,9.01689,6.48441
2015-05-21,11.788,12.009,12.048,11.673,1766669.0,600068,0.01299,0.04426,-0.06784,0.44669,1.51497,2.45086,11.7226,12.31738,10.59506,9.07571,6.51908
2015-05-22,12.392999999999999,12.432,12.682,12.249,2696769.0,600068,0.03522,0.09388,-0.05546,0.50819,1.56753,2.5439,11.936,12.28262,10.66263,9.13741,6.55536
2015-05-25,12.460999999999999,13.431,13.546,12.460999999999999,3223461.0,600068,0.08036,0.17971,0.03483,0.54985,1.76814,2.78872,12.3452,12.30414,10.73948,9.20716,6.59554
2015-05-26,13.738,13.575,13.931,13.239,3521951.0,600068,0.01072,0.13134,0.01731,0.58401,1.68652,2.77923,12.6604,12.31514,10.82021,9.27645,6.63613
2015-05-27,13.604000000000001,13.142999999999999,13.69,12.97,2751908.0,600068,-0.03182,0.10865,-0.03594,0.39448,1.5241,2.63066,12.918,12.29181,10.88018,9.34097,6.67484
2015-05-28,13.142999999999999,11.923,13.383,11.902999999999999,3024047.0,600068,-0.09283,-0.00716,-0.0725,0.2808,1.27278,2.3454,12.9008,12.24743,10.92234,9.39525,6.70882
2015-05-29,11.960999999999999,12.115,12.384,11.241,2306013.0,600068,0.0161,-0.0255,-0.0432,0.28801,1.17426,2.39071,12.8374,12.22138,10.96603,9.44845,6.74354
2015-06-01,12.163,12.71,12.72,12.163,1916058.0,600068,0.04911,-0.05368,-0.04687,0.39993,1.31681,2.58533,12.6932,12.19162,11.0246,9.50718,6.7808
2015-06-02,12.739,13.037,13.22,12.527999999999999,2297963.0,600068,0.02573,-0.03963,-0.07624,0.456,1.31975,2.60138,12.5856,12.14038,11.09045,9.56748,6.81908
2015-06-03,13.124,12.777999999999999,13.172,12.585999999999999,2079312.0,600068,-0.01987,-0.02777,0.00606,0.43945,1.26963,2.52983,12.5126,12.14405,11.15337,9.62559,6.8563
2015-06-04,12.73,12.585999999999999,12.739,11.625,1803872.0,600068,-0.01503,0.05561,0.03478,0.44285,1.19077,2.49514,12.6452,12.16419,11.21568,9.68121,6.89283
2015-06-05,12.73,12.999,13.037,12.585999999999999,2602236.0,600068,0.03281,0.07297,0.18691,0.46122,1.27414,2.63812,12.822,12.26167,11.28185,9.74042,6.93115
2015-06-08,13.162,13.863,14.171,12.989,4791614.0,600068,0.06647,0.09072,0.22497,0.57534,1.39678,2.85941,13.0526,12.3829,11.36352,9.80611,6.9729
2015-06-09,13.767000000000001,13.315999999999999,13.786,13.124,3049859.0,600068,-0.03946,0.0214,0.14359,0.52654,1.38168,2.74676,13.1084,12.46252,11.4376,9.86891,7.01258
2015-06-10,13.94,13.575,14.276,13.537,4167244.0,600068,0.01945,0.06237,0.13219,0.50316,1.25723,2.79933,13.2678,12.538,11.51089,9.93038,7.05324
2015-06-11,13.517000000000001,13.354000000000001,13.517000000000001,13.065999999999999,2192590.0,600068,-0.01628,0.06102,0.14117,0.49457,1.31278,2.70841,13.4214,12.61667,11.58216,9.99201,7.09289
2015-06-12,13.373,13.508,13.642000000000001,13.22,2406305.0,600068,0.01153,0.03916,0.17461,0.50056,1.20395,2.74079,13.5232,12.71229,11.65484,10.052,7.13312
2015-06-15,13.508,12.999,13.508,12.97,2139472.0,600068,-0.03768,-0.06232,0.14377,0.41386,1.04709,2.60983,13.3504,12.7901,11.71621,10.10606,7.17132
2015-06-16,12.922,12.317,12.922,12.115,1749060.0,600068,-0.05247,-0.07502,0.08186,0.32712,0.81079,2.40249,13.1506,12.83448,11.76518,10.15089,7.20667
2015-06-17,12.259,12.642999999999999,12.72,11.894,1453400.0,600068,0.02647,-0.06866,0.05367,0.30032,0.68934,2.49254,12.9642,12.86514,11.81227,10.19284,7.24335
2015-06-18,12.624,12.614,13.008,12.440999999999999,1520163.0,600068,-0.00229,-0.05541,0.06402,0.31959,0.5464,2.45779,12.8162,12.90129,11.86155,10.22907,7.2798
2015-06-19,12.297,11.423,12.537,11.365,1273808.0,600068,-0.09442,-0.15435,-0.0488,0.17726,0.43433,2.16339,12.3992,12.87338,11.88929,10.2572,7.31156
2015-06-23,11.413,11.710999999999999,11.720999999999998,10.376,1356420.0,600068,0.02521,-0.09908,-0.058,0.23756,0.41574,2.2603,12.1416,12.83905,11.92555,10.28515,7.34456
2015-06-24,11.74,12.192,12.335999999999999,11.74,1532547.0,600068,0.04107,-0.01015,-0.09225,0.26277,0.34007,2.42088,12.1166,12.78005,11.96647,10.31031,7.37963
2015-06-25,12.23,12.575999999999999,12.950999999999999,12.115,2358553.0,600068,0.0315,-0.0053,-0.07359,0.34531,0.47571,2.54753,12.1032,12.73248,12.01853,10.34327,7.41635
2015-06-26,12.052,11.323,12.392000000000001,11.323,1643706.0,600068,-0.09963,-0.10235,-0.13848,0.20023,0.42177,2.16905,11.845,12.64581,12.049,10.37058,7.44785
2015-06-29,11.915999999999999,10.535,11.915999999999999,10.195,1967488.0,600068,-0.06959,-0.07774,-0.11641,0.0258,0.28397,1.97936,11.6674,12.57971,12.05327,10.38952,7.4763
2015-06-30,10.574000000000002,11.362,11.370999999999999,9.525,2061206.0,600068,0.0785,-0.0298,-0.06215,0.15152,0.25951,2.21324,11.5976,12.54386,12.07739,10.40855,7.50811
2015-07-01,11.274000000000001,10.37,11.663,10.312000000000001,1724476.0,600068,-0.08731,-0.14944,-0.18411,0.03887,0.11398,1.92525,11.2332,12.43243,12.08365,10.41718,7.53586
2015-07-02,10.672,9.69,10.769,9.525,1622367.0,600068,-0.06557,-0.22948,-0.25673,-0.02925,0.02812,1.74038,10.656,12.27305,12.07894,10.41933,7.56087
2015-07-03,9.525,8.718,9.826,8.718,1772184.0,600068,-0.10031,-0.23006,-0.31773,-0.12241,-0.03976,1.4655,10.135,12.07971,12.05932,10.4164,7.58194
2015-07-06,9.583,8.873,9.583,8.261000000000001,2037276.0,600068,0.01778,-0.15776,-0.29501,-0.11367,-0.01015,1.50296,9.8026,11.9029,12.04097,10.41566,7.6036
2015-07-07,8.669,7.999,8.815,7.989,2569433.0,600068,-0.0985,-0.29599,-0.38464,-0.21455,-0.08802,1.23873,9.13,11.66481,12.00573,10.40938,7.62159
2015-07-08,7.202000000000001,7.202000000000001,7.532,7.202000000000001,1706489.0,600068,-0.09964,-0.3055,-0.48049,-0.26292,-0.16431,1.02076,8.4964,11.34762,11.96429,10.39787,7.63638
2015-07-09,6.6579999999999995,7.921,7.921,6.6579999999999995,2509416.0,600068,0.09983,-0.18256,-0.40515,-0.19795,-0.10386,1.24645,8.1426,11.09071,11.93276,10.39041,7.65424
2015-07-10,8.067,8.718,8.718,8.017999999999999,2282375.0,600068,0.10062,0.0,-0.35779,-0.13245,0.02072,1.48518,8.1426,10.85943,11.91129,10.39185,7.67542
2015-07-13,8.932,9.593,9.593,8.922,3132471.0,600068,0.10037,0.08115,-0.28164,-0.08306,0.11443,1.72065,8.2866,10.68033,11.89727,10.39985,7.70009
2015-07-14,9.321,9.087,9.884,8.932,2873426.0,600068,-0.05275,0.13602,-0.32729,-0.18808,0.12463,1.57714,8.5042,10.46981,11.86332,10.40804,7.72269
2015-07-15,8.922,8.183,9.019,8.183,1778161.0,600068,-0.09948,0.13621,-0.37049,-0.26126,0.02621,1.3142,8.7004,10.24048,11.81665,10.40974,7.74158
2015-07-16,8.183,8.378,8.621,7.6,1413179.0,600068,0.02383,0.05769,-0.3198,-0.28752,0.05198,1.37606,8.7918,10.0529,11.76211,10.41311,7.7613
2015-07-17,8.417,8.932,9.126,8.388,1412161.0,600068,0.06613,0.02455,-0.29352,-0.30926,0.07485,1.51961,8.8346,9.87619,11.69761,10.41816,7.7832
2015-07-20,8.932,9.136000000000001,9.301,8.699,2028346.0,600068,0.02284,-0.04764,-0.27573,-0.29085,0.10325,1.5699,8.7432,9.71057,11.63718,10.42511,7.80589
2015-07-21,9.048,9.126,9.359,8.912,1589015.0,600068,-0.00109,0.00429,-0.20109,-0.30664,0.22414,1.56061,8.751,9.60119,11.57208,10.4387,7.8285
2015-07-22,9.058,9.078,9.222999999999999,8.825,1350904.0,600068,-0.00526,0.10937,-0.22483,-0.30056,0.18713,1.52658,8.93,9.47581,11.50916,10.45033,7.8508
2015-07-23,9.107000000000001,9.525,9.612,9.087,2104964.0,600068,0.04924,0.13691,-0.21875,-0.2862,0.165,1.62252,9.1594,9.34881,11.44756,10.4613,7.87475
2015-07-24,9.573,9.69,10.176,9.476,3027515.0,600068,0.01732,0.08486,-0.22948,-0.28922,0.19364,1.64754,9.311,9.21138,11.38397,10.47408,7.89926
2015-07-27,9.33,8.718,9.68,8.718,1750875.0,600068,-0.10031,-0.04575,-0.23006,-0.32182,0.07643,1.38197,9.2274,9.08733,11.31724,10.47911,7.91983
2015-07-28,8.31,8.825,8.942,7.872000000000001,1783113.0,600068,0.01227,-0.03298,-0.16232,-0.30303,0.07819,1.4112,9.1672,9.0059,11.25535,10.48432,7.94082
2015-07-29,8.863999999999999,9.34,9.379,8.747,1335875.0,600068,0.05836,0.02886,-0.17796,-0.29959,0.0924,1.5582,9.2196,8.90962,11.19092,10.49074,7.96395
2015-07-30,9.282,8.835,9.496,8.747,1174092.0,600068,-0.05407,-0.07244,-0.14802,-0.37398,0.03092,1.42653,9.0816,8.83652,11.10579,10.49289,7.98506
2015-07-31,8.65,8.922,9.078,8.65,918540.0,600068,0.00985,-0.07926,-0.07926,-0.29754,0.01826,1.4565,8.928,8.79995,11.04484,10.4942,8.00657
2015-08-03,8.796,9.222999999999999,9.232999999999999,8.737,1375686.0,600068,0.03374,0.05793,0.05793,-0.24172,0.10853,1.5331,9.029,8.824,10.99742,10.50154,8.02926
2015-08-04,9.146,9.632,9.641,9.146,1204532.0,600068,0.04435,0.09144,0.08554,-0.12053,0.22716,1.60395,9.1904,8.86014,10.97613,10.51603,8.05337
2015-08-05,9.661,9.34,9.709,9.291,1037143.0,600068,-0.03032,0.0,0.16765,-0.17469,0.15181,1.51888,9.1904,8.924,10.94424,10.52604,8.07627
2015-08-06,9.116,9.107000000000001,9.33,9.058,708814.0,600068,-0.02495,0.03079,0.26451,-0.21788,0.10482,1.31201,9.2448,9.01471,10.90332,10.53307,8.09728
2015-08-07,9.165,9.379,9.515,9.155,750021.0,600068,0.02987,0.05122,0.18407,-0.21776,0.1677,1.43421,9.3362,9.08414,10.86121,10.54402,8.11974
2015-08-10,9.709,9.923,10.059,9.622,1585036.0,600068,0.058,0.0759,0.13822,-0.15203,0.25655,1.5821,9.4762,9.14152,10.83252,10.56049,8.14446
2015-08-11,9.875,9.738,9.962,9.641,1316256.0,600068,-0.01864,0.011,0.01512,-0.15322,0.21969,1.57892,9.4974,9.14843,10.8041,10.57475,8.16869
2015-08-12,9.622,10.001,10.011000000000001,9.564,1393462.0,600068,0.02701,0.07077,0.10058,-0.12002,0.22321,1.64227,9.6296,9.19195,10.7821,10.58959,8.19396
2015-08-13,10.001,10.312000000000001,10.322000000000001,9.875,1621192.0,600068,0.0311,0.13232,0.26017,-0.09425,0.27782,1.75207,9.8706,9.29333,10.76479,10.60781,8.22065
2015-08-14,10.38,10.079,10.467,9.952,1289298.0,600068,-0.0226,0.07463,0.20303,-0.16001,0.25799,1.66288,10.0106,9.37433,10.73382,10.62462,8.24623
2015-08-17,10.049,10.166,10.254000000000001,9.952,928920.0,600068,0.00863,0.02449,0.13815,-0.14247,0.22467,1.67879,10.0592,9.4331,10.70658,10.63978,8.27213
2015-08-18,10.195,9.146,10.292,9.146,1599711.0,600068,-0.10033,-0.06079,0.00109,-0.2384,0.10955,1.3682,9.9408,9.43357,10.6604,10.64712,8.29361
2015-08-19,8.835,9.222999999999999,9.379,8.533,1171186.0,600068,0.00842,-0.07779,0.01063,-0.25812,0.06427,1.39372,9.7852,9.43819,10.60865,10.65165,8.31544
2015-08-20,9.116,8.699,9.116,8.66,876296.0,600068,-0.05681,-0.15642,-0.04175,-0.35232,0.01505,1.23567,9.4626,9.42014,10.53232,10.6527,8.33498
2015-08-21,8.552999999999999,8.115,8.776,8.067,1163862.0,600068,-0.06713,-0.19486,-0.14803,-0.40221,-0.13899,1.07545,9.0698,9.353,10.44426,10.64205,8.35208
2015-08-24,7.775,7.309,7.775,7.309,1044524.0,600068,-0.09932,-0.28103,-0.24572,-0.44389,-0.21485,0.89254,8.4984,9.23962,10.35016,10.62579,8.36609
2015-08-25,6.706,6.58,6.949,6.58,1142800.0,600068,-0.09974,-0.28056,-0.24524,-0.44813,-0.30045,0.68286,7.9852,9.13781,10.26398,10.60281,8.37694
2015-08-26,6.784,6.376,6.901,6.23,994822.0,600068,-0.031,-0.30868,-0.27751,-0.47371,-0.29772,0.61091,7.4158,9.02119,10.17142,10.58084,8.38677
2015-08-27,6.687,6.794,6.803,6.337000000000001,767515.0,600068,0.06556,-0.21899,-0.27259,-0.46546,-0.24123,0.71652,7.0348,8.89995,10.076,10.56328,8.3983
2015-08-28,6.997999999999999,7.348,7.455,6.852,1079550.0,600068,0.08154,-0.09452,-0.16831,-0.43637,-0.17224,0.87928,6.8814,8.82914,9.98424,10.55085,8.41228
2015-08-31,7.367000000000001,7.445,7.484,6.939,1005662.0,600068,0.0132,0.01861,-0.16555,-0.41736,-0.14651,0.89923,6.9086,8.75881,9.89823,10.54046,8.42661
2015-09-01,7.289,7.357,7.455,6.949,1201677.0,600068,-0.01182,0.11809,-0.20232,-0.41546,-0.173,0.86773,7.064,8.66995,9.81389,10.52794,8.4405
2015-09-02,7.075,7.445,7.736000000000001,6.997999999999999,1118067.0,600068,0.01196,0.16766,-0.22706,-0.42726,-0.15398,0.89923,7.2778,8.56581,9.72431,10.51693,8.45483
2015-09-07,7.4639999999999995,7.172999999999999,7.756,7.144,842168.0,600068,-0.03653,0.05578,-0.23201,-0.48258,-0.17769,0.84823,7.3536,8.46262,9.6164,10.50433,8.46821
2015-09-08,7.1339999999999995,7.377000000000001,7.386,6.832999999999999,590243.0,600068,0.02844,0.00395,-0.18996,-0.446,-0.18315,0.91461,7.3594,8.38024,9.52061,10.49088,8.48254
2015-09-09,7.377000000000001,7.561,7.649,7.357,716328.0,600068,0.02494,0.01558,-0.19384,-0.44302,-0.15378,0.94821,7.3826,8.29367,9.42361,10.47971,8.4975
2015-09-10,7.62,7.474,7.766,7.435,764557.0,600068,-0.01151,0.0159,-0.2468,-0.44032,-0.16974,0.91151,7.406,8.17705,9.32877,10.46728,8.51198
2015-09-11,7.396,7.445,7.523,7.2989999999999995,431469.0,600068,-0.00388,0.0,-0.23547,-0.44885,-0.19023,0.91339,7.406,8.06786,9.23098,10.45307,8.52643
2015-09-14,7.638999999999999,7.435,7.688,6.901,808753.0,600068,-0.00134,0.03653,-0.25657,-0.42803,-0.1989,0.89234,7.4584,7.94567,9.14124,10.43806,8.54068
2015-09-15,7.172999999999999,6.794,7.27,6.755,493650.0,600068,-0.08621,-0.07903,-0.34116,-0.4484,-0.30124,0.7376,7.3418,7.77814,9.05216,10.41424,8.55241
2015-09-16,6.774,7.309,7.4639999999999995,6.774,553285.0,600068,0.0758,-0.03333,-0.27483,-0.42189,-0.23538,0.86454,7.2914,7.64624,8.96613,10.39595,8.56618
2015-09-17,7.318,7.153,7.649,7.124,779807.0,600068,-0.02134,-0.04295,-0.29638,-0.43293,-0.26281,0.82057,7.2272,7.50276,8.87805,10.37522,8.57929
2015-09-18,7.26,7.1339999999999995,7.289,6.949,467543.0,600068,-0.00266,-0.04177,-0.21999,-0.37547,-0.24612,0.82455,7.165,7.40695,8.80887,10.35628,8.59239
2015-09-21,7.037000000000001,7.2410000000000005,7.25,6.978,456746.0,600068,0.015,-0.02609,-0.2149,-0.38169,-0.25003,0.82946,7.1262,7.31257,8.73677,10.33666,8.60574
2015-09-22,7.25,7.26,7.337999999999999,7.202000000000001,484047.0,600068,0.00262,0.06859,-0.16542,-0.40453,-0.22336,0.85204,7.2194,7.24405,8.65723,10.31968,8.61932
2015-09-23,7.124,6.997999999999999,7.172999999999999,6.968999999999999,388377.0,600068,-0.03609,-0.04255,-0.13765,-0.44354,-0.25821,0.77659,7.1572,7.19086,8.56726,10.29988,8.63175
2015-09-24,7.066,7.037000000000001,7.085,6.968999999999999,261102.0,600068,0.00557,-0.01622,-0.03721,-0.37852,-0.3148,0.76499,7.134,7.1779,8.49813,10.27359,8.64415
2015-09-25,7.027,6.959,7.1339999999999995,6.862,361407.0,600068,-0.01108,-0.02453,0.0576,-0.33944,-0.29472,0.70815,7.099,7.19595,8.44045,10.24995,8.65588
2015-09-28,6.978,6.978,7.037000000000001,6.862,183128.0,600068,0.00273,-0.03632,0.09442,-0.38585,-0.30094,0.71703,7.0464,7.22462,8.36974,10.22553,8.66772
2015-09-29,7.037000000000001,7.027,7.231,6.9879999999999995,597820.0,600068,0.00702,-0.03209,0.03429,-0.32237,-0.29603,0.71307,6.9998,7.23571,8.31582,10.2015,8.67961
2015-09-30,6.9879999999999995,6.959,7.075,6.891,318914.0,600068,-0.00968,-0.00557,-0.05294,-0.28184,-0.29948,0.65769,6.992,7.21719,8.27177,10.17732,8.69084
2015-10-08,7.192,7.153,7.231,7.114,479162.0,600068,0.02788,0.01648,-0.03922,-0.17951,-0.28549,0.71535,7.0152,7.20329,8.24653,10.15408,8.70296
2015-10-09,7.124,7.231,7.27,7.114,393932.0,600068,0.0109,0.03909,-0.01713,-0.18506,-0.28996,0.57779,7.0696,7.19729,8.22005,10.13007,8.71373
2015-10-12,7.337999999999999,7.542000000000001,7.6,7.309,884956.0,600068,0.04301,0.08083,0.01303,-0.05713,-0.22812,0.6353,7.1824,7.2019,8.21268,10.11195,8.72564
2015-10-13,7.484,7.532,7.532,7.425,548046.0,600068,-0.00133,0.07187,0.05005,0.04582,-0.23734,0.65067,7.2834,7.219,8.218,10.09289,8.73771
2015-10-14,7.513,7.327999999999999,7.571000000000001,7.309,567566.0,600068,-0.02708,0.05302,-0.00664,-0.07486,-0.27077,0.57931,7.3572,7.21667,8.20844,10.07077,8.74863
2015-10-15,7.289,7.561,7.581,7.289,625034.0,600068,0.0318,0.05704,0.0,-0.13271,-0.27729,0.63623,7.4388,7.21667,8.18977,10.04719,8.76059
2015-10-16,7.591,7.785,7.834,7.561,1108075.0,600068,0.02963,0.07661,0.04161,-0.18847,-0.30441,0.70238,7.5496,7.23148,8.16061,10.01949,8.77364
2015-10-19,7.892,7.688,7.902,7.591,723020.0,600068,-0.01246,0.01936,0.03264,-0.15396,-0.30595,0.66371,7.5788,7.24305,8.13805,9.99193,8.78611
2015-10-20,7.697,8.009,8.096,7.591,799545.0,600068,0.04175,0.06333,0.0772,-0.02126,-0.3189,0.72237,7.6742,7.27038,8.13524,9.96145,8.79976
2015-10-21,7.95,7.581,8.485,7.523,1494106.0,600068,-0.05344,0.03453,0.11584,-0.09513,-0.41373,0.66141,7.7248,7.30786,8.12239,9.91795,8.81203
2015-10-22,7.532,7.727,7.785,7.492999999999999,776871.0,600068,0.01926,0.02195,0.05719,-0.13491,-0.40022,0.68601,7.758,7.32776,8.10295,9.87603,8.82481
2015-10-23,7.736000000000001,7.824,7.892,7.629,767345.0,600068,0.01255,0.00501,0.09381,-0.14361,-0.40556,0.7437,7.7658,7.35971,8.08179,9.83263,8.83838
2015-10-26,7.95,7.824,7.989,7.697,833261.0,600068,0.0,0.01769,0.09672,-0.14267,-0.39718,0.80568,7.793,7.39257,8.06079,9.79072,8.85257
2015-10-27,7.766,7.707000000000001,7.795,7.4639999999999995,607053.0,600068,-0.01495,-0.03771,0.06436,-0.15102,-0.42244,0.81086,7.7326,7.41476,8.03868,9.74489,8.8666
2015-10-28,7.678,7.532,7.727,7.484,463054.0,600068,-0.02271,-0.00646,0.03747,-0.20924,-0.44752,0.75,7.7228,7.42771,8.00653,9.69529,8.87972
2015-10-29,7.581,7.62,7.688,7.523,323697.0,600068,0.01168,-0.01385,0.08888,-0.21362,-0.40723,0.7783,7.7014,7.45733,7.97315,9.65273,8.89328
2015-10-30,7.581,7.5520000000000005,7.688,7.4639999999999995,432839.0,600068,-0.00892,-0.03476,0.07318,-0.13375,-0.40357,0.71636,7.647,7.48186,7.95434,9.61119,8.90609
2015-11-02,7.455,7.377000000000001,7.561,7.348,439131.0,600068,-0.02317,-0.05713,0.06007,-0.16408,-0.44679,0.65478,7.5576,7.50176,7.93098,9.56275,8.91796
2015-11-03,7.396,7.318,7.435,7.289,329765.0,600068,-0.008,-0.05047,0.04872,-0.21649,-0.48147,0.60377,7.4798,7.51795,7.89837,9.5075,8.92915
2015-11-04,7.348,7.649,7.659,7.327999999999999,572726.0,600068,0.04523,0.01553,0.08852,-0.13424,-0.39776,0.67264,7.5032,7.54757,7.87924,9.46643,8.94166
2015-11-05,7.649,8.009,8.357999999999999,7.649,2079196.0,600068,0.04706,0.05105,0.15088,-0.10233,-0.34153,0.7084,7.581,7.59757,7.86452,9.43266,8.95516
2015-11-06,8.009,8.125,8.203,7.931,1268204.0,600068,0.01448,0.07587,0.13589,-0.11905,-0.25813,0.58074,7.6956,7.64386,7.84681,9.40967,8.96729
2015-11-09,8.125,8.174,8.417,8.077,1228218.0,600068,0.00603,0.10804,0.13041,-0.15137,-0.27772,0.64566,7.855,7.68876,7.82329,9.38412,8.98033
2015-11-10,8.047,8.067,8.125,7.989,942578.0,600068,-0.01309,0.10235,0.06961,-0.1363,-0.3072,0.62412,8.0048,7.71376,7.80276,9.35504,8.99293
2015-11-11,8.047,8.057,8.096,7.97,584056.0,600068,-0.00124,0.05334,0.0697,-0.1153,-0.32802,0.65408,8.0864,7.73876,7.78582,9.32307,9.00588
2015-11-12,8.047,7.892,8.086,7.834,839426.0,600068,-0.02048,-0.01461,0.07697,-0.15855,-0.32559,0.57055,8.063,7.76562,7.76184,9.29209,9.01754
2015-11-13,7.795,7.775,7.931,7.766,689838.0,600068,-0.01483,-0.04308,0.0283,-0.21647,-0.32391,0.58998,7.993,7.77581,7.72719,9.2618,9.02926
2015-11-16,7.649,7.872000000000001,7.892,7.581,499150.0,600068,0.01248,-0.03695,0.01118,-0.19162,-0.30735,0.59095,7.9326,7.77995,7.6971,9.23341,9.04115
2015-11-17,7.921,7.902,8.038,7.853,833573.0,600068,0.00381,-0.02045,0.02784,-0.20988,-0.30593,0.62861,7.8996,7.79014,7.66324,9.20509,9.05355
2015-11-18,7.892,8.125,8.213,7.814,1213652.0,600068,0.02822,0.00844,0.01448,-0.21208,-0.32286,0.66804,7.9132,7.79567,7.62797,9.17359,9.06678
2015-11-19,8.086,8.222000000000001,8.242,8.047,827147.0,600068,0.01194,0.04181,0.08455,-0.18424,-0.30645,0.69456,7.9792,7.82619,7.59802,9.14406,9.08048
2015-11-20,8.183,8.3,8.31,8.067,815096.0,600068,0.00949,0.06752,0.07416,-0.18355,-0.30885,0.73822,8.0842,7.85348,7.56792,9.1139,9.0948
2015-11-23,8.271,8.193,8.31,8.077,554992.0,600068,-0.01289,0.04078,0.04716,-0.1042,-0.34097,0.69207,8.1484,7.87105,7.55255,9.07944,9.10843
2015-11-24,8.135,8.027999999999999,8.154,7.9110000000000005,446074.0,600068,-0.02014,0.01595,0.02607,-0.12957,-0.40228,0.65458,8.1736,7.88076,7.53327,9.03551,9.12134
2015-11-25,7.989,8.125,8.193,7.921,502618.0,600068,0.01208,0.0,0.05424,-0.06598,-0.40147,0.60796,8.1736,7.90067,7.52402,8.9912,9.13383
2015-11-26,8.125,8.027999999999999,8.154,7.97,451067.0,600068,-0.01194,-0.0236,0.06585,-0.01072,-0.38918,0.54177,8.1348,7.92429,7.52261,8.94962,9.14529
2015-11-27,7.94,7.416,7.979,7.309,645107.0,600068,-0.07623,-0.10651,-0.02677,0.01464,-0.37801,0.41365,7.958,7.91457,7.52434,8.91298,9.15411
2015-11-30,7.416,7.416,7.513,7.105,440596.0,600068,0.0,-0.09484,-0.01801,0.12705,-0.38787,0.33094,7.8026,7.9081,7.53782,8.87477,9.16161
2015-12-01,7.435,7.591,7.638999999999999,7.327999999999999,414416.0,600068,0.0236,-0.05443,0.02901,0.19056,-0.40275,0.3837,7.7152,7.91829,7.55742,8.83315,9.17017
2015-12-02,7.61,7.824,7.872000000000001,7.474,585364.0,600068,0.03069,-0.03705,0.06914,0.1516,-0.39986,0.39217,7.655,7.94238,7.57403,8.79077,9.17913
2015-12-03,7.785,8.017999999999999,8.027999999999999,7.7170000000000005,717652.0,600068,0.0248,-0.00125,0.04824,0.09118,-0.37252,0.42416,7.653,7.95995,7.58484,8.75207,9.18883
2015-12-04,7.921,7.834,7.96,7.775,415791.0,600068,-0.02295,0.05636,-0.02185,0.05225,-0.37756,0.36362,7.7366,7.95162,7.59111,8.71344,9.19733
2015-12-07,7.853,7.824,7.902,7.775,226745.0,600068,-0.00128,0.05502,-0.03705,0.06348,-0.39811,0.36879,7.8182,7.93729,7.59865,8.67137,9.20589
2015-12-08,7.775,7.629,7.795,7.581,290428.0,600068,-0.02492,0.00501,-0.06667,0.02471,-0.44969,0.31898,7.8258,7.91133,7.60161,8.62068,9.21339
2015-12-09,7.591,7.629,7.649,7.492999999999999,237002.0,600068,0.0,-0.02492,-0.0543,0.06357,-0.42708,0.36451,7.7868,7.89048,7.60897,8.57445,9.22168
2015-12-10,7.61,7.513,7.629,7.492999999999999,229681.0,600068,-0.01521,-0.06298,-0.06752,0.01844,-0.44656,0.24925,7.6858,7.86457,7.61116,8.52516,9.22777
2015-12-11,7.4639999999999995,7.425,7.502999999999999,7.367000000000001,186448.0,600068,-0.01171,-0.05221,-0.05917,-0.01799,-0.44399,0.28594,7.604,7.84233,7.60897,8.47696,9.23448
2015-12-14,7.386,7.629,7.638999999999999,7.327999999999999,246714.0,600068,0.02747,-0.02492,-0.01878,0.02074,-0.43522,0.24474,7.565,7.83538,7.61147,8.42916,9.24058
2015-12-15,7.629,7.61,7.678,7.532,220268.0,600068,-0.00249,-0.00249,-0.03328,0.02216,-0.41457,0.19843,7.5612,7.8229,7.61413,8.38535,9.2457
2015-12-16,7.61,7.561,7.638999999999999,7.5520000000000005,189877.0,600068,-0.00644,-0.00891,-0.04315,0.01695,-0.38613,0.11158,7.5476,7.80667,7.61616,8.34668,9.24879
2015-12-17,7.629,7.853,7.94,7.61,622406.0,600068,0.03862,0.04525,-0.03348,0.15587,-0.37887,0.04931,7.6156,7.79371,7.63324,8.30774,9.25029
2015-12-18,7.8629999999999995,7.736000000000001,7.882000000000001,7.707000000000001,332747.0,600068,-0.0149,0.04189,-0.05911,0.05842,-0.38671,-0.05161,7.6778,7.77057,7.64013,8.26808,9.24858
2015-12-21,7.707000000000001,7.882000000000001,7.9110000000000005,7.678,501101.0,600068,0.01887,0.03316,-0.05036,0.10192,-0.30999,-0.0103,7.7284,7.75067,7.65189,8.23929,9.24824
2015-12-22,7.853,7.931,7.95,7.756,495075.0,600068,0.00622,0.04218,-0.03198,0.11172,-0.32277,-0.04122,7.7926,7.73819,7.66474,8.20856,9.24686
2015-12-23,7.892,7.834,7.921,7.824,395227.0,600068,-0.01223,0.03611,-0.02417,0.08189,-0.35745,-0.13893,7.8472,7.72895,7.67431,8.17313,9.24172
2015-12-24,7.814,7.736000000000001,7.8629999999999995,7.649,282201.0,600068,-0.01251,-0.0149,-0.04788,0.06556,-0.38486,-0.09223,7.8238,7.71043,7.68198,8.13378,9.23852
2015-12-25,7.736000000000001,7.775,7.824,7.736000000000001,208679.0,600068,0.00504,0.00504,-0.03151,0.11103,-0.31334,-0.02373,7.8316,7.69838,7.69452,8.10493,9.23776
2015-12-28,7.785,7.61,7.814,7.532,377815.0,600068,-0.02122,-0.03451,0.02616,0.08143,-0.27765,-0.07252,7.7772,7.70762,7.70376,8.08115,9.23534
2015-12-29,7.581,7.638999999999999,7.638999999999999,7.542000000000001,203270.0,600068,0.00381,-0.03682,0.03007,0.09772,-0.32767,-0.1532,7.7188,7.71824,7.71473,8.05089,9.22972
2015-12-30,7.775,7.727,7.814,7.678,300501.0,600068,0.01152,-0.01366,0.01792,0.10734,-0.25487,-0.16994,7.6974,7.72471,7.72681,8.0294,9.22329
2015-12-31,7.727,7.649,7.746,7.638999999999999,187221.0,600068,-0.01009,-0.01125,-0.02237,0.08852,-0.21063,-0.18844,7.68,7.71638,7.73684,8.0128,9.21607
2016-01-04,7.629,7.017,7.638999999999999,7.017,244142.0,600068,-0.08263,-0.09749,-0.12484,0.00833,-0.19511,-0.22712,7.5284,7.66871,7.73777,7.99898,9.20769
2016-01-05,6.968999999999999,7.153,7.26,6.852,348862.0,600068,0.01938,-0.06005,-0.08693,0.0,-0.19385,-0.20203,7.437,7.63629,7.73777,7.98499,9.20033
2016-01-06,7.153,7.337999999999999,7.377000000000001,7.114,323515.0,600068,0.02586,-0.0394,-0.06212,0.0148,-0.08264,-0.16338,7.3768,7.61314,7.7395,7.97962,9.1945
2016-01-07,7.231,6.745,7.231,6.706,85865.0,600068,-0.08081,-0.12709,-0.11587,-0.10567,-0.06345,-0.21734,7.1804,7.57105,7.72665,7.9759,9.18689
2016-01-08,6.959,6.901,7.046,6.59,368821.0,600068,0.02313,-0.09779,-0.09543,-0.08378,-0.12877,-0.21926,7.0308,7.53638,7.71647,7.96761,9.17901
2016-01-11,6.803,6.6579999999999995,6.968999999999999,6.483,432783.0,600068,-0.03521,-0.05116,-0.1138,-0.09143,-0.23629,-0.22047,6.959,7.49567,7.70566,7.95086,9.17135
2016-01-12,6.619,6.667000000000001,6.696000000000001,6.462999999999999,263041.0,600068,0.00135,-0.06794,-0.10209,-0.11824,-0.30501,-0.22549,6.8618,7.45957,7.69124,7.92707,9.16346
2016-01-13,6.696000000000001,6.57,6.726,6.462999999999999,219801.0,600068,-0.01455,-0.10466,-0.13881,-0.15607,-0.27699,-0.18688,6.7082,7.40914,7.67165,7.90661,9.15733
2016-01-14,6.415,6.627999999999999,6.6579999999999995,6.297999999999999,299862.0,600068,0.00883,-0.01735,-0.12904,-0.13788,-0.19003,-0.1688,6.6848,7.36238,7.65455,7.89397,9.15185
2016-01-15,6.541,6.337000000000001,6.599,6.181,279341.0,600068,-0.0439,-0.08173,-0.16188,-0.20877,-0.24361,-0.20429,6.572,7.3041,7.62758,7.87737,9.14524
2016-01-18,6.21,6.287999999999999,6.376,6.172000000000001,296296.0,600068,-0.00773,-0.05557,-0.19929,-0.17056,-0.29601,-0.24332,6.498,7.22957,7.60673,7.85588,9.13702
2016-01-19,6.287999999999999,6.667000000000001,6.881,6.2010000000000005,855592.0,600068,0.06027,0.0,-0.13819,-0.13718,-0.27025,-0.1949,6.498,7.17867,7.58963,7.8358,9.13046
2016-01-20,6.59,6.4239999999999995,6.6770000000000005,6.385,590873.0,600068,-0.03645,-0.02222,-0.18498,-0.17894,-0.29608,-0.1383,6.4688,7.10924,7.56705,7.81384,9.12627
2016-01-21,6.308,6.162000000000001,6.452999999999999,6.074,406970.0,600068,-0.04078,-0.07031,-0.22305,-0.21242,-0.32122,-0.19419,6.3756,7.025,7.54024,7.79013,9.12023
2016-01-22,6.23,6.23,6.287999999999999,6.074,278957.0,600068,0.01104,-0.01688,-0.20475,-0.19164,-0.34593,-0.23801,6.3542,6.94862,7.51642,7.76334,9.11232
2016-01-25,6.24,6.2010000000000005,6.269,6.162000000000001,247184.0,600068,-0.00465,-0.01384,-0.19842,-0.17671,-0.36006,-0.23614,6.3368,6.87552,7.49495,7.73498,9.10453
2016-01-26,6.104,5.579,6.142,5.579,447887.0,600068,-0.10031,-0.16319,-0.28244,-0.26785,-0.36006,-0.31115,6.1192,6.77095,7.46203,7.70946,9.09428
2016-01-27,5.627000000000001,5.247999999999999,5.6370000000000005,5.112,798463.0,600068,-0.05933,-0.18306,-0.31038,-0.30508,-0.40533,-0.35883,5.884,6.65848,7.42487,7.68037,9.08235
2016-01-28,5.239,5.073,5.268,5.034,436858.0,600068,-0.03335,-0.17673,-0.33591,-0.31232,-0.45685,-0.40667,5.6662,6.53629,7.38771,7.64568,9.06821
2016-01-29,5.053999999999999,5.268,5.297000000000001,5.053999999999999,363299.0,600068,0.03844,-0.15441,-0.31823,-0.28013,-0.40374,-0.3853,5.4738,6.41919,7.35465,7.61668,9.05479
2016-02-01,5.257999999999999,5.141,5.277,5.053999999999999,256013.0,600068,-0.02411,-0.17094,-0.32789,-0.32789,-0.42378,-0.41326,5.2618,6.29976,7.31419,7.58594,9.04007
2016-02-02,5.141,5.277,5.345,5.141,343936.0,600068,0.02645,-0.05413,-0.24797,-0.34112,-0.42784,-0.36575,5.2014,6.2169,7.27013,7.55386,9.0277
2016-02-03,5.218999999999999,5.239,5.268,5.132000000000001,220262.0,600068,-0.0072,-0.00171,-0.26758,-0.3552,-0.45608,-0.33253,5.1996,6.12576,7.22358,7.51815,9.01709
2016-02-04,5.247999999999999,5.307,5.375,5.239,313203.0,600068,0.01298,0.04613,-0.27678,-0.35075,-0.4318,-0.34554,5.2464,6.02905,7.17734,7.48536,9.0057
2016-02-05,5.336,5.218999999999999,5.345,5.209,250006.0,600068,-0.01658,-0.0093,-0.22624,-0.35304,-0.42692,-0.36686,5.2366,5.95638,7.1314,7.45375,8.99341
2016-02-15,5.053999999999999,5.141,5.19,5.005,248279.0,600068,-0.01495,0.0,-0.25504,-0.36192,-0.45186,-0.35994,5.2366,5.87257,7.08437,7.41929,8.98165
2016-02-16,5.18,5.404,5.414,5.151,466832.0,600068,0.05116,0.02407,-0.18834,-0.31526,-0.45541,-0.31569,5.262,5.81286,7.04424,7.38255,8.97152
2016-02-17,5.404,5.598,5.617999999999999,5.355,771395.0,600068,0.0359,0.06852,-0.16034,-0.28,-0.42514,-0.29885,5.3338,5.76195,7.00913,7.34889,8.96182
2016-02-18,5.617999999999999,5.587999999999999,5.686,5.55,531463.0,600068,-0.00179,0.05295,-0.14947,-0.29014,-0.44126,-0.31654,5.39,5.71519,6.97229,7.31302,8.9513
2016-02-19,5.579,5.53,5.579,5.452000000000001,307421.0,600068,-0.01038,0.05959,-0.16566,-0.30018,-0.46373,-0.31475,5.4522,5.6629,6.93403,7.27414,8.94098
2016-02-22,5.587999999999999,5.715,5.734,5.579,524733.0,600068,0.03345,0.11165,-0.09815,-0.29662,-0.43298,-0.28669,5.567,5.63329,6.89516,7.23866,8.93164
2016-02-23,5.715,5.647,5.734,5.569,275328.0,600068,-0.0119,0.04497,-0.10194,-0.31318,-0.44452,-0.31972,5.6156,5.60276,6.85363,7.20192,8.92085
2016-02-24,5.617999999999999,5.695,5.705,5.53,303673.0,600068,0.0085,0.01733,-0.14579,-0.31386,-0.37732,-0.30911,5.635,5.55648,6.81161,7.17386,8.91049
2016-02-25,5.695,5.151,5.695,5.122000000000001,515743.0,600068,-0.09552,-0.0782,-0.19816,-0.37129,-0.4415,-0.40561,5.5476,5.49586,6.76255,7.14076,8.8962
2016-02-26,5.218999999999999,5.218999999999999,5.247999999999999,5.103,273966.0,600068,0.0132,-0.05624,-0.15303,-0.3499,-0.40005,-0.39102,5.4854,5.45095,6.71724,7.11246,8.88258
2016-02-29,5.229,5.073,5.229,4.908,433410.0,600068,-0.02797,-0.11234,-0.18571,-0.37563,-0.37486,-0.46175,5.357,5.39586,6.66802,7.08773,8.86489
2016-03-01,5.083,5.171,5.209,5.053999999999999,273542.0,600068,0.01932,-0.08429,-0.1661,-0.35588,-0.29252,-0.44452,5.2618,5.34681,6.62194,7.07035,8.84807
2016-03-02,5.2,5.462000000000001,5.501,5.18,686602.0,600068,0.05628,-0.04091,-0.02097,-0.26348,-0.16991,-0.41931,5.2152,5.34124,6.59042,7.06126,8.83204
2016-03-03,5.52,5.482,5.569,5.422999999999999,506816.0,600068,0.00366,0.06426,0.04459,-0.26079,-0.14021,-0.39619,5.2814,5.35238,6.55923,7.05399,8.81741
2016-03-04,5.443,5.54,5.587999999999999,5.404,704362.0,600068,0.01058,0.06151,0.09206,-0.27019,-0.18457,-0.38128,5.3456,5.37462,6.52615,7.0438,8.80354
2016-03-07,5.55,5.598,5.676,5.54,405651.0,600068,0.01047,0.10349,0.06264,-0.28451,-0.23816,-0.36938,5.4506,5.39033,6.49024,7.02957,8.79021
2016-03-08,5.608,5.587999999999999,5.617999999999999,5.414,373397.0,600068,-0.00179,0.08064,0.08695,-0.30307,-0.24943,-0.35939,5.534,5.41162,6.45105,7.01447,8.77746
2016-03-09,5.482,5.52,5.54,5.394,315258.0,600068,-0.01217,0.01062,0.04605,-0.29538,-0.24969,-0.3795,5.5456,5.42319,6.41373,6.99954,8.76374
2016-03-10,5.482,5.433,5.569,5.433,221621.0,600068,-0.01576,-0.00894,0.03703,-0.3056,-0.27025,-0.38261,5.5358,5.43243,6.37516,6.98318,8.75005
2016-03-11,5.433,5.443,5.501,5.375,165847.0,600068,0.00184,-0.01751,0.02563,-0.28654,-0.24118,-0.37602,5.5164,5.4389,6.3399,6.96911,8.73672
2016-03-14,5.482,5.55,5.657,5.482,479671.0,600068,0.01966,-0.00857,0.06342,-0.27251,-0.24766,-0.38545,5.5068,5.45467,6.30637,6.95426,8.72257
2016-03-15,5.54,5.587999999999999,5.598,5.433,384172.0,600068,0.00685,0.0,0.08695,-0.25622,-0.26094,-0.37459,5.5068,5.47595,6.27532,6.93822,8.70896
2016-03-16,5.55,5.598,5.647,5.53,504391.0,600068,0.00179,0.01413,0.0359,-0.24606,-0.251,-0.37814,5.5224,5.48519,6.24585,6.92297,8.69513
2016-03-17,5.598,5.666,5.715,5.55,454387.0,600068,0.01215,0.04289,0.01215,-0.25731,-0.23895,-0.38373,5.569,5.48843,6.21419,6.9085,8.68078
2016-03-18,5.676,5.715,5.773,5.647,788185.0,600068,0.00865,0.04997,0.02273,-0.24901,-0.23134,-0.38423,5.6234,5.49448,6.18363,6.89452,8.66629
2016-03-21,5.7829999999999995,5.88,6.016,5.715,840436.0,600068,0.02887,0.05946,0.06329,-0.22233,-0.13453,-0.39525,5.6894,5.51114,6.15652,6.88709,8.65067
2016-03-22,5.851,5.822,5.899,5.773,379384.0,600068,-0.00986,0.04188,0.01872,-0.25863,-0.20345,-0.39094,5.7362,5.51624,6.12376,6.875,8.63548
2016-03-23,5.7829999999999995,5.822,5.831,5.763,286753.0,600068,0.0,0.04001,0.03099,-0.24741,-0.18608,-0.39998,5.781,5.52457,6.09289,6.86418,8.6197
2016-03-24,5.792999999999999,5.666,5.792999999999999,5.657,319312.0,600068,-0.02679,0.0,-0.00509,-0.28115,-0.20578,-0.40125,5.781,5.52319,6.05715,6.85224,8.60426
2016-03-25,5.676,5.715,5.715,5.657,202858.0,600068,0.00865,0.0,0.10949,-0.27941,-0.21074,-0.40808,5.781,5.55005,6.0214,6.83984,8.58825
2016-03-28,5.773,5.715,5.812,5.695,257184.0,600068,0.0,-0.02806,0.09504,-0.27049,-0.21281,-0.38864,5.748,5.57367,5.98723,6.82728,8.57348
2016-03-29,5.705,5.627000000000001,5.725,5.608,286182.0,600068,-0.0154,-0.03349,0.10921,-0.27262,-0.19591,-0.40354,5.709,5.60005,5.95321,6.81613,8.558
2016-03-30,5.705,5.773,5.773,5.686,306902.0,600068,0.02595,-0.00842,0.11642,-0.25749,-0.17962,-0.43788,5.6992,5.62871,5.92092,6.80585,8.53972
2016-03-31,5.8020000000000005,5.851,5.909,5.754,474590.0,600068,0.01351,0.03265,0.07122,-0.23114,-0.15922,-0.40701,5.7362,5.64724,5.89255,6.79685,8.5234
2016-04-01,5.851,5.861000000000001,5.88,5.725,372455.0,600068,0.00171,0.02555,0.06914,-0.23275,-0.16007,-0.41284,5.7654,5.66529,5.86387,6.78776,8.50665
2016-04-05,5.861000000000001,6.045,6.152,5.841,811994.0,600068,0.03139,0.05774,0.09116,-0.21768,-0.13975,-0.39441,5.8314,5.68933,5.83674,6.77978,8.49064
2016-04-06,6.016,6.104,6.172000000000001,5.997000000000001,491256.0,600068,0.00976,0.08477,0.09039,-0.20199,-0.12286,-0.38554,5.9268,5.71343,5.81182,6.77283,8.47507
2016-04-07,6.104,5.919,6.122999999999999,5.909,415915.0,600068,-0.03031,0.02529,0.05923,-0.15648,-0.17252,-0.40875,5.956,5.72919,5.79411,6.7628,8.45844
2016-04-08,5.928999999999999,5.89,5.9479999999999995,5.831,274288.0,600068,-0.0049,0.00667,0.06703,-0.17657,-0.18545,-0.42164,5.9638,5.74681,5.77374,6.75189,8.44098
2016-04-11,5.919,6.065,6.084,5.919,360949.0,600068,0.02971,0.03481,0.11633,-0.17348,-0.19584,-0.37929,6.0046,5.7769,5.75321,6.73989,8.42592
2016-04-12,6.065,6.006,6.065,5.938,205798.0,600068,-0.00973,-0.00645,0.10344,-0.10956,-0.2026,-0.39186,5.9968,5.80371,5.74129,6.72748,8.41019
2016-04-13,6.055,6.152,6.2010000000000005,6.016,662002.0,600068,0.02431,0.00786,0.10847,-0.10853,-0.16048,-0.3878,6.0064,5.83238,5.72921,6.71792,8.39435
2016-04-14,6.152,6.172000000000001,6.181,6.104,253545.0,600068,0.00325,0.04274,0.10451,-0.07299,-0.18371,-0.41006,6.057,5.86019,5.72137,6.70663,8.37691
2016-04-15,6.162000000000001,6.132999999999999,6.21,6.1129999999999995,280919.0,600068,-0.00632,0.04126,0.09557,-0.0801,-0.2122,-0.45202,6.1056,5.88567,5.71276,6.6932,8.35634
2016-04-18,6.1129999999999995,5.997000000000001,6.122999999999999,5.957999999999999,239747.0,600068,-0.02218,-0.01121,0.05842,-0.08721,-0.21995,-0.45861,6.092,5.90143,5.70352,6.67945,8.33569
2016-04-19,6.026,6.055,6.074,5.987,206500.0,600068,0.00967,0.00816,0.05949,-0.08645,-0.24398,-0.48508,6.1018,5.91762,5.69427,6.66356,8.3125
2016-04-20,6.074,5.88,6.074,5.686,472884.0,600068,-0.0289,-0.04421,0.0,-0.07212,-0.22438,-0.54528,6.0474,5.91762,5.6869,6.64973,8.28384
2016-04-21,5.831,5.773,5.89,5.763,221303.0,600068,-0.0182,-0.06465,-0.00842,-0.0819,-0.25288,-0.55189,5.9676,5.91529,5.6786,6.63385,8.25494
2016-04-22,5.754,5.7829999999999995,5.792999999999999,5.725,141194.0,600068,0.00173,-0.05707,-0.0067,-0.13259,-0.26086,-0.56063,5.8976,5.91343,5.66434,6.61725,8.22494
2016-04-25,5.792999999999999,5.734,5.8020000000000005,5.676,136290.0,600068,-0.00847,-0.04386,0.012,-0.10741,-0.26713,-0.55821,5.845,5.91667,5.65321,6.60026,8.19549
2016-04-26,5.734,5.754,5.792999999999999,5.705,172443.0,600068,0.00349,-0.04971,0.00682,-0.06621,-0.25341,-0.56879,5.7848,5.91852,5.64663,6.58438,8.16464
2016-04-27,5.763,5.773,5.841,5.744,181176.0,600068,0.0033,-0.0182,0.01015,-0.07335,-0.23354,-0.57654,5.7634,5.92129,5.63926,6.57008,8.13269
2016-04-28,5.744,5.744,5.792999999999999,5.657,143705.0,600068,-0.00502,-0.00502,0.02079,-0.0737,-0.24619,-0.55317,5.7576,5.92686,5.63189,6.55483,8.10378
2016-04-29,5.725,5.754,5.792999999999999,5.705,124659.0,600068,0.00174,-0.00501,-0.00329,0.03137,-0.23808,-0.54557,5.7518,5.92595,5.63471,6.54021,8.0757
2016-05-03,5.763,5.919,5.987,5.754,390224.0,600068,0.02868,0.03226,0.01162,0.12786,-0.19764,-0.55613,5.7888,5.92919,5.64553,6.52836,8.04555
2016-05-04,5.919,5.9479999999999995,5.997000000000001,5.89,249171.0,600068,0.0049,0.03372,0.01484,0.17248,-0.18721,-0.57854,5.8276,5.93333,5.65965,6.51722,8.01236
2016-05-05,5.9479999999999995,6.016,6.016,5.928999999999999,275677.0,600068,0.01143,0.04209,-0.0048,0.14199,-0.21349,-0.52634,5.8762,5.93195,5.67171,6.50394,7.98519
2016-05-06,6.016,5.831,6.026,5.831,253731.0,600068,-0.03075,0.01515,-0.04472,0.13422,-0.27194,-0.5206,5.8936,5.91895,5.68284,6.48624,7.95945
2016-05-09,5.831,5.734,5.89,5.705,255487.0,600068,-0.01664,-0.00348,-0.03126,0.0866,-0.29428,-0.47644,5.8896,5.91014,5.69021,6.4668,7.93824
2016-05-10,5.744,5.705,5.7829999999999995,5.657,240230.0,600068,-0.00506,-0.03615,-0.03141,0.08895,-0.30206,-0.49589,5.8468,5.90133,5.69773,6.44672,7.91542
2016-05-11,5.734,5.87,5.919,5.676,410565.0,600068,0.02892,-0.01311,-0.03215,0.10609,-0.27234,-0.49588,5.8312,5.89205,5.70681,6.42886,7.89195
2016-05-12,5.812,5.851,5.899,5.734,259934.0,600068,-0.00324,-0.02743,-0.02581,0.1211,-0.2738,-0.51201,5.7982,5.88467,5.717,6.41093,7.867
2016-05-13,5.87,5.919,6.045,5.851,456834.0,600068,0.01162,0.01509,-0.03787,0.15133,-0.25,-0.49419,5.8158,5.87357,5.72955,6.39489,7.84349
2016-05-16,5.861000000000001,5.9479999999999995,5.9479999999999995,5.841,220096.0,600068,0.0049,0.03732,-0.03629,0.10067,-0.23498,-0.48278,5.8586,5.8629,5.73832,6.38003,7.82092
2016-05-17,5.938,5.87,5.9479999999999995,5.861000000000001,201594.0,600068,-0.01311,0.02892,-0.04288,0.04859,-0.25432,-0.4835,5.8916,5.85038,5.74271,6.36376,7.79858
2016-05-18,5.812,5.7829999999999995,5.831,5.686,247688.0,600068,-0.01482,-0.01482,-0.03568,0.0349,-0.26816,-0.49205,5.8742,5.84019,5.74585,6.34653,7.77581
2016-05-19,5.763,5.744,5.812,5.734,132560.0,600068,-0.00674,-0.01829,-0.05136,0.0387,-0.29305,-0.52129,5.8528,5.82538,5.74931,6.32717,7.75038
2016-05-20,5.695,5.744,5.744,5.686,131197.0,600068,0.0,-0.02957,-0.02313,0.00507,-0.30139,-0.51548,5.8178,5.8189,5.74977,6.30702,7.72554
2016-05-23,5.734,5.734,5.773,5.686,199835.0,600068,-0.00174,-0.03598,-0.00676,0.01541,-0.30916,-0.52252,5.775,5.81705,5.75118,6.28616,7.70003
2016-05-24,5.734,5.627000000000001,5.734,5.608,234138.0,600068,-0.01866,-0.0414,-0.02698,-0.01194,-0.31319,-0.54738,5.7264,5.80962,5.75008,6.2653,7.67237
2016-05-25,5.647,5.569,5.695,5.569,180251.0,600068,-0.01031,-0.03701,-0.02878,0.08115,-0.3063,-0.58536,5.6836,5.80176,5.75682,6.24531,7.64041
2016-05-26,5.579,5.569,5.617999999999999,5.452000000000001,170822.0,600068,0.0,-0.03047,-0.03215,0.06706,-0.31458,-0.58976,5.6486,5.79295,5.76247,6.22453,7.60787
2016-05-27,5.579,5.55,5.587999999999999,5.53,107400.0,600068,-0.00341,-0.03377,-0.03863,0.09403,-0.30867,-0.57772,5.6098,5.78233,5.77016,6.20438,7.577
2016-05-30,5.55,5.559,5.617999999999999,5.482,113949.0,600068,0.00162,-0.03052,-0.03221,0.07503,-0.2504,-0.53376,5.5748,5.77352,5.77642,6.18928,7.55113
2016-05-31,5.55,5.734,5.744,5.54,382076.0,600068,0.03148,0.01902,-0.00348,0.0498,-0.22681,-0.5267,5.5962,5.77257,5.78081,6.17561,7.52519
2016-06-01,5.725,5.754,5.831,5.705,259455.0,600068,0.00349,0.03322,-0.02788,0.04962,-0.242,-0.54729,5.6332,5.76471,5.78519,6.16067,7.49691
2016-06-02,5.773,5.744,5.7829999999999995,5.705,158150.0,600068,-0.00174,0.03142,-0.0343,0.03682,-0.26585,-0.55941,5.6682,5.755,5.78848,6.14376,7.46727
2016-06-03,5.773,5.744,5.773,5.695,179144.0,600068,0.0,0.03495,-0.04521,0.02608,-0.28361,-0.55048,5.707,5.74205,5.79084,6.12528,7.43867
2016-06-06,5.744,5.773,5.812,5.734,158006.0,600068,0.00505,0.0385,-0.00995,0.03311,-0.26308,-0.54132,5.7498,5.73929,5.79382,6.10852,7.41098
2016-06-07,5.763,5.734,5.7829999999999995,5.715,128401.0,600068,-0.00676,0.0,0.0,0.03877,-0.26713,-0.55889,5.7498,5.73929,5.79727,6.09153,7.38145
2016-06-08,5.715,5.744,5.763,5.705,119440.0,600068,0.00174,-0.00174,0.00684,0.05724,-0.24708,-0.58566,5.7478,5.74114,5.80229,6.0762,7.34844
2016-06-13,5.705,5.55,5.705,5.54,153489.0,600068,-0.03377,-0.03377,-0.05451,0.01966,-0.27251,-0.58321,5.709,5.7259,5.80402,6.0593,7.31687
2016-06-14,5.54,5.54,5.579,5.501,104204.0,600068,-0.0018,-0.03552,-0.05315,-0.0018,-0.26261,-0.5919,5.6682,5.7111,5.80385,6.04326,7.28421
2016-06-15,5.501,5.666,5.695,5.482,200427.0,600068,0.02274,-0.01853,-0.04274,0.01396,-0.2369,-0.57571,5.6468,5.69905,5.80511,6.02896,7.25296
2016-06-16,5.647,5.569,5.647,5.54,217625.0,600068,-0.01712,-0.02878,-0.06372,-0.00518,-0.27002,-0.58773,5.6138,5.681,5.80465,6.01221,7.22069
2016-06-17,5.579,5.627000000000001,5.657,5.579,230722.0,600068,0.01041,-0.02037,-0.0414,-0.00688,-0.26058,-0.56712,5.5904,5.66943,5.80402,5.99609,7.19072
2016-06-20,5.6370000000000005,5.695,5.734,5.6370000000000005,175797.0,600068,0.01208,0.02613,-0.01522,-0.0035,-0.24679,-0.53763,5.6194,5.66524,5.80369,5.98092,7.1638
2016-06-21,5.705,5.676,5.763,5.657,196350.0,600068,-0.00334,0.02455,-0.01184,-0.03469,-0.27722,-0.55106,5.6466,5.662,5.8004,5.96322,7.13548
2016-06-22,5.725,5.734,5.754,5.686,141954.0,600068,0.01022,0.012,-0.00174,-0.01512,-0.25879,-0.54543,5.6602,5.66152,5.79898,5.94694,7.10751
2016-06-23,5.734,5.715,5.754,5.686,97051.0,600068,-0.00331,0.02622,-0.00331,-0.01838,-0.27493,-0.49969,5.6894,5.66062,5.79726,5.92933,7.08431
2016-06-24,5.725,5.647,5.7829999999999995,5.55,170443.0,600068,-0.0119,0.00355,0.00355,-0.00335,-0.28798,-0.5178,5.6934,5.66157,5.79695,5.91076,7.05966
2016-06-27,5.627000000000001,5.715,5.715,5.608,113911.0,600068,0.01204,0.00351,0.02622,0.0,-0.27049,-0.53125,5.6974,5.66852,5.79695,5.89353,7.03333
2016-06-28,5.695,5.734,5.744,5.676,195233.0,600068,0.00332,0.01022,0.02963,0.00332,-0.25879,-0.54405,5.709,5.67638,5.79726,5.87725,7.00552
2016-06-29,5.754,5.88,5.977,5.734,535908.0,600068,0.02546,0.02546,0.05946,0.04496,-0.24373,-0.4807,5.7382,5.6921,5.80134,5.86185,6.98339
2016-06-30,5.88,5.82,5.89,5.8,254263.0,600068,-0.0102,0.01837,0.04695,0.00814,-0.23522,-0.44756,5.7592,5.70452,5.8021,5.84729,6.96422
2016-07-01,5.81,5.8,5.84,5.79,144566.0,600068,-0.00344,0.02709,0.01151,-0.00872,-0.24074,-0.48953,5.7898,5.70767,5.80127,5.83234,6.94161
2016-07-04,5.88,6.03,6.06,5.88,581237.0,600068,0.03966,0.05512,0.04797,0.02883,-0.21962,-0.41851,5.8528,5.72081,5.804,5.81854,6.92397
2016-07-05,6.04,6.37,6.43,6.03,926540.0,600068,0.05638,0.11092,0.10898,0.05376,-0.16721,-0.34262,5.98,5.75062,5.80924,5.80815,6.91048
2016-07-06,6.37,6.32,6.42,6.22,577372.0,600068,-0.00785,0.07483,0.10028,0.03539,-0.09933,-0.27506,6.068,5.77805,5.81273,5.80248,6.90073
2016-07-07,6.32,6.3,6.38,6.25,389821.0,600068,-0.00316,0.08247,0.09129,0.06437,-0.11925,-0.28998,6.164,5.80314,5.81887,5.79554,6.89027
2016-07-08,6.32,6.17,6.32,6.14,433045.0,600068,-0.02063,0.06379,0.07604,0.04754,-0.15917,-0.22865,6.238,5.8239,5.82339,5.78605,6.88283
2016-07-11,6.2,6.17,6.24,6.15,294902.0,600068,0.0,0.02322,0.07416,0.01731,-0.08525,-0.14329,6.266,5.84419,5.82508,5.78137,6.87864
2016-07-12,6.2,6.35,6.35,6.18,563176.0,600068,0.02917,-0.00314,0.14414,0.05728,-0.07984,-0.19833,6.262,5.88229,5.83063,5.77689,6.87225
2016-07-13,6.45,6.56,6.65,6.39,903950.0,600068,0.03307,0.03797,0.18412,0.06632,-0.01472,-0.24753,6.31,5.93086,5.83721,5.7761,6.86348
2016-07-14,6.51,6.45,6.57,6.41,367071.0,600068,-0.01677,0.02381,0.13837,0.04504,-0.03255,-0.32763,6.34,5.96819,5.84169,5.77433,6.8507
2016-07-15,6.48,6.47,6.59,6.41,317507.0,600068,0.0031,0.04862,0.16179,0.05495,-0.01522,-0.28799,6.4,6.0111,5.84713,5.77352,6.84007
2016-07-18,6.56,6.58,6.68,6.53,597929.0,600068,0.017,0.06645,0.16936,0.09722,-0.00724,-0.19589,6.482,6.05648,5.85653,5.77313,6.83355
2016-07-19,6.57,6.5,6.6,6.43,345018.0,600068,-0.01216,0.02362,0.14135,0.07349,0.02572,-0.22416,6.512,6.09481,5.86371,5.77446,6.82591
2016-07-20,6.5,6.54,6.65,6.48,309330.0,600068,0.00615,-0.00305,0.15222,0.11224,0.04008,-0.2678,6.508,6.13595,5.87435,5.7765,6.81619
2016-07-21,6.55,6.67,6.74,6.54,540004.0,600068,0.01988,0.03411,0.16324,0.15538,0.00045,-0.26992,6.552,6.18052,5.88882,5.77653,6.80617
2016-07-22,6.68,6.55,6.7,6.5,382516.0,600068,-0.01799,0.01236,0.14611,0.13263,0.01961,-0.28227,6.568,6.22029,5.90119,5.77755,6.7957
2016-07-25,6.52,6.45,6.57,6.4,292645.0,600068,-0.01527,-0.01976,0.1422,0.12487,0.04674,-0.28949,6.542,6.25852,5.91274,5.77989,6.78501
2016-07-26,6.4,6.5,6.51,6.4,215962.0,600068,0.00775,0.0,0.13736,0.12965,0.04334,-0.31759,6.542,6.2959,5.92477,5.78209,6.77272
2016-07-27,6.5,6.44,6.68,6.2,585680.0,600068,-0.00923,-0.01529,0.12313,0.11554,0.03854,-0.3354,6.522,6.32952,5.93553,5.78403,6.7595
2016-07-28,6.4,6.56,6.59,6.33,392533.0,600068,0.01863,-0.01649,0.11565,0.14206,0.17584,-0.24753,6.5,6.3619,5.94869,5.79201,6.75073
2016-07-29,6.74,6.95,7.22,6.74,1713913.0,600068,0.05945,0.06107,0.19416,0.20786,0.32431,-0.21246,6.58,6.41571,5.96798,5.80585,6.74311
2016-08-01,6.8,6.83,7.1,6.77,929772.0,600068,-0.01727,0.05891,0.17759,0.15391,0.34634,-0.26874,6.656,6.46476,5.98268,5.82013,6.73291
2016-08-02,6.83,7.11,7.16,6.82,881347.0,600068,0.041,0.09385,0.1791,0.19536,0.34966,-0.19525,6.778,6.51619,6.00142,5.83511,6.72589
2016-08-03,7.01,7.12,7.15,6.98,578718.0,600068,0.00141,0.10559,0.11774,0.18351,0.38494,-0.20197,6.914,6.5519,6.01923,5.8512,6.71857
2016-08-04,7.1,7.24,7.27,7.01,764308.0,600068,0.01685,0.10366,0.14557,0.24164,0.37199,-0.21501,7.05,6.59571,6.04195,5.86715,6.71051
2016-08-05,7.17,7.05,7.33,7.04,606102.0,600068,-0.02624,0.01439,0.11905,0.22951,0.34568,-0.26806,7.07,6.63143,6.06318,5.88188,6.70001
2016-08-08,7.0,7.43,7.5,6.97,812658.0,600068,0.0539,0.08785,0.20421,0.30237,0.40004,-0.2045,7.19,6.69143,6.091,5.89914,6.69225
2016-08-09,7.4,8.02,8.15,7.4,1340924.0,600068,0.07941,0.12799,0.29984,0.36627,0.53669,-0.11936,7.372,6.77952,6.12568,5.92191,6.68783
2016-08-10,7.97,7.97,8.03,7.88,855437.0,600068,-0.00623,0.11938,0.25512,0.36216,0.55028,-0.15023,7.542,6.85667,6.15985,5.94491,6.6821
2016-08-11,7.99,7.71,8.01,7.66,828213.0,600068,-0.03262,0.06492,0.1753,0.30258,0.42672,-0.22302,7.636,6.91143,6.18874,5.96366,6.67311
2016-08-12,7.74,7.78,7.96,7.69,660429.0,600068,0.00908,0.10355,0.2062,0.308,0.38978,-0.20107,7.782,6.97476,6.21829,5.9814,6.66515
2016-08-15,7.85,8.3,8.44,7.85,1284184.0,600068,0.06684,0.11709,0.28284,0.41397,0.48533,-0.17008,7.956,7.0619,6.25748,6.00345,6.65823
2016-08-16,8.3,8.19,8.59,8.11,1022845.0,600068,-0.01325,0.0212,0.24468,0.41622,0.48101,-0.20578,7.99,7.13857,6.29631,6.02507,6.64961
2016-08-17,8.13,8.27,8.37,8.08,647509.0,600068,0.00977,0.03764,0.27231,0.43976,0.44707,-0.17948,8.05,7.22286,6.33705,6.04585,6.64225
2016-08-18,8.28,8.19,8.4,8.15,511256.0,600068,-0.00967,0.06226,0.25229,0.42584,0.45033,-0.19437,8.146,7.30143,6.3765,6.06652,6.63422
2016-08-19,8.19,8.11,8.19,7.98,507385.0,600068,-0.00977,0.04242,0.21589,0.41437,0.42406,-0.11327,8.212,7.37,6.41482,6.08615,6.63001
2016-08-22,8.08,8.05,8.21,7.94,567313.0,600068,-0.0074,-0.03012,0.22901,0.4306,0.5628,-0.12718,8.162,7.44143,6.4539,6.10972,6.62524
2016-08-23,8.05,8.09,8.15,8.0,385905.0,600068,0.00497,-0.01221,0.25426,0.45268,0.55011,-0.07001,8.142,7.51952,6.49456,6.13307,6.62276
2016-08-24,8.05,8.01,8.15,8.0,335234.0,600068,-0.00989,-0.03144,0.23231,0.43832,0.57895,-0.01294,8.09,7.59143,6.53394,6.15694,6.62234
2016-08-25,7.98,7.93,8.08,7.8,331959.0,600068,-0.00999,-0.03175,0.23137,0.42883,0.53355,0.08496,8.038,7.66238,6.57232,6.17937,6.62486
2016-08-26,7.93,8.21,8.33,7.93,814596.0,600068,0.03531,0.01233,0.25152,0.47688,0.50311,0.24772,8.058,7.74095,6.61508,6.20172,6.63149
2016-08-29,8.23,8.36,8.66,8.15,1103544.0,600068,0.01827,0.03851,0.20288,0.45797,0.52499,0.31117,8.12,7.8081,6.65744,6.22511,6.63955
2016-08-30,8.45,8.3,8.47,8.2,448429.0,600068,-0.00718,0.02596,0.21523,0.44247,0.49819,0.22167,8.162,7.8781,6.6985,6.24755,6.64567
2016-08-31,8.25,8.3,8.43,8.21,368574.0,600068,0.0,0.0362,0.16737,0.44499,0.48267,0.12956,8.22,7.93476,6.73973,6.26952,6.64954
2016-09-01,8.31,8.1,8.35,8.06,389539.0,600068,-0.0241,0.02144,0.13764,0.41017,0.44953,0.08798,8.254,7.98143,6.77773,6.28994,6.65221
2016-09-02,8.1,8.14,8.17,8.02,295305.0,600068,0.00494,-0.00853,0.12431,0.41001,0.47464,0.10643,8.24,8.02429,6.8159,6.31124,6.65539
2016-09-05,8.18,8.27,8.34,8.13,353282.0,600068,0.01597,-0.01077,0.17305,0.44227,0.52218,0.11081,8.222,8.08238,6.85681,6.33431,6.65874
2016-09-06,8.28,8.6,8.6,8.21,825061.0,600068,0.0399,0.03614,0.15747,0.49721,0.58001,0.19894,8.282,8.1381,6.90287,6.35998,6.66454
2016-09-07,8.65,8.81,9.19,8.65,1161517.0,600068,0.02442,0.06145,0.0985,0.58739,0.58739,0.19425,8.384,8.17571,6.95545,6.38648,6.67037
2016-09-08,8.8,8.94,9.08,8.77,536412.0,600068,0.01476,0.1037,0.12171,0.61372,0.59986,0.18238,8.552,8.2219,7.01029,6.41373,6.67598
2016-09-09,8.94,8.69,8.97,8.62,418441.0,600068,-0.02796,0.06757,0.12711,0.53371,0.55234,0.1627,8.662,8.26857,7.05906,6.43887,6.68092
2016-09-12,8.5,8.49,8.56,8.23,782910.0,600068,-0.02301,0.0266,0.09126,0.52451,0.49841,0.14036,8.706,8.30238,7.10618,6.46183,6.68517
2016-09-13,8.48,8.21,8.51,8.07,815413.0,600068,-0.03298,-0.04535,-0.01084,0.45904,0.43657,0.10424,8.628,8.2981,7.14784,6.48211,6.68832
2016-09-14,8.13,8.03,8.15,7.91,451787.0,600068,-0.02192,-0.08854,-0.01954,0.41001,0.36565,0.18193,8.472,8.29048,7.1855,6.49959,6.69334
2016-09-19,8.09,8.2,8.29,8.08,422150.0,600068,0.02117,-0.08277,-0.00846,0.44468,0.40845,0.1219,8.324,8.28714,7.22621,6.51893,6.69696
2016-09-20,8.22,8.12,8.37,8.06,398196.0,600068,-0.00976,-0.06559,-0.00855,0.41611,0.39471,0.13519,8.21,8.28381,7.26469,6.53761,6.70089
2016-09-21,8.11,8.11,8.17,8.0,261790.0,600068,-0.00123,-0.04476,0.0,0.41907,0.43134,0.13681,8.134,8.28381,7.30332,6.55748,6.70486
2016-09-22,8.19,8.24,8.3,8.13,394012.0,600068,0.01603,0.00365,0.0236,0.45918,0.44182,0.13796,8.14,8.29286,7.34515,6.57801,6.70892
2016-09-23,8.25,8.47,8.53,8.2,549590.0,600068,0.02791,0.05479,0.04697,0.48206,0.48206,0.16667,8.228,8.31095,7.38958,6.60041,6.71384
2016-09-26,8.4,8.14,8.59,8.12,557267.0,600068,-0.03896,-0.00732,0.01623,0.4196,0.4466,0.16319,8.216,8.31714,7.42839,6.62084,6.71848
2016-09-27,8.1,7.94,8.17,7.67,726300.0,600068,-0.02457,-0.02217,0.00126,0.35034,0.37537,0.12832,8.18,8.31762,7.46161,6.63846,6.72215
2016-09-28,7.91,7.81,7.93,7.75,300891.0,600068,-0.01637,-0.03699,-0.04872,0.34192,0.33481,0.12229,8.12,8.29857,7.49371,6.65438,6.72561
2016-09-29,7.78,7.81,7.94,7.78,274169.0,600068,0.0,-0.05218,-0.06579,0.34655,0.33254,0.11923,8.034,8.27238,7.52613,6.67023,6.729
2016-09-30,7.78,7.91,7.94,7.77,283700.0,600068,0.0128,-0.06612,-0.04699,0.31177,0.30852,0.12566,7.922,8.25381,7.55645,6.68539,6.73259
2016-10-10,7.96,8.23,8.31,7.96,408742.0,600068,0.04046,0.01106,-0.00843,0.29199,0.3483,0.18264,7.94,8.25048,7.58645,6.70267,6.73775
2016-10-11,8.23,8.19,8.27,8.15,243100.0,600068,-0.00486,0.03149,0.01111,0.29589,0.38368,0.14497,7.99,8.25476,7.61661,6.72114,6.74197
2016-10-12,8.18,8.41,8.44,8.16,442135.0,600068,0.02686,0.07682,0.03317,0.33492,0.42784,0.16305,8.11,8.26762,7.65065,6.74163,6.74676
2016-10-13,8.45,8.48,8.61,8.34,516563.0,600068,0.00832,0.08579,0.02539,0.37439,0.39819,0.12437,8.244,8.27762,7.6879,6.76126,6.75057
2016-10-14,8.51,8.49,8.64,8.37,441880.0,600068,0.00118,0.07332,-0.01279,0.37601,0.41359,0.12719,8.36,8.27238,7.72532,6.78146,6.75447
2016-10-17,8.54,8.23,8.55,8.15,417428.0,600068,-0.03062,0.0,-0.06583,0.29606,0.33778,0.12309,8.36,8.24476,7.75565,6.79835,6.75813
2016-10-18,8.19,8.66,8.7,8.16,817638.0,600068,0.05225,0.05739,-0.03132,0.32012,0.40311,0.14535,8.454,8.23143,7.78952,6.81858,6.7626
2016-10-19,8.62,8.55,8.75,8.54,459173.0,600068,-0.0127,0.01665,-0.01611,0.32558,0.3941,0.09827,8.482,8.22476,7.82339,6.83823,6.76571
2016-10-20,8.54,8.46,8.63,8.41,294450.0,600068,-0.01053,-0.00236,-0.00353,0.30757,0.41071,0.10042,8.478,8.22333,7.85548,6.85825,6.76885
2016-10-21,8.44,8.65,8.88,8.43,877652.0,600068,0.02246,0.01885,0.05359,0.31459,0.42857,0.08003,8.51,8.24429,7.88887,6.87935,6.77146
2016-10-24,8.71,9.0,9.1,8.68,1051187.0,600068,0.04046,0.09356,0.1208,0.38462,0.53061,0.18718,8.664,8.29048,7.92919,6.90472,6.77722
2016-10-25,8.92,8.89,8.96,8.7,694302.0,600068,-0.01222,0.02656,0.08415,0.35933,0.53993,0.15051,8.71,8.32333,7.9671,6.93006,6.78195
2016-10-26,8.85,8.74,8.85,8.67,503373.0,600068,-0.01687,0.02222,0.07635,0.31034,0.51133,0.11708,8.748,8.35286,8.00048,6.9541,6.78567
2016-10-27,8.7,8.57,8.73,8.43,561469.0,600068,-0.01945,0.013,0.05672,0.3084,0.49459,0.09535,8.77,8.37476,8.03306,6.97715,6.78871
2016-10-28,8.55,8.45,8.63,8.43,312514.0,600068,-0.014,-0.02312,0.02549,0.31008,0.46854,0.09641,8.73,8.38476,8.06532,6.99907,6.79173
2016-10-31,8.5,8.6,8.69,8.48,425166.0,600068,0.01775,-0.04444,0.01535,0.32308,0.48969,0.1418,8.65,8.39095,8.09919,7.02206,6.79607
2016-11-01,8.62,8.63,8.67,8.54,290138.0,600068,0.00349,-0.02925,0.0602,0.34006,0.50244,0.13255,8.598,8.41429,8.13452,7.04552,6.80017
2016-11-02,8.62,8.35,8.66,8.26,657087.0,600068,-0.03244,-0.04462,0.05164,0.27287,0.45116,0.10567,8.52,8.43381,8.16339,7.06663,6.80342
2016-11-03,8.35,8.62,8.74,8.25,901505.0,600068,0.03234,0.00583,0.10371,0.24029,0.45633,0.1685,8.53,8.47238,8.19032,7.08859,6.80847
2016-11-04,8.58,8.57,8.89,8.52,759411.0,600068,-0.0058,0.0142,0.09731,0.25476,0.44082,0.17108,8.554,8.50857,8.21839,7.1099,6.81356
2016-11-07,8.55,8.76,8.85,8.53,674295.0,600068,0.02217,0.0186,0.10746,0.23207,0.45612,0.14525,8.586,8.54905,8.245,7.13221,6.81808
2016-11-08,8.8,8.74,8.88,8.69,482021.0,600068,-0.00228,0.01275,0.06197,0.22753,0.49889,0.09127,8.608,8.57333,8.27113,7.15586,6.82105
2016-11-09,8.71,8.56,8.73,8.38,650974.0,600068,-0.02059,0.02515,0.04518,0.18232,0.49285,0.05354,8.65,8.59095,8.29242,7.17884,6.82282
2016-11-10,8.69,8.67,8.88,8.65,651148.0,600068,0.01285,0.0058,0.03092,0.22979,0.51972,0.06068,8.66,8.60333,8.31855,7.20294,6.82483
2016-11-11,8.69,8.96,9.08,8.63,1219630.0,600068,0.03345,0.04551,0.0566,0.20592,0.52641,0.1107,8.738,8.62619,8.34323,7.22807,6.82846
2016-11-14,8.93,8.94,9.29,8.84,1706684.0,600068,-0.00223,0.02055,0.053,0.11471,0.52794,0.10959,8.774,8.64762,8.35806,7.25318,6.83205
2016-11-15,8.91,8.81,9.0,8.76,617689.0,600068,-0.01454,0.00801,0.07047,0.1054,0.48843,0.11632,8.788,8.67524,8.37161,7.27668,6.83578
2016-11-16,8.78,8.74,8.83,8.7,404002.0,600068,-0.00795,0.02103,0.00924,0.13359,0.4694,0.12412,8.824,8.67905,8.38823,7.29938,6.83971
2016-11-17,8.7,8.86,8.93,8.66,497511.0,600068,0.01373,0.02191,0.03626,0.13882,0.50937,0.12551,8.862,8.69381,8.40565,7.32369,6.84372
2016-11-18,8.92,8.86,9.05,8.84,563151.0,600068,0.0,-0.01116,0.04728,0.06747,0.53208,0.12124,8.842,8.71286,8.41468,7.34871,6.84762
2016-11-21,8.9,8.9,9.29,8.74,1775739.0,600068,0.00451,-0.00447,0.0289,0.08669,0.54944,0.09538,8.834,8.72476,8.42613,7.37437,6.85077
2016-11-22,8.86,8.9,9.2,8.83,1588103.0,600068,0.0,0.01022,-0.01111,0.07618,0.54944,0.08246,8.852,8.72,8.43629,7.40002,6.85352
2016-11-23,8.92,8.9,9.08,8.83,1067785.0,600068,0.0,0.01831,0.00112,0.08669,0.55215,0.07229,8.884,8.72048,8.44774,7.42576,6.85596
2016-11-24,9.01,9.64,9.68,9.01,2459532.0,600068,0.08315,0.08804,0.10297,0.18866,0.71317,0.17661,9.04,8.76333,8.47242,7.45839,6.86185
2016-11-25,9.55,9.69,9.86,9.38,1689430.0,600068,0.00519,0.09368,0.13069,0.20373,0.73999,0.20703,9.206,8.81667,8.49887,7.49189,6.8686
2016-11-28,9.8,9.84,10.29,9.77,2555364.0,600068,0.01548,0.10562,0.1645,0.21632,0.76692,0.21108,9.394,8.88286,8.5271,7.52662,6.87557
2016-11-29,9.84,9.99,10.29,9.62,2064452.0,600068,0.01524,0.12247,0.16163,0.24719,0.8,0.24439,9.612,8.94905,8.55903,7.56272,6.88355
2016-11-30,9.87,9.59,9.99,9.47,1402180.0,600068,-0.04004,0.07753,0.11124,0.20933,0.72513,0.29315,9.75,8.99476,8.58581,7.59549,6.89239
2016-12-01,9.6,9.65,9.69,9.43,1101079.0,600068,0.00626,0.00104,0.15569,0.1754,0.68294,0.30124,9.752,9.05667,8.60903,7.62733,6.90147
2016-12-02,9.63,9.8,10.06,9.54,1490952.0,600068,0.01554,0.01135,0.13689,0.17225,0.70316,0.291,9.774,9.11286,8.63226,7.66022,6.91045
2016-12-05,9.54,9.13,9.54,9.02,1663665.0,600068,-0.06837,-0.07215,0.06534,0.1,0.58948,0.16692,9.632,9.13952,8.64565,7.68775,6.91576
2016-12-06,9.13,9.01,9.19,8.94,831485.0,600068,-0.01314,-0.0981,0.02854,0.08554,0.56859,0.12372,9.436,9.15143,8.6571,7.7143,6.91979
2016-12-07,9.02,9.23,9.28,8.97,612606.0,600068,0.02442,-0.03754,0.05606,0.13951,0.59882,0.1782,9.364,9.17476,8.67532,7.74241,6.92546
2016-12-08,9.25,9.11,9.26,9.08,408039.0,600068,-0.013,-0.05596,0.06425,0.11916,0.58877,0.16437,9.256,9.20095,8.69097,7.76985,6.93069
2016-12-09,9.1,9.25,9.37,9.06,763389.0,600068,0.01537,-0.05612,0.0669,0.1185,0.61038,0.21248,9.146,9.22857,8.70677,7.79836,6.93728
2016-12-12,9.2,8.82,9.21,8.58,1307078.0,600068,-0.04649,-0.03395,-0.01563,0.02558,0.58919,0.15611,9.084,9.2219,8.71032,7.82494,6.94212
2016-12-13,8.74,8.69,8.83,8.53,598095.0,600068,-0.01474,-0.03552,-0.02796,-0.01362,0.56859,0.15666,9.02,9.21,8.70839,7.85055,6.94691
2016-12-14,8.7,8.53,8.78,8.52,546284.0,600068,-0.01841,-0.07584,-0.03178,-0.04586,0.50547,0.14882,8.88,9.19667,8.70177,7.87384,6.9514
2016-12-15,8.51,8.43,8.58,8.29,615560.0,600068,-0.01172,-0.07464,-0.03547,-0.02992,0.51374,0.10499,8.744,9.1819,8.69758,7.8971,6.95465
2016-12-16,8.43,8.51,8.56,8.33,382792.0,600068,0.00949,-0.08,-0.0395,0.00236,0.51235,0.11827,8.596,9.16524,8.6979,7.92054,6.95831
2016-12-19,8.54,8.47,8.54,8.38,337182.0,600068,-0.0047,-0.03968,-0.04402,0.03167,0.48727,0.12022,8.526,9.14667,8.7021,7.9431,6.96201
2016-12-20,8.48,8.45,8.53,8.35,281766.0,600068,-0.00236,-0.02762,-0.05056,0.0523,0.48872,0.07602,8.478,9.12524,8.70887,7.96565,6.96443
2016-12-21,8.46,8.62,8.66,8.4,523503.0,600068,0.02012,0.01055,-0.03146,0.05122,0.50331,0.11427,8.496,9.1119,8.71565,7.98911,6.96803
2016-12-22,8.6,8.67,8.69,8.54,365932.0,600068,0.0058,0.02847,-0.02584,0.06773,0.51706,0.09997,8.544,9.10095,8.72452,8.01314,6.97123
2016-12-23,8.66,8.65,8.78,8.58,454516.0,600068,-0.00231,0.01645,-0.1027,0.06658,0.53179,0.09066,8.572,9.05381,8.73323,8.03755,6.97415
2016-12-26,8.6,8.87,8.95,8.42,569292.0,600068,0.02543,0.04723,-0.08462,0.07646,0.55206,0.13224,8.652,9.01476,8.74339,8.0632,6.97837
2016-12-27,9.29,9.1,9.48,9.08,1096612.0,600068,0.02593,0.07692,-0.0752,0.07438,0.58702,0.17632,8.782,8.97952,8.75355,8.09057,6.98391
2016-12-28,9.15,9.08,9.23,9.01,453037.0,600068,-0.0022,0.05336,-0.09109,0.11548,0.54422,0.16785,8.874,8.93619,8.76871,8.11659,6.98922
2016-12-29,9.01,9.19,9.29,8.99,491150.0,600068,0.01211,0.05998,-0.04171,0.15743,0.57904,0.20762,8.978,8.91714,8.78887,8.14398,6.99564
2016-12-30,9.19,9.19,9.28,9.02,347100.0,600068,0.0,0.06243,-0.04767,0.1767,0.58448,0.20304,9.086,8.89524,8.81113,8.17154,7.00194
2017-01-03,9.19,9.25,9.35,9.15,367390.0,600068,0.00653,0.04284,-0.05612,0.18438,0.534,0.1971,9.162,8.86905,8.83435,8.19772,7.00813
2017-01-04,9.22,9.24,9.28,9.18,377876.0,600068,-0.00108,0.01538,0.01205,0.16814,0.45055,0.208,9.19,8.87429,8.85581,8.22106,7.0146
2017-01-05,9.27,9.12,9.31,9.07,413087.0,600068,-0.01299,0.00441,0.01221,0.10814,0.44304,0.2997,9.198,8.87952,8.87016,8.24382,7.02315
2017-01-06,9.18,9.28,9.36,9.14,647918.0,600068,0.01754,0.00979,0.00542,0.13309,0.47302,0.29736,9.216,8.8819,8.88774,8.26805,7.0318
2017-01-09,9.29,9.59,9.7,9.26,723277.0,600068,0.03341,0.04353,0.05269,0.14031,0.55429,0.3069,9.296,8.90476,8.90677,8.29585,7.04095
2017-01-10,9.56,9.5,9.58,9.4,458776.0,600068,-0.00938,0.02703,0.02703,0.12028,0.53971,0.40845,9.346,8.91667,8.92323,8.32293,7.05215
2017-01-11,9.5,9.18,9.52,9.16,548499.0,600068,-0.03368,-0.00649,0.04082,0.08127,0.44567,0.33024,9.334,8.93381,8.93435,8.34593,7.06141
2017-01-12,9.27,9.09,9.27,9.06,291203.0,600068,-0.0098,-0.00329,0.04603,0.1045,0.38567,0.36527,9.328,8.95286,8.94823,8.3665,7.0713
2017-01-13,9.15,9.14,9.18,9.03,298334.0,600068,0.0055,-0.01509,0.07151,0.05543,0.41705,0.37093,9.3,8.9819,8.95597,8.38837,7.08135
