date,open,close,high,low,volume,code,ret_0_1_d,ret_0_5_d,ret_0_21_d,ret_0_62_d,ret_0_123_d,ret_0_246_d,ma5,ma21,ma62,ma123,ma246
2004-08-17,3.103,3.3960000000000004,3.445,3.1010000000000004,292781.35,600971,,,,,,,,,,,
2004-08-18,3.386,3.4410000000000003,3.463,3.373,89989.06,600971,0.01325,,,,,,,,,,
2004-08-19,3.4360000000000004,3.4589999999999996,3.487,3.408,39760.53,600971,0.00523,,,,,,3.432,,,,
2004-08-20,3.447,3.451,3.577,3.43,40615.25,600971,-0.00231,,,,,,3.43675,,,,
2004-08-23,3.4589999999999996,3.503,3.5260000000000002,3.443,24219.68,600971,0.01507,,,,,,3.45,,,,
2004-08-24,3.503,3.443,3.522,3.3489999999999998,27215.66,600971,-0.01713,0.01384,,,,,3.4594,,,,
2004-08-25,3.404,3.4610000000000003,3.477,3.404,14771.59,600971,0.00523,0.00581,,,,,3.4634,,,,
2004-08-26,3.457,3.552,3.5639999999999996,3.42,17272.93,600971,0.02629,0.02689,,,,,3.482,,,,
2004-08-27,3.554,3.5810000000000004,3.585,3.5060000000000002,18186.2,600971,0.00816,0.03767,,,,,3.508,,,,
2004-08-30,3.548,3.5460000000000003,3.5810000000000004,3.471,11330.79,600971,-0.00977,0.01228,,,,,3.5166,,,,
2004-08-31,3.638,3.5260000000000002,3.638,3.497,18832.95,600971,-0.00564,0.02411,,,,,3.5332,3.48718,,,
2004-09-01,3.5239999999999996,3.469,3.5239999999999996,3.42,10185.54,600971,-0.01617,0.00231,,,,,3.5348,3.48567,,,
2004-09-02,3.457,3.467,3.503,3.408,7289.91,600971,-0.00058,-0.02393,,,,,3.5178,3.48423,,,
2004-09-03,3.467,3.451,3.4810000000000003,3.42,3943.35,600971,-0.00461,-0.0363,,,,,3.4918,3.48186,,,
2004-09-06,3.445,3.373,3.447,3.3689999999999998,8995.08,600971,-0.0226,-0.04879,,,,,3.4572,3.4746,,,
2004-09-07,3.3489999999999998,3.465,3.467,3.325,7010.78,600971,0.02728,-0.0173,,,,,3.445,3.474,,,
2004-09-08,3.469,3.4589999999999996,3.4730000000000003,3.426,3266.88,600971,-0.00173,-0.00288,,,,,3.443,3.47312,,,
2004-09-09,3.424,3.445,3.4589999999999996,3.3760000000000003,7082.94,600971,-0.00405,-0.00635,,,,,3.4386,3.47156,,,
2004-09-10,3.408,3.465,3.469,3.408,3611.71,600971,0.00581,0.00406,,,,,3.4414,3.47121,,,
2004-09-13,3.438,3.445,3.4610000000000003,3.408,4406.77,600971,-0.00577,0.02135,,,,,3.4558,3.4699,,,
2004-09-14,3.477,3.455,3.532,3.4410000000000003,4948.02,600971,0.0029,-0.00289,,,,,3.4538,3.46919,,,
2004-09-15,3.4789999999999996,3.719,3.8,3.467,60695.53,600971,0.07641,0.07517,0.09511,,,,3.5058,3.48457,,,
2004-09-16,3.7030000000000003,3.7680000000000002,3.812,3.6860000000000004,23410.48,600971,0.01318,0.09376,0.09503,,,,3.5704,3.50014,,,
2004-09-17,3.772,3.906,3.9160000000000004,3.727,23315.58,600971,0.03662,0.12727,0.12923,,,,3.6586,3.52143,,,
2004-09-20,3.9560000000000004,3.96,3.995,3.8960000000000004,29201.32,600971,0.01382,0.14949,0.14749,,,,3.7616,3.54567,,,
2004-09-21,3.9419999999999997,4.048,4.053999999999999,3.863,25091.55,600971,0.02222,0.17164,0.15558,,,,3.8802,3.57162,,,
2004-09-22,4.038,4.147,4.235,4.0169999999999995,24590.69,600971,0.02446,0.11508,0.20447,,,,3.9658,3.60514,,,
2004-09-23,4.137,4.34,4.354,4.0280000000000005,19436.43,600971,0.04654,0.1518,0.25397,,,,4.0802,3.647,,,
2004-09-24,4.334,3.946,4.393,3.9360000000000004,46009.65,600971,-0.09078,0.01024,0.11092,,,,4.0882,3.66576,,,
2004-09-27,4.038,4.099,4.172,3.975,46702.41,600971,0.03877,0.0351,0.14465,,,,4.116,3.69043,,,
2004-09-28,4.101,4.101,4.133,4.058,12194.41,600971,0.00049,0.01309,0.15651,,,,4.1266,3.71686,3.64152,,
2004-09-29,4.117,4.202,4.279,4.0969999999999995,13695.93,600971,0.02463,0.01326,0.19172,,,,4.1376,3.74905,3.65903,,
2004-09-30,4.206,4.255,4.277,4.206,14400.34,600971,0.01261,-0.01959,0.22658,,,,4.1206,3.78648,3.67709,,
2004-10-08,4.237,4.57,4.606,4.237,21124.07,600971,0.07403,0.15813,0.31814,,,,4.2454,3.839,3.70335,,
2004-10-11,4.612,4.493,4.686,4.4719999999999995,21218.19,600971,-0.01685,0.09612,0.30194,,,,4.3242,3.88862,3.72591,,
2004-10-12,4.4910000000000005,4.43,4.588,4.405,14647.73,600971,-0.01402,0.08022,0.31337,,,,4.39,3.93895,3.74547,,
2004-10-13,4.43,4.47,4.507,4.355,15125.2,600971,0.00903,0.06378,0.29004,,,,4.4436,3.98681,3.76505,,
2004-10-14,4.482,4.245,4.4910000000000005,4.176,20782.95,600971,-0.05034,-0.00235,0.22723,,,,4.4416,4.02424,3.77768,,
2004-10-15,4.229,4.35,4.409,4.157,10733.94,600971,0.02473,-0.04814,0.2627,,,,4.3976,4.06733,3.79236,,
2004-10-18,4.35,4.529,4.588,4.255,17390.79,600971,0.04115,0.00801,0.30707,,,,4.4048,4.118,3.81077,,
2004-10-19,4.531000000000001,4.434,4.6,4.413,10727.29,600971,-0.02098,0.0009,0.28708,,,,4.4056,4.1651,3.82598,,
2004-10-20,4.428,4.6080000000000005,4.637,4.373,15239.46,600971,0.03924,0.03087,0.33372,,,,4.4332,4.22,3.8446,,
2004-10-21,4.57,4.586,4.724,4.493,13787.98,600971,-0.00477,0.08033,0.23313,,,,4.5014,4.26129,3.86184,,
2004-10-22,4.592,4.7139999999999995,4.746,4.5089999999999995,19318.74,600971,0.02791,0.08368,0.25106,,,,4.5742,4.30633,3.8812,,
2004-10-25,4.7669999999999995,4.726,4.8660000000000005,4.6610000000000005,20249.61,600971,0.00255,0.0435,0.20993,,,,4.6136,4.34538,3.89998,,
2004-10-26,4.73,4.805,4.846,4.688,15781.93,600971,0.01672,0.08367,0.21338,,,,4.6878,4.38562,3.91965,,
2004-10-27,4.836,4.777,4.885,4.734,18425.74,600971,-0.00583,0.03668,0.18009,,,,4.7216,4.42033,3.93789,,
2004-10-28,4.744,4.7669999999999995,4.787,4.655,14268.58,600971,-0.00209,0.03947,0.14951,,,,4.7578,4.44986,3.95517,,
2004-10-29,4.649,4.712,4.8260000000000005,4.612,9813.64,600971,-0.01154,-0.00042,0.08571,,,,4.7574,4.46757,3.97061,,
2004-11-01,4.688,4.72,4.8660000000000005,4.669,8744.46,600971,0.0017,-0.00127,0.19615,,,,4.7562,4.50443,3.9856,,
2004-11-02,4.728,4.728,4.777,4.678999999999999,4827.41,600971,0.00169,-0.01602,0.15345,,,,4.7408,4.53438,4.00016,,
2004-11-03,4.728,4.755,4.803,4.694,5988.34,600971,0.00571,-0.00461,0.15947,,,,4.7364,4.56552,4.01467,,
2004-11-04,4.755,4.7669999999999995,4.915,4.742,12553.45,600971,0.00252,0.0,0.13446,,,,4.7364,4.59243,4.02887,,
2004-11-05,4.787,4.582,4.8069999999999995,4.511,21670.6,600971,-0.03881,-0.02759,0.07685,,,,4.7104,4.608,4.03911,,
2004-11-08,4.533,4.627,4.6610000000000005,4.511,3641.69,600971,0.00982,-0.0197,0.01247,,,,4.6918,4.61071,4.0498,,
2004-11-09,4.61,4.621,4.677,4.556,5001.23,600971,-0.0013,-0.02263,0.02849,,,,4.6704,4.61681,4.06,,
2004-11-10,4.635,5.004,5.073,4.629,19052.12,600971,0.08288,0.05237,0.12957,,,,4.7202,4.64414,4.07656,,
2004-11-11,5.004,4.933,5.1160000000000005,4.917,11579.22,600971,-0.01419,0.03482,0.10358,,,,4.7534,4.66619,4.09133,,
2004-11-12,4.937,5.175,5.191,4.937,11401.75,600971,0.04906,0.12942,0.21908,,,,4.872,4.71048,4.10969,,
2004-11-15,5.2010000000000005,5.191,5.392,5.098,13818.23,600971,0.00309,0.12189,0.19333,,,,4.9848,4.75052,4.12772,,
2004-11-16,5.181,5.352,5.374,5.102,7417.96,600971,0.03102,0.15819,0.18172,,,,5.131,4.78971,4.14779,,
2004-11-17,5.352,5.415,5.494,5.2989999999999995,11424.25,600971,0.01177,0.08213,0.22124,,,,5.2132,4.83643,4.16823,4.16823,
2004-11-18,5.374,5.421,5.445,5.34,5386.63,600971,0.00111,0.09893,0.17643,0.59629,,,5.3108,4.87514,4.20089,4.18811,
2004-11-19,5.417000000000001,5.321000000000001,5.472,5.26,4679.17,600971,-0.01845,0.02821,0.16027,0.54635,,,5.34,4.91014,4.23121,4.20581,
2004-11-22,5.291,5.252000000000001,5.348,5.222,7777.18,600971,-0.01297,0.01175,0.11413,0.51836,,,5.3522,4.93576,4.26013,4.22191,
2004-11-23,5.252000000000001,5.167000000000001,5.297000000000001,5.126,6043.37,600971,-0.01618,-0.03457,0.09331,0.49725,,,5.3152,4.95676,4.28781,4.23623,
2004-11-24,5.171,5.2139999999999995,5.24,5.086,9053.07,600971,0.0091,-0.03712,0.08512,0.48844,,,5.275,4.97624,4.3154,4.25082,
2004-11-25,5.2139999999999995,5.216,5.273,5.167000000000001,4513.27,600971,0.00038,-0.03782,0.0919,0.51496,,,5.234,4.99714,4.344,4.26501,
2004-11-26,5.224,5.183,5.257999999999999,5.127999999999999,2653.32,600971,-0.00633,-0.02593,0.08727,0.49754,,,5.2064,5.01695,4.37177,4.27832,
2004-11-29,5.162999999999999,5.084,5.162999999999999,5.055,3187.26,600971,-0.0191,-0.03199,0.07895,0.43131,,,5.1728,5.03467,4.39648,4.28983,
2004-11-30,5.084,5.1160000000000005,5.1610000000000005,5.074,3528.96,600971,0.00629,-0.00987,0.0839,0.42865,,,5.1626,5.05352,4.42124,4.30146,
2004-12-01,5.122000000000001,5.256,5.2989999999999995,5.122000000000001,7187.9,600971,0.02737,0.00806,0.11168,0.48223,,,5.171,5.07867,4.44882,4.31472,
2004-12-02,5.26,5.112,5.26,5.098,5026.37,600971,-0.0274,-0.01994,0.07508,0.4498,,,5.1502,5.09567,4.4744,4.32564,
2004-12-03,5.09,4.921,5.09,4.6610000000000005,27617.35,600971,-0.03736,-0.05055,0.03231,0.41856,,,5.0978,5.103,4.49782,4.33369,
2004-12-06,4.8260000000000005,4.726,4.885,4.702,16147.81,600971,-0.03963,-0.07042,0.03143,0.36314,,,5.0262,5.10986,4.51813,4.33892,
2004-12-07,4.728,4.708,4.787,4.6819999999999995,7968.29,600971,-0.00381,-0.07975,0.01751,0.36424,,,4.9446,5.11371,4.5384,4.34378,
2004-12-08,4.73,4.781000000000001,4.812,4.684,6961.43,600971,0.01551,-0.09037,0.03462,0.41743,,,4.8496,5.12133,4.56111,4.34945,
2004-12-09,4.7669999999999995,4.83,4.923,4.738,6331.3,600971,0.01025,-0.05516,-0.03477,0.39394,,,4.7932,5.11305,4.58313,4.35562,
2004-12-10,4.761,4.775,4.842,4.761,4787.82,600971,-0.01139,-0.02967,-0.03203,0.38046,,,4.764,5.10552,4.60435,4.36092,
2004-12-13,4.688,4.566,4.7219999999999995,4.562,20583.3,600971,-0.04377,-0.03386,-0.11768,0.3254,,,4.732,5.07652,4.62244,4.36349,
2004-12-14,4.566,4.649,4.755,4.566,5994.71,600971,0.01818,-0.01253,-0.10441,0.3417,,,4.7202,5.05071,4.64153,4.36701,
2004-12-15,4.671,4.72,4.742,4.651,4946.83,600971,0.01527,-0.01276,-0.11809,0.3701,,,4.708,5.02062,4.6621,4.37132,
2004-12-16,4.698,4.702,4.746,4.673,2290.13,600971,-0.00381,-0.0265,-0.13167,0.36093,,,4.6824,4.98667,4.68221,4.3753,
2004-12-17,4.688,4.566,4.698,4.521,3671.84,600971,-0.02892,-0.04377,-0.15772,0.22775,,,4.6406,4.94595,4.69587,4.37757,
2004-12-20,4.531000000000001,4.415,4.531000000000001,4.355,4705.86,600971,-0.03307,-0.03307,-0.17027,0.17171,,,4.6104,4.90281,4.70631,4.37801,
2004-12-21,4.415,4.4319999999999995,4.489,4.373,5187.86,600971,0.00385,-0.04668,-0.15613,0.13466,,,4.567,4.86376,4.71479,4.37864,
2004-12-22,4.422,4.617,4.619,4.422,5806.39,600971,0.04174,-0.02182,-0.10644,0.16591,,,4.5464,4.83757,4.72539,4.38138,
2004-12-23,4.59,4.55,4.621,4.507,5250.87,600971,-0.01451,-0.03233,-0.12735,0.12401,,,4.516,4.80595,4.73348,4.3833,
2004-12-24,4.547,4.635,4.716,4.545,4607.44,600971,0.01868,0.01511,-0.11139,0.11768,,,4.5298,4.77829,4.74135,4.38612,
2004-12-27,4.708,4.649,4.708,4.6160000000000005,3541.75,600971,0.00302,0.053,-0.10303,0.0712,,,4.5766,4.75286,4.74634,4.38904,
2004-12-28,4.637,4.6610000000000005,4.698,4.637,3719.63,600971,0.00258,0.05167,-0.0832,0.1812,,,4.6224,4.73271,4.75787,4.39203,
2004-12-29,4.663,4.686,4.7669999999999995,4.663,5017.15,600971,0.00536,0.01494,-0.08405,0.14321,,,4.6362,4.71224,4.76734,4.39523,
2004-12-30,4.678999999999999,4.84,4.846,4.678999999999999,6158.46,600971,0.03286,0.06374,-0.07915,0.1802,,,4.6942,4.69243,4.77926,4.40001,
2004-12-31,4.86,4.8260000000000005,4.897,4.734,5289.04,600971,-0.00289,0.04121,-0.05595,0.1485,,,4.7324,4.67881,4.78932,4.40454,
2005-01-04,4.781000000000001,4.562,4.781000000000001,4.533,4329.09,600971,-0.0547,-0.01871,-0.07295,0.07215,,,4.715,4.66171,4.79427,4.4062,
2005-01-05,4.562,4.511,4.619,4.493,4373.5,600971,-0.01118,-0.03218,-0.04549,-0.01291,,,4.685,4.65148,4.79332,4.40729,
2005-01-06,4.521,4.415,4.531000000000001,4.385,5790.87,600971,-0.02128,-0.05783,-0.06223,-0.01736,,,4.6308,4.63752,4.79206,4.40737,
2005-01-07,4.393,4.19,4.452,4.143,9679.21,600971,-0.05096,-0.1343,-0.12361,-0.05418,,,4.5008,4.60938,4.78819,4.40515,
2005-01-11,4.225,4.176,4.273,4.151,13021.82,600971,-0.00334,-0.13469,-0.1354,-0.06577,,,4.3708,4.57824,4.78345,4.40284,
2005-01-12,4.127,4.2139999999999995,4.223,4.101,5604.54,600971,0.0091,-0.07628,-0.11749,-0.0073,,,4.3012,4.55152,4.78295,4.40095,
2005-01-13,4.208,4.231,4.239,4.117,6327.01,600971,0.00403,-0.06207,-0.07337,-0.02736,,,4.2452,4.53557,4.78103,4.39927,
2005-01-14,4.231,4.218,4.285,4.18,5337.45,600971,-0.00307,-0.04462,-0.09271,-0.06867,,,4.2058,4.51505,4.77602,4.39749,
2005-01-17,4.138999999999999,4.145,4.172,4.038,5677.42,600971,-0.01731,-0.01074,-0.12182,-0.06518,,,4.1968,4.48767,4.77135,4.39504,
2005-01-18,4.172,4.147,4.186,4.078,3566.33,600971,0.00048,-0.00694,-0.11803,-0.10004,,,4.191,4.46124,4.76392,4.39265,
2005-01-19,4.143,3.79,4.143,3.733,21837.15,600971,-0.08609,-0.10062,-0.16995,-0.17357,,,4.1062,4.42429,4.75108,4.38691,
2005-01-20,3.739,3.7960000000000003,3.8080000000000003,3.694,16691.39,600971,0.00158,-0.10281,-0.1402,-0.19474,,,4.0192,4.39481,4.73627,4.38134,
2005-01-21,3.7489999999999997,3.938,3.989,3.7489999999999997,14307.2,600971,0.03741,-0.06638,-0.11146,-0.16674,,,3.9632,4.37129,4.72356,4.3772,
2005-01-24,3.995,3.977,4.032,3.944,14036.62,600971,0.0099,-0.04053,-0.13862,-0.17232,,,3.9296,4.34081,4.71021,4.37349,
2005-01-25,3.965,3.989,3.9989999999999997,3.784,9784.8,600971,0.00302,-0.0381,-0.1233,-0.16496,,,3.898,4.3141,4.6975,4.36996,
2005-01-26,3.9619999999999997,3.8810000000000002,4.0169999999999995,3.861,7816.9,600971,-0.02707,0.02401,-0.16268,-0.18586,,,3.9162,4.27819,4.68321,4.36552,
2005-01-27,3.8810000000000002,3.79,3.8810000000000002,3.745,10781.16,600971,-0.02345,-0.00158,-0.18477,-0.19567,,,3.915,4.23729,4.66834,4.36033,
2005-01-28,3.763,3.8510000000000004,3.859,3.719,4656.69,600971,0.01609,-0.02209,-0.17378,-0.18411,,,3.8976,4.19871,4.65432,4.35579,
2005-01-31,3.802,3.983,3.9989999999999997,3.7310000000000003,10092.34,600971,0.03428,0.00151,-0.15002,-0.15757,,,3.8988,4.16524,4.64231,4.35249,
2005-02-01,3.946,4.03,4.088,3.946,10476.42,600971,0.0118,0.01028,-0.16736,-0.15247,,,3.907,4.12667,4.63061,4.34966,
2005-02-02,4.038,4.261,4.271,4.019,11834.43,600971,0.05732,0.09791,-0.11707,-0.10615,,,3.983,4.09976,4.62245,4.34889,
2005-02-03,4.261,4.216,4.279,4.119,12200.92,600971,-0.01056,0.1124,-0.07584,-0.07988,,,4.0682,4.08329,4.61655,4.34774,
2005-02-04,4.192,4.387,4.409,4.19,9844.87,600971,0.04056,0.13918,-0.02749,-0.05187,,,4.1754,4.07738,4.61268,4.34808,
2005-02-16,4.393,4.298,4.452,4.294,11017.02,600971,-0.02029,0.07909,-0.0265,-0.0699,,,4.2384,4.07181,4.60747,4.34765,
2005-02-17,4.294,4.31,4.31,4.216,6507.17,600971,0.00279,0.06948,0.02864,-0.13869,,,4.2944,4.07752,4.59627,4.34734,
2005-02-18,4.31,4.31,4.413,4.2669999999999995,11696.25,600971,0.0,0.0115,0.03209,-0.12629,,,4.3042,4.0839,4.58623,4.34702,
2005-02-21,4.275,4.334,4.373,4.225,4393.44,600971,0.00557,0.02799,0.02848,-0.16251,,,4.3278,4.08962,4.57266,4.34692,
2005-02-22,4.314,4.413,4.428,4.255,12417.33,600971,0.01823,0.00593,0.04302,-0.14987,,,4.333,4.09829,4.56011,4.34746,
2005-02-23,4.4319999999999995,4.531000000000001,4.641,4.373,12386.04,600971,0.02674,0.05421,0.07421,-0.1534,,,4.3796,4.11319,4.54687,4.34895,4.34895
2005-02-24,4.511,4.5089999999999995,4.529,4.487,5433.97,600971,-0.00486,0.04617,0.08782,-0.16731,0.32774,,4.4194,4.13052,4.53226,4.358,4.35024
2005-02-25,4.511,4.523,4.6819999999999995,4.511,7838.54,600971,0.0031,0.04942,0.09067,-0.16565,0.31444,,4.462,4.14843,4.51777,4.3668,4.35162
2005-02-28,4.519,4.485,4.56,4.466,9888.12,600971,-0.0084,0.03484,0.18338,-0.15711,0.29662,,4.4922,4.18152,4.50429,4.37514,4.35268
2005-03-01,4.485,4.381,4.485,4.336,7041.65,600971,-0.02319,-0.00725,0.15411,-0.16584,0.26949,,4.4858,4.20938,4.49024,4.3827,4.35291
2005-03-02,4.373,4.342,4.47,4.314,7810.71,600971,-0.0089,-0.04171,0.10259,-0.15967,0.23951,,4.448,4.22862,4.47694,4.38952,4.35282
2005-03-03,4.312,4.381,4.383,4.298,5537.53,600971,0.00898,-0.02839,0.10158,-0.15976,0.27244,,4.4224,4.24786,4.4635,4.39715,4.35304
2005-03-04,4.336,4.22,4.379,4.178,13953.48,600971,-0.03675,-0.06699,0.05791,-0.19095,0.2193,,4.3618,4.25886,4.44744,4.40332,4.35202
2005-03-07,4.206,4.164,4.2219999999999995,4.151,6205.37,600971,-0.01327,-0.07157,0.07292,-0.1966,0.1723,,4.2976,4.27233,4.431,4.40829,4.35058
2005-03-08,4.157,4.285,4.33,4.143,13685.2,600971,0.02906,-0.02191,0.13061,-0.15716,0.19659,,4.2784,4.2959,4.41811,4.41402,4.35008
2005-03-09,4.31,4.352,4.452,4.294,17580.89,600971,0.01564,0.0023,0.1301,-0.14934,0.2273,,4.2804,4.31976,4.40579,4.42057,4.3501
2005-03-10,4.352,4.18,4.354,4.147,9886.53,600971,-0.03952,-0.04588,0.04946,-0.20472,0.18548,,4.2402,4.32914,4.38844,4.42589,4.34883
2005-03-11,4.157,4.229,4.235,4.019,20038.29,600971,0.01172,0.00213,0.04938,-0.17273,0.21908,,4.242,4.33862,4.37419,4.43207,4.34794
2005-03-14,4.19,4.35,4.385,4.074,20205.61,600971,0.02861,0.04467,0.02089,-0.11603,0.25469,,4.2792,4.34286,4.36498,4.43924,4.34796
2005-03-15,4.348,4.33,4.419,4.285,14022.39,600971,-0.0046,0.0105,0.02704,-0.08379,0.25471,,4.2882,4.34829,4.3586,4.44639,4.34782
2005-03-16,4.3260000000000005,4.216,4.3260000000000005,4.119,14700.95,600971,-0.02633,-0.03125,-0.03898,-0.1045,0.24993,,4.261,4.34014,4.35066,4.45324,4.34687
2005-03-17,4.196000000000001,4.08,4.196000000000001,4.08,7256.02,600971,-0.03226,-0.02392,-0.05072,-0.14662,0.17749,,4.241,4.32976,4.33935,4.45824,4.34495
2005-03-18,4.078,3.932,4.145,3.9219999999999997,9489.99,600971,-0.03627,-0.07023,-0.0877,-0.18592,0.13674,,4.1816,4.31176,4.32487,4.46209,4.342
2005-03-21,3.9019999999999997,3.9619999999999997,3.985,3.9019999999999997,3951.89,600971,0.00763,-0.0892,-0.08074,-0.17026,0.15007,,4.104,4.29519,4.31176,4.46629,4.3393
2005-03-22,3.9419999999999997,4.042,4.095,3.932,6433.85,600971,0.02019,-0.06651,-0.06737,-0.11476,0.16652,,4.0464,4.28129,4.30331,4.47098,4.33721
2005-03-23,4.04,3.971,4.113,3.952,8488.45,600971,-0.01757,-0.05811,-0.10016,-0.14584,0.15269,,3.9974,4.26024,4.29237,4.47526,4.33465
2005-03-24,3.952,3.92,4.015,3.845,5920.84,600971,-0.01284,-0.03922,-0.13485,-0.16949,0.13459,,3.9654,4.23114,4.27947,4.47904,4.33177
2005-03-25,3.92,3.928,3.9560000000000004,3.883,3048.87,600971,0.00204,-0.00102,-0.12885,-0.16461,0.0562,,3.9646,4.20348,4.26698,4.48074,4.32899
2005-03-28,3.926,3.975,3.985,3.9,4520.72,600971,0.01197,0.00328,-0.12116,-0.12943,0.05494,,3.9672,4.17738,4.25745,4.48242,4.32656
2005-03-29,3.997,3.928,4.003,3.8930000000000002,5650.36,600971,-0.01182,-0.0282,-0.12419,-0.11031,0.00563,,3.9444,4.15086,4.2496,4.4826,4.32385
2005-03-30,3.924,3.965,3.971,3.845,7682.45,600971,0.00942,-0.00151,-0.09496,-0.10537,0.00126,,3.9432,4.13105,4.24206,4.48264,4.32143
2005-03-31,3.9560000000000004,3.965,3.971,3.9,3183.65,600971,0.0,0.01148,-0.08683,-0.14122,-0.0205,,3.9522,4.1131,4.23155,4.48197,4.31903
2005-04-01,3.944,4.188,4.29,3.92,17111.16,600971,0.05624,0.06619,-0.04405,-0.07956,0.00989,,4.0042,4.1039,4.22571,4.4823,4.31816
2005-04-04,4.117,4.119,4.2219999999999995,4.04,10480.35,600971,-0.01648,0.03623,-0.02393,-0.11133,-0.05092,,4.033,4.0991,4.21739,4.4805,4.31684
2005-04-05,4.117,4.123,4.216,4.107,6314.35,600971,0.00097,0.04964,-0.00985,-0.11314,0.04486,,4.072,4.09714,4.2089,4.48194,4.31557
2005-04-06,4.147,4.4319999999999995,4.482,4.129,25006.69,600971,0.07495,0.11778,0.03431,-0.04913,0.08124,,4.1654,4.10414,4.20521,4.48465,4.31633
2005-04-07,4.43,4.363,4.659,4.336,42426.86,600971,-0.01557,0.10038,0.00253,-0.06893,0.06389,,4.245,4.10467,4.2,4.48678,4.31663
2005-04-08,4.343999999999999,4.42,4.45,4.294,27896.1,600971,0.01306,0.0554,0.05742,-0.08678,0.05188,,4.2914,4.1161,4.19323,4.48855,4.3173
2005-04-11,4.422,4.3260000000000005,4.505,4.314,22572.84,600971,-0.02127,0.05025,0.02294,-0.10361,0.01669,,4.3328,4.12071,4.18516,4.48913,4.31735
2005-04-12,4.298,4.346,4.383,4.218,10971.59,600971,0.00462,0.05409,-0.00092,-0.04735,-0.04902,,4.3774,4.12052,4.18168,4.48731,4.31754
2005-04-13,4.377,4.413,4.485,4.336,23735.0,600971,0.01542,-0.00429,0.01917,-0.02172,-0.01781,,4.3736,4.12448,4.1801,4.48666,4.31814
2005-04-14,4.417,4.316,4.452,4.285,15543.18,600971,-0.02198,-0.01077,0.02372,-0.02242,-0.02573,,4.3642,4.12924,4.1785,4.48573,4.31813
2005-04-15,4.444,4.138999999999999,4.444,4.121,27927.24,600971,-0.04101,-0.06357,0.01446,-0.01217,-0.07405,,4.308,4.13205,4.17768,4.48304,4.31701
2005-04-18,4.0969999999999995,3.928,4.0969999999999995,3.904,18183.22,600971,-0.05098,-0.092,-0.00102,-0.05939,-0.07468,,4.2284,4.13186,4.17368,4.48046,4.31459
2005-04-19,3.91,3.9360000000000004,3.9930000000000003,3.908,10728.71,600971,0.00204,-0.09434,-0.00656,-0.06597,-0.09517,,4.1464,4.13062,4.16919,4.4771,4.31225
2005-04-20,3.9360000000000004,3.989,3.997,3.912,7858.93,600971,0.01347,-0.09608,-0.01311,-0.0572,-0.11923,,4.0616,4.1281,4.16529,4.47271,4.31027
2005-04-21,3.971,4.048,4.078,3.971,11508.39,600971,0.01479,-0.06209,0.01939,-0.0403,-0.08705,,4.008,4.13176,4.16255,4.46957,4.30867
2005-04-22,4.048,3.95,4.062,3.918,9468.72,600971,-0.02421,-0.04566,0.00765,-0.04704,-0.1428,,3.9702,4.13319,4.1594,4.46422,4.3065
2005-04-25,3.912,3.784,3.918,3.733,15095.04,600971,-0.04203,-0.03666,-0.03666,-0.08753,-0.17488,,3.9414,4.12633,4.15355,4.4577,4.30335
2005-04-26,3.7939999999999996,3.761,3.841,3.721,12405.52,600971,-0.00608,-0.04446,-0.05384,-0.00765,-0.20216,,3.9064,4.11614,4.15308,4.44995,4.3001
2005-04-27,3.9,3.7430000000000003,3.9,3.741,11898.13,600971,-0.00479,-0.06167,-0.0471,-0.01396,-0.208,,3.8572,4.10733,4.15223,4.44196,4.29679
2005-04-28,3.753,3.863,3.8810000000000002,3.694,22408.36,600971,0.03206,-0.0457,-0.02573,-0.01905,-0.19605,,3.8202,4.10248,4.15102,4.4343,4.29422
2005-04-29,3.859,3.719,3.859,3.715,12847.96,600971,-0.03728,-0.05848,-0.06204,-0.06487,-0.22148,,3.774,4.09076,4.14685,4.4257,4.29084
2005-05-09,3.763,3.755,3.784,3.696,7009.16,600971,0.00968,-0.00766,-0.10339,-0.05866,-0.21229,,3.7682,4.07014,4.14308,4.41747,4.2877
2005-05-10,3.7230000000000003,3.449,3.7430000000000003,3.378,22009.71,600971,-0.08149,-0.08296,-0.16266,-0.11131,-0.26804,,3.7058,4.03824,4.13611,4.4072,4.28283
2005-05-11,3.4410000000000003,3.483,3.5039999999999996,3.363,11369.83,600971,0.00986,-0.06946,-0.15523,-0.081,-0.26208,,3.6538,4.00776,4.13116,4.39715,4.2782
2005-05-12,3.447,3.449,3.485,3.3960000000000004,5329.56,600971,-0.00976,-0.10717,-0.2218,-0.10439,-0.27052,,3.571,3.96095,4.12468,4.38675,4.27344
2005-05-13,3.447,3.485,3.503,3.4,6760.66,600971,0.01044,-0.06292,-0.20124,-0.12503,-0.26709,,3.5242,3.91914,4.11665,4.37642,4.26893
2005-05-16,3.485,3.1889999999999996,3.485,3.136,24771.2,600971,-0.08494,-0.15073,-0.27851,-0.20868,-0.33103,,3.411,3.86052,4.10308,4.36359,4.2628
2005-05-17,3.162,3.207,3.2460000000000004,3.1319999999999997,12651.55,600971,0.00564,-0.07017,-0.25867,-0.24736,-0.30009,,3.3626,3.80724,4.08608,4.35241,4.25683
2005-05-18,3.201,3.134,3.227,3.0460000000000003,16567.57,600971,-0.02276,-0.1002,-0.27888,-0.25664,-0.32267,,3.2928,3.74952,4.06863,4.34028,4.25052
2005-05-19,3.112,3.1239999999999997,3.142,3.075,8211.08,600971,-0.00319,-0.09423,-0.29209,-0.2879,-0.32396,,3.2278,3.68814,4.04826,4.32811,4.24423
2005-05-23,3.1239999999999997,3.065,3.1239999999999997,2.984,4815.59,600971,-0.01889,-0.12052,-0.28985,-0.28688,-0.38749,,3.1438,3.62857,4.02837,4.31234,4.23768
2005-05-24,3.063,2.9389999999999996,3.083,2.8760000000000003,19033.04,600971,-0.04111,-0.07839,-0.28993,-0.3181,-0.40422,,3.0938,3.57143,4.00626,4.29613,4.2305
2005-05-25,2.9389999999999996,2.935,2.9819999999999998,2.917,6549.59,600971,-0.00136,-0.08481,-0.2528,-0.31903,-0.43285,,3.0394,3.52414,3.98408,4.27792,4.22338
2005-05-26,2.935,2.9139999999999997,2.965,2.847,8635.78,600971,-0.00716,-0.0702,-0.25965,-0.32764,-0.43864,,2.9954,3.47548,3.96118,4.25941,4.21623
2005-05-27,2.912,2.89,2.949,2.847,8883.44,600971,-0.00824,-0.0749,-0.27551,-0.34512,-0.46001,,2.9486,3.42314,3.93661,4.23939,4.20902
2005-05-30,2.8760000000000003,2.943,2.949,2.858,6374.19,600971,0.01834,-0.0398,-0.27297,-0.35047,-0.45651,,2.9242,3.37052,3.911,4.21929,4.20218
2005-05-31,2.945,2.955,3.0039999999999996,2.925,7800.79,600971,0.00408,0.00544,-0.2519,-0.34464,-0.4549,,2.9274,3.32314,3.88594,4.19924,4.19547
2005-06-01,2.9389999999999996,2.7560000000000002,2.9389999999999996,2.75,12897.0,600971,-0.06734,-0.06099,-0.27167,-0.39067,-0.48205,,2.8916,3.27419,3.85744,4.17839,4.18778
2005-06-02,2.738,2.657,2.738,2.638,12611.88,600971,-0.03592,-0.08819,-0.29354,-0.40758,-0.4941,,2.8402,3.22162,3.82795,4.15729,4.17963
2005-06-03,2.661,2.661,2.718,2.65,8324.6,600971,0.00151,-0.07924,-0.28907,-0.3926,-0.485,,2.7944,3.1701,3.80021,4.13692,4.1716
2005-06-06,2.6630000000000003,2.7460000000000004,2.748,2.569,11285.27,600971,0.03194,-0.06694,-0.28915,-0.36757,-0.47334,,2.755,3.1169,3.77447,4.11685,4.16409
2005-06-07,2.758,2.7910000000000004,2.931,2.758,28432.04,600971,0.01639,-0.0555,-0.24953,-0.36293,-0.46492,,2.7222,3.07271,3.74882,4.09714,4.15691
2005-06-08,2.76,3.071,3.071,2.76,39103.11,600971,0.10032,0.1143,-0.18216,-0.27227,-0.40749,,2.7852,3.04014,3.73029,4.07997,4.15125
2005-06-09,3.112,3.327,3.3569999999999998,3.093,48956.61,600971,0.08336,0.25216,-0.03537,-0.20101,-0.34559,,2.9192,3.03433,3.71679,4.06568,4.14698
2005-06-10,3.345,3.1239999999999997,3.3489999999999998,3.0789999999999997,38635.77,600971,-0.06102,0.17399,-0.10307,-0.27095,-0.38937,,3.0118,3.01724,3.69806,4.04949,4.14171
2005-06-13,3.125,3.125,3.235,3.0060000000000002,16309.21,600971,0.00032,0.13802,-0.09394,-0.28194,-0.40544,,3.0876,3.00181,3.67827,4.03216,4.13649
2005-06-14,3.1069999999999998,2.946,3.137,2.9339999999999997,35402.47,600971,-0.05728,0.05554,-0.15466,-0.29522,-0.42371,,3.1186,2.97614,3.65837,4.01455,4.13042
2005-06-15,2.928,2.765,2.928,2.753,26671.0,600971,-0.06144,-0.09964,-0.13296,-0.34618,-0.43812,,3.0574,2.95595,3.63476,3.99702,4.12349
2005-06-16,2.753,2.824,2.83,2.682,25375.14,600971,0.02134,-0.15119,-0.11943,-0.3508,-0.40245,,2.9568,2.93771,3.61015,3.98156,4.11692
2005-06-17,2.824,2.741,2.8539999999999996,2.685,21965.5,600971,-0.02939,-0.1226,-0.1254,-0.36697,-0.4178,,2.8802,2.919,3.58452,3.96557,4.11001
2005-06-20,2.735,2.997,3.003,2.697,38167.05,600971,0.0934,-0.04096,-0.04065,-0.28914,-0.37314,,2.8546,2.91295,3.56485,3.95107,4.10445
2005-06-21,2.997,2.955,3.0469999999999997,2.887,33415.65,600971,-0.01401,0.00305,-0.03589,-0.27574,-0.3882,,2.8564,2.90771,3.54671,3.93582,4.09873
2005-06-22,2.9610000000000003,2.8569999999999998,2.9610000000000003,2.786,32136.16,600971,-0.03316,0.03327,-0.0279,-0.2734,-0.40168,,2.8748,2.90381,3.52937,3.92023,4.09258
2005-06-23,2.8480000000000003,2.991,3.074,2.795,58179.04,600971,0.0469,0.05914,0.01908,-0.24508,-0.34494,,2.9082,2.90648,3.51371,3.90742,4.08715
2005-06-24,2.9730000000000003,2.943,2.9730000000000003,2.8930000000000002,27492.76,600971,-0.01605,0.0737,0.00995,-0.2719,-0.36696,,2.9486,2.90786,3.49598,3.89355,4.08154
2005-06-27,3.0,3.065,3.137,2.988,45920.69,600971,0.04145,0.02269,0.06055,-0.22815,-0.35064,,2.9622,2.91619,3.48137,3.8801,4.07659
2005-06-28,3.03,2.9730000000000003,3.03,2.958,21621.18,600971,-0.03002,0.00609,0.01019,-0.24158,-0.36772,,2.9658,2.91762,3.4661,3.86604,4.07123
2005-06-29,2.988,3.003,3.05,2.943,14114.83,600971,0.01009,0.0511,0.01624,-0.23549,-0.34231,,2.995,2.9199,3.45118,3.85333,4.06607
2005-06-30,2.958,2.818,2.9730000000000003,2.812,30370.34,600971,-0.06161,-0.05784,0.0225,-0.29107,-0.36172,,2.9604,2.92286,3.43252,3.84035,4.06007
2005-07-01,2.792,2.705,2.792,2.705,22040.42,600971,-0.0401,-0.08087,0.01807,-0.31135,-0.38967,,2.9128,2.92514,3.41279,3.82631,4.05358
2005-07-04,2.705,2.7110000000000003,2.7110000000000003,2.61,15935.61,600971,0.00222,-0.1155,0.01879,-0.31627,-0.41282,,2.842,2.92752,3.39256,3.81081,4.04719
2005-07-05,2.685,2.5980000000000003,2.7260000000000004,2.5839999999999996,26242.2,600971,-0.04168,-0.12614,-0.0539,-0.34477,-0.42901,,2.767,2.92048,3.37052,3.79494,4.04032
2005-07-06,2.5980000000000003,2.5269999999999997,2.6310000000000002,2.497,21219.65,600971,-0.02733,-0.15851,-0.09459,-0.39661,-0.4548,,2.6718,2.9079,3.34373,3.7778,4.03318
2005-07-07,2.5180000000000002,2.485,2.557,2.471,25478.89,600971,-0.01662,-0.11817,-0.19082,-0.3967,-0.46548,,2.6052,2.88,3.31737,3.76021,4.02592
2005-07-08,2.485,2.396,2.485,2.387,18752.29,600971,-0.03581,-0.11423,-0.27983,-0.41887,-0.48595,,2.5434,2.83567,3.28952,3.7418,4.0183
2005-07-11,2.414,2.265,2.485,2.2569999999999997,29655.55,600971,-0.05467,-0.16451,-0.27497,-0.48894,-0.51665,,2.4542,2.79476,3.25456,3.72211,4.01014
2005-07-12,2.2,2.334,2.381,2.185,44298.47,600971,0.03046,-0.10162,-0.25312,-0.46505,-0.51777,,2.4014,2.7571,3.22184,3.70174,4.00238
2005-07-13,2.331,2.34,2.396,2.283,32864.87,600971,0.00257,-0.074,-0.2057,-0.47059,-0.51513,,2.364,2.72824,3.18829,3.68153,3.99472
2005-07-14,2.331,2.316,2.364,2.292,14253.81,600971,-0.01026,-0.06801,-0.16239,-0.46463,-0.49233,,2.3302,2.70686,3.15587,3.66327,3.98702
2005-07-15,2.3040000000000003,2.242,2.349,2.2359999999999998,18945.57,600971,-0.03195,-0.06427,-0.20609,-0.48412,-0.50299,,2.2994,2.67914,3.12194,3.64482,3.97905
2005-07-18,2.242,2.123,2.242,2.1109999999999998,24108.08,600971,-0.05308,-0.06269,-0.22547,-0.51892,-0.51914,,2.271,2.64971,3.085,3.62619,3.97062
2005-07-19,2.1109999999999998,2.206,2.218,2.099,21302.42,600971,0.0391,-0.05484,-0.26393,-0.48888,-0.47351,,2.2454,2.61205,3.05097,3.61006,3.96263
2005-07-20,2.2,2.245,2.245,2.176,15611.43,600971,0.01768,-0.0406,-0.24027,-0.4576,-0.4624,,2.2264,2.57824,3.02042,3.59436,3.9549
2005-07-21,2.245,2.233,2.2569999999999997,2.2,13464.63,600971,-0.00535,-0.03584,-0.21841,-0.43152,-0.4701,,2.2098,2.54852,2.99308,3.57825,3.94717
2005-07-22,2.227,2.3280000000000003,2.444,2.2030000000000003,60864.38,600971,0.04254,0.03836,-0.22166,-0.40854,-0.44978,,2.227,2.51695,2.96715,3.56278,3.93995
2005-07-25,2.3280000000000003,2.289,2.346,2.265,25916.19,600971,-0.01675,0.07819,-0.22222,-0.42617,-0.45733,,2.2602,2.48581,2.93973,3.5471,3.93261
2005-07-26,2.31,2.405,2.438,2.3040000000000003,59409.65,600971,0.05068,0.09021,-0.21533,-0.40588,-0.41978,,2.3,2.45438,2.91323,3.53295,3.92585
2005-07-27,2.3930000000000002,2.551,2.5540000000000003,2.378,67385.36,600971,0.06071,0.1363,-0.14194,-0.35418,-0.38486,,2.3612,2.43429,2.89066,3.51998,3.91979
2005-07-28,2.545,2.497,2.569,2.485,51470.85,600971,-0.02117,0.11823,-0.1685,-0.34012,-0.34116,,2.414,2.41019,2.8699,3.50946,3.91355
2005-07-29,2.4819999999999998,2.465,2.521,2.441,29582.97,600971,-0.01282,0.05885,-0.12527,-0.34459,-0.35063,,2.4414,2.39338,2.849,3.49864,3.90723
2005-08-01,2.465,2.485,2.5180000000000002,2.4290000000000003,23327.53,600971,0.00811,0.08563,-0.08133,-0.33609,-0.36897,,2.4806,2.3829,2.82871,3.48683,3.90104
2005-08-02,2.485,2.539,2.545,2.444,29516.11,600971,0.02173,0.05572,-0.06345,-0.34274,-0.36158,,2.5074,2.37471,2.80735,3.47514,3.89515
2005-08-03,2.539,2.545,2.6039999999999996,2.53,43562.86,600971,0.00236,-0.00235,-0.0204,-0.31568,-0.362,,2.5062,2.37219,2.78842,3.4634,3.88933
2005-08-04,2.524,2.515,2.5810000000000004,2.5,24079.52,600971,-0.01179,0.00721,-0.00475,-0.33023,-0.35197,,2.5098,2.37162,2.76842,3.45229,3.88343
2005-08-05,2.497,2.634,2.64,2.491,52591.05,600971,0.04732,0.06856,0.05996,-0.2363,-0.30501,,2.5436,2.37871,2.75527,3.44289,3.87809
2005-08-08,2.6430000000000002,2.676,2.735,2.6430000000000002,54948.88,600971,0.01595,0.07686,0.11686,-0.2317,-0.30512,,2.5818,2.39205,2.74226,3.43334,3.87297
2005-08-09,2.676,2.688,2.697,2.64,31704.67,600971,0.00448,0.05868,0.18675,-0.22064,-0.32513,,2.6116,2.41219,2.72998,3.42281,3.86795
2005-08-10,2.6910000000000003,2.7439999999999998,2.7560000000000002,2.6639999999999997,38924.26,600971,0.02083,0.07819,0.17566,-0.21263,-0.31911,,2.6514,2.43171,2.71803,3.41236,3.86321
2005-08-11,2.7439999999999998,2.807,2.81,2.735,55789.53,600971,0.02296,0.1161,0.19957,-0.11979,-0.34123,,2.7098,2.45395,2.71187,3.40054,3.85877
2005-08-12,2.807,2.694,2.827,2.676,62226.06,600971,-0.04026,0.02278,0.16321,-0.15996,-0.36101,,2.7218,2.47195,2.7036,3.38816,3.8539
2005-08-15,2.697,2.795,2.807,2.697,35900.98,600971,0.03749,0.04447,0.24665,-0.10817,-0.36289,,2.7456,2.49829,2.69813,3.37522,3.84949
2005-08-16,2.795,2.7110000000000003,2.807,2.688,37289.03,600971,-0.03005,0.00856,0.27697,-0.1322,-0.36924,,2.7502,2.52629,2.69147,3.36232,3.84476
2005-08-17,2.7,2.786,2.7889999999999997,2.661,45646.69,600971,0.02767,0.01531,0.26292,-0.09103,-0.3536,,2.7586,2.5539,2.68697,3.34993,3.84039
2005-08-18,2.78,2.622,2.786,2.6039999999999996,42767.79,600971,-0.05887,-0.06591,0.16793,-0.10786,-0.39165,,2.7216,2.57186,2.68185,3.3362,3.83537
2005-08-19,2.616,2.557,2.658,2.5269999999999997,30553.54,600971,-0.02479,-0.05085,0.1451,-0.12879,-0.41001,,2.6942,2.58729,2.67576,3.32176,3.83014
2005-08-22,2.557,2.637,2.64,2.548,18042.86,600971,0.03129,-0.05653,0.13273,-0.09506,-0.40245,,2.6626,2.602,2.67129,3.30732,3.82527
2005-08-23,2.64,2.5869999999999997,2.6430000000000002,2.5540000000000003,14196.82,600971,-0.01896,-0.04574,0.13019,-0.10484,-0.42904,,2.6378,2.61619,2.6664,3.29151,3.82023
2005-08-24,2.5810000000000004,2.622,2.634,2.557,13701.34,600971,0.01353,-0.05887,0.09023,-0.10907,-0.4185,-0.22792,2.605,2.62652,2.66123,3.27617,3.81709
2005-08-25,2.616,2.5,2.616,2.468,60409.11,600971,-0.04653,-0.04653,-0.01999,-0.15398,-0.44727,-0.27347,2.5806,2.6241,2.65389,3.25972,3.81326
2005-08-26,2.497,2.42,2.497,2.381,41451.33,600971,-0.032,-0.05358,-0.03084,-0.12192,-0.46042,-0.30038,2.5532,2.62043,2.64847,3.24293,3.80904
2005-08-29,2.405,2.372,2.405,2.358,22336.86,600971,-0.01983,-0.10049,-0.03773,-0.10726,-0.45857,-0.31266,2.5002,2.616,2.64387,3.2266,3.80465
2005-08-30,2.372,2.399,2.432,2.358,16618.21,600971,0.01138,-0.07267,-0.03461,-0.09846,-0.44749,-0.31516,2.4626,2.6119,2.63965,3.2108,3.80016
2005-08-31,2.399,2.423,2.4290000000000003,2.37,16306.79,600971,0.01,-0.0759,-0.04569,-0.11763,-0.44693,-0.29625,2.4228,2.60638,2.63444,3.19489,3.79602
2005-09-01,2.423,2.474,2.488,2.408,26431.72,600971,0.02105,-0.0104,-0.0279,-0.11358,-0.41374,-0.28518,2.4176,2.603,2.62932,3.18069,3.792
2005-09-02,2.488,2.471,2.491,2.45,17114.43,600971,-0.00121,0.02107,-0.0175,-0.19538,-0.40658,-0.30434,2.4278,2.6009,2.61965,3.16693,3.78761
2005-09-05,2.474,2.5540000000000003,2.569,2.474,31911.16,600971,0.03359,0.07673,-0.03037,-0.23234,-0.40397,-0.28679,2.4642,2.5971,2.60718,3.15285,3.78343
2005-09-06,2.563,2.471,2.569,2.468,27952.1,600971,-0.0325,0.03001,-0.07661,-0.20903,-0.43222,-0.30316,2.4786,2.58733,2.59665,3.13756,3.77907
2005-09-07,2.4619999999999997,2.5540000000000003,2.557,2.4530000000000003,23177.27,600971,0.03359,0.05407,-0.04985,-0.18272,-0.389,-0.27567,2.5048,2.58095,2.58744,3.12434,3.77511
2005-09-08,2.5660000000000003,2.72,2.7230000000000003,2.5540000000000003,81106.13,600971,0.065,0.09943,-0.00875,-0.07671,-0.35682,-0.21591,2.554,2.57981,2.58379,3.11207,3.77207
2005-09-09,2.72,2.708,2.7439999999999998,2.6639999999999997,46555.22,600971,-0.00441,0.09591,-0.03527,-0.02061,-0.37747,-0.21892,2.6014,2.5751,2.58287,3.09872,3.76898
2005-09-12,2.7110000000000003,2.705,2.72,2.655,18882.64,600971,-0.00111,0.05912,0.00408,-0.04214,-0.37529,-0.21617,2.6316,2.57562,2.58095,3.08551,3.76595
2005-09-13,2.708,2.7739999999999996,2.78,2.682,41733.6,600971,0.02551,0.12262,-0.00751,0.01204,-0.34203,-0.17759,2.6922,2.57462,2.58148,3.07379,3.76352
2005-09-14,2.78,2.7439999999999998,2.786,2.714,28979.43,600971,-0.01081,0.07439,0.01217,-0.08442,-0.32745,-0.20808,2.7302,2.57619,2.5774,3.06293,3.76059
2005-09-15,2.7439999999999998,2.7439999999999998,2.7769999999999997,2.708,29590.8,600971,0.0,0.00882,-0.01508,-0.0714,-0.30214,-0.20671,2.735,2.57419,2.574,3.05327,3.75768
2005-09-16,2.75,2.7560000000000002,2.792,2.735,22020.14,600971,0.00437,0.01773,0.05111,-0.03535,-0.30439,-0.2,2.7446,2.58057,2.57237,3.04346,3.75488
2005-09-19,2.7439999999999998,2.78,2.786,2.7439999999999998,24334.53,600971,0.00871,0.02773,0.08721,-0.07054,-0.31222,-0.19769,2.7596,2.59119,2.56897,3.0332,3.75209
2005-09-20,2.783,2.679,2.7889999999999997,2.6639999999999997,40595.86,600971,-0.03633,-0.03425,0.01593,-0.0897,-0.32536,-0.22235,2.7406,2.59319,2.56471,3.0227,3.74898
2005-09-21,2.676,2.628,2.676,2.592,31704.31,600971,-0.01904,-0.04227,0.01585,-0.14258,-0.32959,-0.23936,2.7174,2.59514,2.55766,3.0122,3.74562
2005-09-22,2.628,2.5980000000000003,2.658,2.557,23740.21,600971,-0.01142,-0.05321,-0.00915,-0.12614,-0.33859,-0.30143,2.6882,2.594,2.55161,3.00138,3.74106
2005-09-23,2.61,2.56,2.64,2.557,15195.93,600971,-0.01463,-0.07112,0.024,-0.14752,-0.35597,-0.32059,2.649,2.59686,2.54447,2.98988,3.73615
2005-09-26,2.5660000000000003,2.5839999999999996,2.5980000000000003,2.542,11592.44,600971,0.00937,-0.0705,0.06777,-0.08304,-0.34216,-0.33845,2.6098,2.60467,2.54069,2.97895,3.73078
2005-09-27,2.5660000000000003,2.551,2.6069999999999998,2.545,11805.81,600971,-0.01277,-0.04778,0.07546,-0.05693,-0.35662,-0.35581,2.5842,2.61319,2.53821,2.96746,3.72505
2005-09-28,2.551,2.5540000000000003,2.5839999999999996,2.536,7553.51,600971,0.00118,-0.02816,0.06461,-0.05791,-0.35586,-0.36907,2.5694,2.62057,2.53568,2.95598,3.71898
2005-09-29,2.557,2.61,2.625,2.557,12744.75,600971,0.02193,0.00462,0.07718,0.00462,-0.37679,-0.37063,2.5718,2.62948,2.53587,2.94315,3.71273
2005-09-30,2.61,2.655,2.661,2.595,14899.14,600971,0.01724,0.03711,0.07316,0.05065,-0.35543,-0.38825,2.5908,2.6381,2.53794,2.93125,3.70588
2005-10-10,2.6519999999999997,2.67,2.72,2.625,14910.09,600971,0.00565,0.03328,0.08053,0.07445,-0.35241,-0.32337,2.608,2.64757,2.54092,2.91944,3.70069
2005-10-11,2.67,2.697,2.697,2.6489999999999996,10829.19,600971,0.01011,0.05723,0.05599,0.12563,-0.39147,-0.34203,2.6372,2.65438,2.54577,2.90533,3.69499
2005-10-12,2.7,2.7739999999999996,2.792,2.676,41833.51,600971,0.02855,0.08614,0.12262,0.22472,-0.3642,-0.32358,2.6812,2.66881,2.55398,2.89241,3.6896
2005-10-13,2.7739999999999996,2.7260000000000004,2.842,2.717,54767.47,600971,-0.0173,0.04444,0.06735,0.16795,-0.38326,-0.35126,2.7044,2.677,2.56031,2.87864,3.6836
2005-10-14,2.7230000000000003,2.7439999999999998,2.759,2.708,20474.3,600971,0.0066,0.03352,0.00882,0.17265,-0.3657,-0.35511,2.7222,2.67814,2.56682,2.86578,3.67746
2005-10-17,2.735,2.762,2.7710000000000004,2.714,17707.6,600971,0.00656,0.03446,0.01994,0.19257,-0.36447,-0.39562,2.7406,2.68071,2.57402,2.8529,3.67011
2005-10-18,2.75,2.807,2.818,2.75,26528.7,600971,0.01629,0.04079,0.03771,0.25201,-0.36392,-0.37525,2.7626,2.68557,2.58313,2.83985,3.66325
2005-10-19,2.807,2.6460000000000004,2.81,2.64,41934.78,600971,-0.05736,-0.04614,-0.04614,0.24635,-0.38693,-0.40271,2.737,2.67948,2.59156,2.82627,3.656
2005-10-20,2.64,2.64,2.661,2.6010000000000004,21886.69,600971,-0.00227,-0.03155,-0.0379,0.19674,-0.36216,-0.4094,2.7198,2.67452,2.59856,2.81408,3.64856
2005-10-21,2.676,2.67,2.697,2.6430000000000002,22459.76,600971,0.01136,-0.02697,-0.02697,0.18931,-0.32026,-0.37102,2.705,2.671,2.60542,2.80385,3.64216
2005-10-24,2.673,2.688,2.705,2.6310000000000002,11817.93,600971,0.00674,-0.02679,-0.02467,0.20376,-0.31707,-0.38207,2.6902,2.66776,2.61276,2.79371,3.6354
2005-10-25,2.676,2.6189999999999998,2.688,2.613,14411.77,600971,-0.02567,-0.06698,-0.05791,0.125,-0.34344,-0.42173,2.6526,2.6601,2.61745,2.78257,3.62764
2005-10-26,2.616,2.468,2.6189999999999998,2.465,30032.32,600971,-0.05766,-0.06727,-0.07876,0.0782,-0.39032,-0.44339,2.617,2.65005,2.62034,2.76972,3.61965
2005-10-27,2.468,2.485,2.509,2.444,14403.19,600971,0.00689,-0.05871,-0.05441,0.03326,-0.37089,-0.46072,2.586,2.64324,2.62163,2.75781,3.61102
2005-10-31,2.378,2.414,2.435,2.372,15669.13,600971,-0.02857,-0.09588,-0.07082,-0.0537,-0.36205,-0.47362,2.5348,2.63448,2.61942,2.74667,3.60219
2005-11-01,2.414,2.3280000000000003,2.414,2.271,21146.6,600971,-0.03563,-0.13393,-0.09062,-0.06768,-0.38102,-0.50615,2.4628,2.62343,2.61669,2.73502,3.59249
2005-11-02,2.322,2.375,2.381,2.31,18042.98,600971,0.02019,-0.09317,-0.08088,-0.03651,-0.36548,-0.49746,2.414,2.61348,2.61524,2.7239,3.58293
2005-11-03,2.367,2.325,2.39,2.313,16931.55,600971,-0.02105,-0.05794,-0.08859,-0.06439,-0.39814,-0.51613,2.3854,2.60271,2.61266,2.7114,3.57285
2005-11-04,2.319,2.349,2.352,2.298,9193.76,600971,0.01032,-0.05473,-0.08027,-0.07483,-0.36838,-0.50827,2.3582,2.59295,2.6096,2.70026,3.56298
2005-11-07,2.349,2.331,2.349,2.31,9369.41,600971,-0.00766,-0.03438,-0.1069,-0.08409,-0.37923,-0.51101,2.3416,2.57967,2.60615,2.68868,3.55308
2005-11-08,2.334,2.408,2.417,2.331,20993.51,600971,0.03303,0.03436,-0.09303,-0.04254,-0.30183,-0.48896,2.3576,2.5679,2.60442,2.68022,3.54371
2005-11-09,2.423,2.497,2.595,2.423,55529.53,600971,0.03696,0.05137,-0.06479,-0.05201,-0.28309,-0.47097,2.382,2.55967,2.60221,2.6722,3.53467
2005-11-10,2.5,2.456,2.542,2.426,26647.71,600971,-0.01642,0.05634,-0.08936,-0.08221,-0.28791,-0.48054,2.4082,2.54819,2.59866,2.66413,3.52544
2005-11-11,2.423,2.4819999999999998,2.497,2.423,12231.52,600971,0.01059,0.05662,-0.10526,-0.07664,-0.2878,-0.47802,2.4348,2.53429,2.59534,2.65598,3.5162
2005-11-14,2.491,2.5269999999999997,2.5540000000000003,2.447,24265.13,600971,0.01813,0.08408,-0.073,-0.07908,-0.20759,-0.4699,2.474,2.52481,2.59184,2.65059,3.50709
2005-11-15,2.536,2.506,2.56,2.491,27735.02,600971,-0.00831,0.0407,-0.08673,-0.10723,-0.21858,-0.45308,2.4936,2.51348,2.58698,2.64489,3.49865
2005-11-16,2.506,2.491,2.512,2.435,12341.75,600971,-0.00599,-0.0024,-0.09812,-0.07535,-0.20517,-0.46164,2.4924,2.50057,2.58371,2.63967,3.48997
2005-11-17,2.488,2.521,2.542,2.4530000000000003,18046.46,600971,0.01204,0.02647,-0.10189,-0.09803,-0.19302,-0.45445,2.5054,2.48695,2.57929,2.63476,3.48143
2005-11-18,2.536,2.5780000000000003,2.61,2.536,37693.55,600971,0.02261,0.03868,-0.0257,-0.04906,-0.15889,-0.48481,2.5246,2.48371,2.57715,2.6308,3.47157
2005-11-21,2.5869999999999997,2.545,2.5869999999999997,2.524,17224.35,600971,-0.0128,0.00712,-0.03598,-0.0865,-0.13406,-0.48409,2.5282,2.47919,2.57326,2.6276,3.46187
2005-11-22,2.5540000000000003,2.515,2.5540000000000003,2.488,16178.49,600971,-0.01179,0.00359,-0.05805,-0.04081,-0.1431,-0.51401,2.53,2.47181,2.57153,2.62419,3.45105
2005-11-23,2.515,2.524,2.542,2.497,8999.74,600971,0.00358,0.01325,-0.06101,-0.01291,-0.13384,-0.51377,2.5366,2.464,2.571,2.62102,3.44021
2005-11-24,2.545,2.515,2.545,2.491,11613.81,600971,-0.00357,-0.00238,-0.03971,-0.04626,-0.12976,-0.53008,2.5354,2.45905,2.56903,2.61797,3.42868
2005-11-25,2.524,2.551,2.5839999999999996,2.521,28305.46,600971,0.01431,-0.01047,0.03363,-0.01392,-0.1332,-0.5289,2.53,2.463,2.56845,2.61478,3.41704
2005-11-28,2.551,2.5180000000000002,2.572,2.506,8091.5,600971,-0.01294,-0.01061,0.01328,-0.03966,-0.14788,-0.53551,2.5246,2.46457,2.56677,2.61123,3.40524
2005-11-29,2.521,2.4819999999999998,2.521,2.459,13546.59,600971,-0.0143,-0.01312,0.02817,-0.0072,-0.09942,-0.53355,2.518,2.46781,2.56648,2.609,3.3937
2005-11-30,2.4819999999999998,2.5269999999999997,2.53,2.471,11381.23,600971,0.01813,0.00119,0.08548,0.04421,-0.04893,-0.51885,2.5186,2.47729,2.56821,2.60794,3.38262
2005-12-01,2.536,2.506,2.539,2.5,8844.6,600971,-0.00831,-0.00358,0.05516,0.05649,-0.05825,-0.515,2.5168,2.48352,2.57037,2.60668,3.3718
2005-12-02,2.506,2.488,2.5269999999999997,2.477,12798.22,600971,-0.00718,-0.0247,0.07011,0.0371,-0.09395,-0.52282,2.5042,2.49129,2.57181,2.60459,3.36072
2005-12-05,2.524,2.417,2.524,2.378,12152.01,600971,-0.02854,-0.04011,0.02895,-0.00248,-0.134,-0.53662,2.484,2.49452,2.57171,2.60154,3.34934
2005-12-06,2.417,2.438,2.468,2.3930000000000002,7804.12,600971,0.00869,-0.01773,0.0459,-0.01455,-0.20612,-0.52962,2.4752,2.49962,2.57113,2.5964,3.33818
2005-12-07,2.447,2.447,2.4619999999999997,2.42,9972.06,600971,0.00369,-0.03166,0.0162,-0.00971,-0.2645,-0.51869,2.4592,2.50148,2.57074,2.58924,3.32746
2005-12-08,2.4619999999999997,2.432,2.4619999999999997,2.426,7311.86,600971,-0.00613,-0.02953,-0.02603,-0.04777,-0.22151,-0.52463,2.4444,2.49838,2.56877,2.58362,3.31655
2005-12-09,2.4619999999999997,2.485,2.497,2.438,13433.65,600971,0.02179,-0.00121,0.01181,0.00567,-0.2048,-0.52721,2.4438,2.49976,2.569,2.57841,3.30529
2005-12-12,2.494,2.524,2.533,2.471,10681.12,600971,0.01569,0.04427,0.01692,-0.01175,-0.14325,-0.50626,2.4652,2.50176,2.56852,2.57498,3.29477
2005-12-13,2.503,2.506,2.524,2.468,9186.11,600971,-0.00713,0.02789,-0.00831,-0.07868,-0.09367,-0.49075,2.4788,2.50076,2.56506,2.57288,3.28495
2005-12-14,2.512,2.524,2.539,2.488,11951.4,600971,0.00718,0.03147,0.00718,-0.06795,-0.10623,-0.46593,2.4942,2.50162,2.5621,2.57044,3.276
2005-12-15,2.53,2.509,2.557,2.506,12643.68,600971,-0.00594,0.03166,0.00723,-0.07246,-0.08464,-0.46708,2.5096,2.50248,2.55894,2.56855,3.26706
2005-12-16,2.506,2.524,2.536,2.485,7519.28,600971,0.00598,0.01569,0.00119,-0.09012,-0.15782,-0.47208,2.5174,2.50262,2.5549,2.56471,3.25789
2005-12-29,2.7230000000000003,2.7769999999999997,2.7769999999999997,2.6639999999999997,88806.94,600971,0.10024,0.10024,0.07719,0.01203,-0.06024,-0.42505,2.568,2.5121,2.55544,2.56326,3.24954
2005-12-30,2.815,2.8510000000000004,2.905,2.7560000000000002,73401.56,600971,0.02665,0.13767,0.12024,0.03899,-0.0021,-0.40293,2.637,2.52667,2.55716,2.56321,3.24172
2006-01-04,2.8539999999999996,2.908,2.955,2.8510000000000004,51881.95,600971,0.01999,0.15214,0.15626,0.05515,-0.02775,-0.36312,2.7138,2.54538,2.55961,2.56254,3.23498
2006-01-05,2.911,2.931,2.955,2.887,37353.42,600971,0.00791,0.16819,0.16125,0.05432,-0.00408,-0.36954,2.7982,2.56476,2.56205,2.56244,3.228
2006-01-06,2.931,2.958,2.97,2.8960000000000004,41440.92,600971,0.00921,0.17195,0.17614,0.10414,-0.03491,-0.37331,2.885,2.58586,2.56655,2.56157,3.22083
2006-01-09,2.967,3.178,3.196,2.967,67424.08,600971,0.07437,0.1444,0.24579,0.20928,0.06895,-0.32412,2.9652,2.61571,2.57542,2.56324,3.21464
2006-02-15,2.89,3.0439999999999996,3.1489999999999996,2.8539999999999996,185614.09,600971,-0.04216,0.0677,0.2089,0.17167,0.01365,-0.33333,3.0038,2.64076,2.58261,2.56357,3.20845
2006-02-16,3.0210000000000004,2.85,3.0439999999999996,2.847,93891.01,600971,-0.06373,-0.01994,0.14827,0.11328,0.01136,-0.35447,2.9922,2.65829,2.58729,2.56383,3.20209
2006-02-17,2.821,2.841,2.8930000000000002,2.736,61265.41,600971,-0.00316,-0.03071,0.12426,0.09946,0.05028,-0.35898,2.9742,2.67324,2.59144,2.56493,3.19562
2006-02-20,2.8310000000000004,2.8369999999999997,2.9419999999999997,2.804,39760.35,600971,-0.00141,-0.04091,0.13208,0.11211,0.04648,-0.38553,2.95,2.689,2.59605,2.56596,3.18839
2006-02-21,2.841,2.886,2.9,2.775,31649.39,600971,0.01727,-0.09188,0.15997,0.12999,0.11085,-0.36571,2.8916,2.70795,2.6014,2.5683,3.18162
2006-02-22,2.886,2.877,2.9389999999999996,2.86,33861.14,600971,-0.00312,-0.05486,0.19032,0.1023,0.1385,-0.37929,2.8582,2.72986,2.60571,2.57115,3.17448
2006-02-23,2.88,2.818,2.886,2.7910000000000004,30873.49,600971,-0.02051,-0.01123,0.15587,0.06139,0.134,-0.39385,2.8518,2.74795,2.60834,2.57385,3.16703
2006-02-24,2.821,2.821,2.847,2.804,20772.77,600971,0.00106,-0.00704,0.15284,0.05655,0.17738,-0.39477,2.8478,2.76576,2.61077,2.57731,3.15955
2006-02-27,2.821,2.801,2.8539999999999996,2.798,19783.33,600971,-0.00709,-0.01269,0.15173,0.03856,0.23664,-0.40226,2.8406,2.78333,2.61245,2.58167,3.15189
2006-02-28,2.7910000000000004,2.785,2.827,2.7289999999999996,31648.8,600971,-0.00571,-0.035,0.12072,0.00397,0.19323,-0.42459,2.8204,2.79762,2.61263,2.58533,3.14354
2006-03-01,2.781,2.804,2.821,2.752,25708.39,600971,0.00682,-0.02537,0.11094,0.02861,0.19829,-0.41898,2.8058,2.81095,2.61389,2.58911,3.13532
2006-03-02,2.804,2.7089999999999996,2.821,2.6830000000000003,27709.91,600971,-0.03388,-0.03868,0.08101,-0.01276,0.16969,-0.40618,2.784,2.82062,2.61332,2.5923,3.12778
2006-03-03,2.772,2.7880000000000003,2.8080000000000003,2.7319999999999998,35800.84,600971,0.02916,-0.0117,0.1046,0.00941,0.24353,-0.38196,2.7774,2.83319,2.61374,2.59674,3.12078
2006-03-06,2.7880000000000003,2.7260000000000004,2.804,2.719,20138.86,600971,-0.02224,-0.02678,0.08649,-0.02886,0.28403,-0.38256,2.7624,2.84352,2.61244,2.60164,3.11391
2006-03-07,2.719,2.5580000000000003,2.719,2.552,34233.07,600971,-0.06163,-0.08151,0.01347,-0.03326,0.15956,-0.3895,2.717,2.84514,2.61102,2.6045,3.10728
2006-03-08,2.5580000000000003,2.591,2.611,2.522,20161.16,600971,0.0129,-0.07596,-0.06698,-0.01856,0.15412,-0.37955,2.6744,2.83629,2.61023,2.60732,3.10084
2006-03-09,2.591,2.565,2.611,2.545,13817.63,600971,-0.01003,-0.05316,-0.10032,-0.03933,0.14868,-0.39131,2.6456,2.82267,2.60853,2.61002,3.09413
2006-03-10,2.5580000000000003,2.5580000000000003,2.585,2.549,11028.14,600971,-0.00273,-0.0825,-0.12036,-0.04836,0.0988,-0.39541,2.5996,2.806,2.60644,2.61189,3.08733
2006-03-13,2.5580000000000003,2.562,2.575,2.539,13425.21,600971,0.00156,-0.06016,-0.1259,-0.02176,0.11927,-0.3926,2.5668,2.78843,2.60552,2.61411,3.0806
2006-03-14,2.562,2.6039999999999996,2.617,2.545,16762.93,600971,0.01639,0.01798,-0.11968,0.05511,0.08274,-0.37177,2.576,2.77157,2.60771,2.61572,3.07434
2006-03-15,2.6039999999999996,2.657,2.6630000000000003,2.5810000000000004,20230.93,600971,0.02035,0.02547,-0.16394,0.06922,0.04155,-0.3593,2.5892,2.74676,2.61048,2.61659,3.06828
2006-03-16,2.657,2.64,2.6630000000000003,2.6239999999999997,13711.9,600971,-0.0064,0.02924,-0.13272,0.09362,0.05727,-0.30343,2.6042,2.72752,2.61413,2.61775,3.06361
2006-03-17,2.634,2.6010000000000004,2.64,2.585,12854.07,600971,-0.01477,0.01681,-0.08737,0.11727,0.05517,-0.31481,2.6128,2.71567,2.61853,2.61885,3.05875
2006-03-20,2.591,2.627,2.637,2.575,10828.52,600971,0.01,0.02537,-0.07533,0.10611,0.05714,-0.33291,2.6258,2.70548,2.6226,2.62001,3.05342
2006-03-21,2.627,2.677,2.722,2.6239999999999997,27264.09,600971,0.01903,0.02803,-0.0564,0.1514,0.05435,-0.32688,2.6404,2.69786,2.62827,2.62113,3.04813
2006-03-22,2.68,2.755,2.759,2.667,24893.29,600971,0.02914,0.03688,-0.04539,0.17284,0.08251,-0.30935,2.66,2.69162,2.63482,2.62284,3.04312
2006-03-23,2.755,2.762,2.778,2.7260000000000004,23341.65,600971,0.00254,0.04621,-0.03997,0.1849,0.09821,-0.28833,2.6844,2.68614,2.64177,2.62485,3.03857
2006-03-24,2.765,2.7030000000000003,2.772,2.699,21077.75,600971,-0.02136,0.03922,-0.04081,0.12251,0.0262,-0.28681,2.7048,2.68067,2.64653,2.62541,3.03415
2006-03-27,2.7030000000000003,2.752,2.755,2.69,16987.52,600971,0.01813,0.04758,-0.02446,0.10212,0.0284,-0.28538,2.7298,2.67738,2.65065,2.62602,3.02968
2006-03-28,2.7489999999999997,2.6860000000000004,2.752,2.667,34042.03,600971,-0.02398,0.00336,-0.04106,0.09365,-0.00074,-0.32563,2.7316,2.6719,2.65435,2.62601,3.02441
2006-03-29,2.6860000000000004,2.677,2.7089999999999996,2.66,32772.63,600971,-0.00335,-0.02831,-0.03878,0.07857,-0.02442,-0.33573,2.716,2.66676,2.6575,2.62546,3.01891
2006-03-30,2.67,2.699,2.742,2.66,32260.57,600971,0.00822,-0.02281,-0.03745,0.06806,-0.03848,-0.36658,2.7034,2.66176,2.66027,2.62459,3.01256
2006-03-31,2.722,2.827,2.8310000000000004,2.699,61771.06,600971,0.04742,0.04587,0.04356,0.12809,0.04937,-0.32946,2.7282,2.66738,2.66545,2.62567,3.00691
2006-04-03,2.847,2.9360000000000004,3.0010000000000003,2.847,84424.24,600971,0.03856,0.06686,0.05308,0.17864,0.05045,-0.33075,2.765,2.67443,2.67263,2.62681,3.00102
2006-04-04,2.945,2.926,2.9619999999999997,2.8539999999999996,53295.17,600971,-0.00341,0.08935,0.07337,0.16065,0.07931,-0.31922,2.813,2.68395,2.67916,2.62856,2.99544
2006-04-05,2.9189999999999996,2.932,2.952,2.886,40039.22,600971,0.00205,0.09526,0.14621,0.13732,0.0524,-0.31972,2.864,2.70176,2.68487,2.62975,2.98984
2006-04-06,2.9360000000000004,2.886,2.985,2.873,43849.42,600971,-0.01569,0.06928,0.11386,0.13399,0.10069,-0.33039,2.9014,2.71581,2.69037,2.63189,2.98405
2006-04-07,2.88,2.8310000000000004,2.89,2.7880000000000003,44689.11,600971,-0.01906,0.00141,0.1037,0.12565,0.10716,-0.34679,2.9022,2.72848,2.69547,2.63412,2.97794
2006-04-10,2.824,2.965,2.978,2.824,62433.36,600971,0.04733,0.00988,0.15911,0.17472,0.12438,-0.32812,2.908,2.74786,2.70258,2.63679,2.97205
2006-04-11,2.978,3.0410000000000004,3.0869999999999997,2.926,83968.83,600971,0.02563,0.0393,0.18696,0.20915,0.17549,-0.32885,2.931,2.77067,2.71106,2.64048,2.966
2006-04-12,3.034,2.9589999999999996,3.034,2.952,46616.84,600971,-0.02696,0.00921,0.13633,0.15994,0.12853,-0.34376,2.9364,2.78757,2.71765,2.64322,2.9597
2006-04-13,2.9619999999999997,2.821,2.9619999999999997,2.8139999999999996,44305.44,600971,-0.04664,-0.02252,0.06172,0.12033,0.1284,-0.3763,2.9234,2.79538,2.72253,2.64583,2.95278
2006-04-14,2.821,2.8960000000000004,2.932,2.8080000000000003,29521.17,600971,0.02659,0.02296,0.09697,0.1668,0.19669,-0.35429,2.9364,2.80757,2.72921,2.6497,2.94632
2006-04-17,2.886,2.8960000000000004,2.9360000000000004,2.8369999999999997,28589.34,600971,0.0,-0.02327,0.11342,0.14602,0.22091,-0.33896,2.9226,2.82162,2.73516,2.65396,2.94028
2006-04-18,2.903,2.88,2.9160000000000004,2.86,22940.83,600971,-0.00552,-0.05294,0.09631,0.14924,0.2005,-0.33671,2.8904,2.83367,2.74119,2.65787,2.93434
2006-04-19,2.88,2.8539999999999996,2.903,2.795,38594.67,600971,-0.00903,-0.03548,0.06612,0.14711,0.17788,-0.34855,2.8694,2.8421,2.7471,2.66137,2.92813
2006-04-20,2.8539999999999996,2.9389999999999996,2.945,2.801,53106.47,600971,0.02978,0.04183,0.06679,0.21597,0.18795,-0.30355,2.893,2.85086,2.75552,2.66515,2.92292
2006-04-21,2.9389999999999996,2.955,3.008,2.883,72156.73,600971,0.00544,0.02037,0.06988,0.21206,0.19587,-0.29035,2.9048,2.86005,2.76385,2.66909,2.91801
2006-04-24,2.9189999999999996,2.8310000000000004,2.9189999999999996,2.824,81731.37,600971,-0.04196,-0.02244,0.04735,0.15693,0.10846,-0.33932,2.8918,2.86614,2.77005,2.67134,2.9121
2006-04-25,2.7910000000000004,2.929,3.008,2.6310000000000002,120266.44,600971,0.03462,0.01701,0.06432,0.20436,0.18535,-0.32698,2.9016,2.87457,2.77806,2.67507,2.90631
2006-04-26,2.906,2.85,2.985,2.8339999999999996,72676.33,600971,-0.02697,-0.0014,0.06106,0.14688,0.1159,-0.31818,2.9008,2.88238,2.78395,2.67747,2.90091
2006-04-27,2.8339999999999996,2.739,2.847,2.7260000000000004,48511.54,600971,-0.03895,-0.06805,0.02316,0.08518,0.00699,-0.35233,2.8608,2.88533,2.78742,2.67763,2.89485
2006-04-28,2.7060000000000004,2.762,2.775,2.673,29838.19,600971,0.0084,-0.06531,0.02334,0.10215,0.01994,-0.36506,2.8222,2.88833,2.79155,2.67807,2.88839
2006-05-09,2.8539999999999996,2.8369999999999997,2.88,2.781,53301.4,600971,0.02715,0.00212,0.00354,0.12401,0.0488,-0.3448,2.8234,2.88881,2.7966,2.67914,2.88233
2006-05-10,2.8369999999999997,2.8960000000000004,2.9130000000000003,2.7880000000000003,68627.22,600971,0.0208,-0.01127,-0.01362,0.15424,0.04398,-0.31309,2.8168,2.8869,2.80284,2.68013,2.87696
2006-05-11,2.9189999999999996,3.034,3.182,2.9189999999999996,149604.01,600971,0.04765,0.06456,0.03691,0.20206,0.10569,-0.25637,2.8536,2.89205,2.81106,2.68249,2.87271
2006-05-12,3.0180000000000002,3.08,3.093,2.985,77260.47,600971,0.01516,0.1245,0.05048,0.10911,0.12245,-0.21668,2.9218,2.8991,2.81595,2.68522,2.86924
2006-05-15,3.116,3.326,3.3289999999999997,3.116,106072.06,600971,0.07987,0.2042,0.15246,0.16661,0.20682,-0.16052,3.0346,2.92005,2.82361,2.68985,2.86666
2006-05-16,3.319,3.136,3.447,3.116,104826.89,600971,-0.05713,0.10539,0.10774,0.0784,0.12806,-0.22415,3.0944,2.93457,2.82729,2.69275,2.86298
2006-05-17,3.1260000000000003,3.077,3.241,3.014,71741.49,600971,-0.01881,0.0625,0.03777,0.04981,0.14856,-0.22513,3.1306,2.9399,2.82965,2.69598,2.85934
2006-05-18,3.073,3.031,3.073,2.9589999999999996,50074.39,600971,-0.01495,-0.00099,-0.00329,0.02468,0.15335,-0.22679,3.13,2.93943,2.83082,2.69926,2.85573
2006-05-19,3.034,3.1189999999999998,3.142,2.991,49828.79,600971,0.02903,0.01266,0.05407,-0.01857,0.20054,-0.20596,3.1378,2.94705,2.82987,2.7035,2.85244
2006-05-22,3.1319999999999997,3.182,3.247,3.1189999999999998,54632.95,600971,0.0202,-0.0433,0.12797,0.04534,0.24297,-0.1995,3.109,2.96424,2.8321,2.70855,2.84922
2006-05-23,3.175,2.985,3.182,2.985,53051.53,600971,-0.06191,-0.04815,0.03073,0.04737,0.15519,-0.24007,3.0788,2.96848,2.83427,2.71181,2.84538
2006-05-24,2.972,2.903,3.0469999999999997,2.847,41460.26,600971,-0.02747,-0.05655,0.00242,0.02182,0.13799,-0.26784,3.044,2.96881,2.83527,2.71467,2.84107
2006-05-25,2.903,2.988,3.0010000000000003,2.886,27495.46,600971,0.02928,-0.01419,0.0375,0.05323,0.16993,-0.24641,3.0354,2.97395,2.83771,2.7182,2.83709
2006-05-26,2.991,3.008,3.011,2.968,24226.61,600971,0.00669,-0.03559,0.05396,0.04227,0.15249,-0.28176,3.0132,2.98129,2.83968,2.72144,2.8323
2006-05-29,3.011,3.054,3.057,2.972,26517.91,600971,0.01529,-0.04023,0.03913,0.06152,0.15028,-0.25856,2.9876,2.98676,2.84253,2.72468,2.82797
2006-05-30,3.057,3.139,3.1719999999999997,3.0210000000000004,51795.22,600971,0.02783,0.05159,0.06227,0.11391,0.17566,-0.23866,3.0184,2.99552,2.84771,2.7285,2.82397
2006-05-31,3.142,3.077,3.2310000000000003,3.0669999999999997,52146.89,600971,-0.01975,0.05994,0.0869,0.09075,0.1409,-0.30573,3.0532,3.00724,2.85184,2.73159,2.81846
2006-06-01,3.07,3.1719999999999997,3.1910000000000003,3.05,47661.53,600971,0.03087,0.06158,0.08296,0.13245,0.14348,-0.27298,3.09,3.01881,2.85782,2.73482,2.81362
2006-06-02,3.2110000000000003,3.09,3.2310000000000003,3.077,47890.22,600971,-0.02585,0.02726,0.08421,0.10952,0.13353,-0.3009,3.1064,3.03024,2.86274,2.73778,2.80821
2006-06-05,3.083,3.182,3.188,3.0439999999999996,34815.43,600971,0.02977,0.04191,0.16174,0.13481,0.15962,-0.26445,3.132,3.05133,2.86884,2.74134,2.80356
2006-06-06,3.1489999999999996,3.195,3.221,3.1189999999999998,41511.07,600971,0.00409,0.01784,0.15677,0.1794,0.15677,-0.26484,3.1432,3.07195,2.87668,2.74486,2.79888
2006-06-07,3.185,2.9419999999999997,3.2239999999999998,2.9189999999999996,45317.22,600971,-0.07919,-0.04387,0.03701,0.05524,0.04809,-0.33333,3.1162,3.07695,2.87916,2.74596,2.7929
2006-06-08,2.9360000000000004,2.965,2.998,2.863,27308.56,600971,0.00782,-0.06526,0.02383,0.08767,0.12056,-0.31302,3.0748,3.08024,2.88302,2.74855,2.78741
2006-06-09,2.978,2.8930000000000002,3.031,2.886,27582.04,600971,-0.02428,-0.06375,-0.04647,0.13096,0.09583,-0.30104,3.0354,3.07352,2.88842,2.75061,2.78235
2006-06-12,2.8930000000000002,2.909,2.9360000000000004,2.873,14735.39,600971,0.00553,-0.0858,-0.05552,0.12273,0.08951,-0.25942,2.9808,3.06538,2.89355,2.75255,2.7782
2006-06-13,2.9189999999999996,2.923,2.978,2.886,11400.48,600971,0.00481,-0.08513,-0.12117,0.13957,0.08743,-0.25737,2.9264,3.04619,2.89932,2.75446,2.77409
2006-06-14,2.926,2.827,2.949,2.8139999999999996,15775.89,600971,-0.03284,-0.03909,-0.09853,0.10516,0.07942,-0.2913,2.9034,3.03148,2.90366,2.75615,2.76936
2006-06-15,2.841,2.867,2.903,2.824,16833.48,600971,0.01415,-0.03305,-0.06825,0.11905,0.16167,-0.29175,2.8838,3.02148,2.90858,2.7594,2.76456
2006-06-16,2.886,2.9419999999999997,2.952,2.867,11309.58,600971,0.02616,0.01694,-0.02936,0.1298,0.1839,-0.25519,2.8936,3.01724,2.91403,2.76311,2.76046
2006-06-19,2.9189999999999996,2.972,3.0010000000000003,2.886,16077.98,600971,0.0102,0.02166,-0.04713,0.11855,0.23115,-0.21459,2.9062,3.01024,2.91911,2.76765,2.75716
2006-06-20,2.9589999999999996,2.952,2.991,2.923,12923.37,600971,-0.00673,0.00992,-0.07228,0.11818,0.26804,-0.2151,2.912,2.99929,2.92415,2.77272,2.75387
2006-06-21,2.9619999999999997,3.09,3.1319999999999997,2.9619999999999997,50921.51,600971,0.04675,0.09303,0.03518,0.188,0.30105,-0.17446,2.9646,3.00429,2.93203,2.77854,2.75122
2006-06-22,3.083,3.136,3.1519999999999997,3.054,34899.49,600971,0.01489,0.09383,0.08026,0.19376,0.34882,-0.1882,3.0184,3.01538,2.94024,2.78513,2.74826
2006-06-23,3.136,3.0239999999999996,3.159,3.011,32050.42,600971,-0.03571,0.02787,0.01205,0.12962,0.28736,-0.18688,3.0348,3.0171,2.94584,2.79062,2.74544
2006-06-26,3.0239999999999996,3.05,3.077,3.0239999999999996,19410.55,600971,0.0086,0.02624,0.01396,0.10708,0.30845,-0.18775,3.0504,3.0191,2.9506,2.79646,2.74257
2006-06-27,3.05,2.998,3.07,2.9819999999999998,19209.73,600971,-0.01705,0.01558,-0.01834,0.08545,0.24502,-0.13076,3.0596,3.01643,2.9544,2.80126,2.74074
2006-06-28,3.011,3.005,3.0210000000000004,2.975,11787.26,600971,0.00233,-0.02751,-0.04269,0.11173,0.20344,-0.13724,3.0426,3.01005,2.95927,2.80539,2.7388
2006-06-29,3.005,3.083,3.083,2.991,26224.73,600971,0.02596,-0.0169,0.00195,0.12028,0.25529,-0.10612,3.032,3.01033,2.96461,2.81049,2.73731
2006-06-30,3.109,3.116,3.142,3.05,38983.77,600971,0.0107,0.03042,-0.01765,0.16009,0.25544,-0.10588,3.0504,3.00767,2.97155,2.81564,2.73581
2006-07-03,3.1189999999999998,3.185,3.214,3.1189999999999998,54950.5,600971,0.02214,0.04426,0.03074,0.18976,0.26039,-0.00125,3.0774,3.01219,2.97974,2.82099,2.73579
2006-07-04,3.188,3.109,3.1910000000000003,3.083,32586.87,600971,-0.02386,0.03702,-0.02294,0.15191,0.24062,-0.03056,3.0996,3.00871,2.98635,2.82589,2.73539
2006-07-05,3.09,3.057,3.1,3.0210000000000004,22253.28,600971,-0.01673,0.0173,-0.04319,0.08136,0.22722,-0.02457,3.11,3.00214,2.99006,2.8305,2.73508
2006-07-06,3.037,3.139,3.165,3.034,21847.61,600971,0.02682,0.01816,0.06696,0.06914,0.24514,0.0048,3.1212,3.01152,2.99334,2.83552,2.73514
2006-07-07,3.139,3.0869999999999997,3.162,3.077,22313.93,600971,-0.01657,-0.00931,0.04115,0.05502,0.19744,0.00718,3.1154,3.01733,2.99594,2.83966,2.73523
2006-07-10,3.083,3.096,3.109,3.0410000000000004,18163.1,600971,0.00292,-0.02794,0.07017,0.05593,0.2165,0.05342,3.0976,3.027,2.99858,2.84414,2.73587
2006-07-11,3.096,3.096,3.1,3.0469999999999997,17366.11,600971,0.0,-0.00418,0.06428,0.07277,0.23101,0.05486,3.095,3.0359,3.00197,2.84886,2.73652
2006-07-12,3.083,3.109,3.162,3.054,30795.26,600971,0.0042,0.01701,0.06363,0.0982,0.23177,0.06692,3.1054,3.04476,3.00645,2.85362,2.73732
2006-07-13,3.083,2.8930000000000002,3.116,2.89,42161.56,600971,-0.06948,-0.07837,0.02335,-0.02428,0.1503,0.00104,3.0562,3.0479,3.00529,2.85669,2.73733
2006-07-14,2.886,2.8930000000000002,2.949,2.867,24237.87,600971,0.0,-0.06284,0.00907,-0.04867,0.13407,-0.01699,3.0174,3.04914,3.0029,2.85947,2.73713
2006-07-17,2.886,2.932,2.9360000000000004,2.86,23084.85,600971,0.01348,-0.05297,-0.0034,-0.00912,0.16442,-0.00778,2.9846,3.04867,3.00247,2.86284,2.73703
2006-07-18,2.9360000000000004,2.9130000000000003,2.952,2.883,20625.67,600971,-0.00648,-0.05911,-0.01985,0.03261,0.17365,0.05697,2.948,3.04586,3.00395,2.86634,2.73767
2006-07-19,2.903,2.86,2.9160000000000004,2.8369999999999997,18073.01,600971,-0.01819,-0.08009,-0.03117,-0.01243,0.13178,0.0764,2.8982,3.04148,3.00337,2.86905,2.7385
2006-07-20,2.86,2.903,2.929,2.86,9797.67,600971,0.01503,0.00346,-0.06052,0.00242,0.15842,0.09094,2.9002,3.03257,3.00348,2.87228,2.73948
2006-07-21,2.906,2.9130000000000003,2.929,2.8930000000000002,9541.45,600971,0.00344,0.00691,-0.07111,0.01146,0.17082,0.06082,2.9042,3.02195,3.00402,2.87573,2.74016
2006-07-24,2.89,2.9130000000000003,2.932,2.8369999999999997,8928.51,600971,0.0,-0.00648,-0.03671,0.02067,0.20521,0.04371,2.9004,3.01667,3.00497,2.87976,2.74065
2006-07-25,2.9130000000000003,2.955,2.975,2.9130000000000003,11362.27,600971,0.01442,0.01442,-0.03115,0.00544,0.21206,-0.03777,2.9088,3.01214,3.00523,2.88397,2.74018
2006-07-26,2.975,2.9589999999999996,2.985,2.9360000000000004,9332.15,600971,0.00135,0.03462,-0.01301,0.00135,0.20924,-0.11061,2.9286,3.01029,3.00529,2.88813,2.73869
2006-07-27,2.975,2.9189999999999996,2.975,2.873,13133.31,600971,-0.01352,0.00551,-0.02862,0.03108,0.20025,-0.06562,2.9318,3.00619,3.00671,2.89209,2.73785
2006-07-28,2.9189999999999996,2.9389999999999996,2.9419999999999997,2.8569999999999998,13624.94,600971,0.00685,0.00893,-0.04671,0.00341,0.1827,-0.05952,2.937,2.99933,3.00687,2.89578,2.7371
2006-07-31,3.037,2.995,3.116,2.978,46774.61,600971,0.01905,0.02815,-0.03883,0.05088,0.18661,0.01663,2.9534,2.99357,3.00921,2.89961,2.7373
2006-08-01,2.995,2.952,3.031,2.9160000000000004,18394.25,600971,-0.01436,-0.00102,-0.07316,0.07777,0.17797,0.06763,2.9528,2.98248,3.01265,2.90324,2.73806
2006-08-02,2.9360000000000004,2.978,2.988,2.9130000000000003,14021.69,600971,0.00881,0.00642,-0.04214,0.0782,0.17987,0.05453,2.9566,2.97624,3.01613,2.90693,2.73868
2006-08-03,2.978,2.9619999999999997,3.014,2.9360000000000004,11959.37,600971,-0.00537,0.01473,-0.03108,0.04406,0.18055,0.08063,2.9652,2.97171,3.01815,2.91061,2.73958
2006-08-04,2.9619999999999997,2.841,2.988,2.8369999999999997,18022.0,600971,-0.04085,-0.03334,-0.09493,-0.01899,0.12559,-0.05205,2.9456,2.95752,3.01726,2.91319,2.73895
2006-08-07,2.8139999999999996,2.752,2.85,2.722,20227.36,600971,-0.03133,-0.08114,-0.10852,-0.09295,-0.009,-0.0687,2.897,2.94157,3.01271,2.91298,2.73812
2006-08-08,2.772,2.824,2.824,2.762,8834.62,600971,0.02616,-0.04336,-0.08786,-0.08312,-0.00947,-0.01155,2.8714,2.92862,3.00858,2.91276,2.73799
2006-08-09,2.824,2.798,2.827,2.772,7249.77,600971,-0.00921,-0.06044,-0.09625,-0.15875,-0.03783,-0.06453,2.8354,2.91443,3.00006,2.91187,2.7372
2006-08-10,2.804,2.85,2.87,2.798,9111.02,600971,0.01858,-0.03781,-0.08331,-0.0912,-0.02764,-0.0316,2.813,2.9021,2.99545,2.91121,2.73683
2006-08-11,2.87,2.85,2.87,2.827,7615.9,600971,0.0,0.00317,-0.01486,-0.07377,-0.03651,-0.07015,2.8148,2.90005,2.99179,2.91033,2.73595
2006-08-14,2.8539999999999996,2.8110000000000004,2.903,2.7910000000000004,10664.73,600971,-0.01368,0.02144,-0.02834,-0.07258,-0.11548,-0.05449,2.8266,2.89614,2.98824,2.90735,2.73529
2006-08-15,2.7910000000000004,2.863,2.873,2.7880000000000003,5930.87,600971,0.0185,0.01381,-0.02353,-0.08208,-0.05946,-0.04662,2.8344,2.89286,2.98411,2.90588,2.73472
2006-08-16,2.87,2.9360000000000004,2.978,2.87,20389.02,600971,0.0255,0.04932,0.0079,-0.07731,0.03018,0.04187,2.862,2.89395,2.98015,2.90658,2.7352
2006-08-17,2.952,2.903,2.952,2.886,9887.38,600971,-0.01124,0.0186,0.01503,-0.02747,0.02182,0.0732,2.8726,2.896,2.97882,2.90708,2.73601
2006-08-18,2.9,2.8930000000000002,2.926,2.87,6271.48,600971,-0.00344,0.01509,-0.00344,-0.00344,0.01974,0.06713,2.8812,2.89552,2.97866,2.90754,2.73675
2006-08-22,2.906,2.945,2.968,2.8930000000000002,12833.91,600971,0.01797,0.04767,0.01099,-0.01439,0.02044,0.13356,2.908,2.89705,2.97797,2.90802,2.73816
2006-08-23,2.965,2.929,2.965,2.906,9253.9,600971,-0.00543,0.02305,0.00549,-0.02626,0.01807,0.15908,2.9212,2.89781,2.97669,2.90844,2.73979
2006-08-24,2.926,2.9360000000000004,2.9389999999999996,2.8960000000000004,5674.86,600971,0.00239,0.0,-0.00643,-0.03864,0.04187,0.18149,2.9212,2.8969,2.97479,2.9094,2.74163
2006-08-25,2.929,2.991,3.0439999999999996,2.923,20703.82,600971,0.01873,0.03031,0.01081,-0.04715,0.06026,0.24833,2.9388,2.89843,2.9724,2.91078,2.74404
2006-08-28,2.9819999999999998,3.0239999999999996,3.037,2.975,16636.56,600971,0.01103,0.04528,0.03597,-0.01722,0.07961,0.3351,2.965,2.90343,2.97155,2.91259,2.74713
2006-08-29,3.0269999999999997,3.011,3.103,3.008,35551.13,600971,-0.0043,0.02241,0.0245,-0.05076,0.08115,0.29006,2.9782,2.90686,2.96895,2.91443,2.74988
2006-08-30,3.0010000000000003,3.014,3.034,2.991,9614.96,600971,0.001,0.02902,0.00634,-0.0246,0.07489,0.28803,2.9952,2.90776,2.96773,2.91614,2.75262
2006-08-31,3.011,2.985,3.0410000000000004,2.965,14703.43,600971,-0.00962,0.01669,0.01118,-0.06191,0.10188,0.28886,3.005,2.90933,2.96455,2.91838,2.75534
2006-09-01,2.995,2.9389999999999996,3.011,2.9189999999999996,13196.11,600971,-0.01541,-0.01739,-0.0131,-0.08013,0.05416,0.31088,2.9946,2.90748,2.96042,2.91961,2.75817
2006-09-04,2.9360000000000004,3.011,3.0180000000000002,2.9189999999999996,12342.8,600971,0.0245,-0.0043,0.01654,0.02345,0.10455,0.41828,2.992,2.90981,2.96153,2.92193,2.76178
2006-09-05,3.0269999999999997,3.0010000000000003,3.031,2.985,8616.54,600971,-0.00332,-0.00332,0.05632,0.01214,0.17318,0.36038,2.99,2.91743,2.96211,2.92553,2.76502
2006-09-06,2.995,3.0269999999999997,3.031,2.9619999999999997,14868.7,600971,0.00866,0.00431,0.09993,0.04632,0.16827,0.34833,2.9926,2.93052,2.96427,2.92907,2.7682
2006-09-07,3.031,2.968,3.037,2.952,9275.28,600971,-0.01949,-0.0057,0.05099,0.02028,0.15712,0.32915,2.9892,2.93738,2.96523,2.93235,2.77118
2006-09-08,2.9619999999999997,2.9589999999999996,2.988,2.952,4733.37,600971,-0.00303,0.00681,0.05754,0.01232,0.15676,0.27105,2.9932,2.94505,2.96581,2.93561,2.77375
2006-09-11,2.965,2.949,2.978,2.903,7635.64,600971,-0.00338,-0.02059,0.03474,0.04316,0.15105,0.28834,2.9808,2.94976,2.96777,2.93876,2.77643
2006-09-12,2.945,2.972,2.9819999999999998,2.9389999999999996,10055.83,600971,0.0078,-0.00966,0.04281,0.03662,0.14132,0.23576,2.975,2.95557,2.96947,2.94175,2.77874
2006-09-13,2.972,2.952,2.991,2.945,8690.88,600971,-0.00673,-0.02478,0.05016,0.0034,0.11103,0.15719,2.96,2.96229,2.96963,2.94415,2.78037
2006-09-14,2.929,2.906,2.949,2.8569999999999998,13883.75,600971,-0.01558,-0.02089,0.01502,-0.02221,0.10076,0.1638,2.9476,2.96433,2.96856,2.94631,2.78203
2006-09-15,2.906,3.0010000000000003,3.0010000000000003,2.906,15953.42,600971,0.03269,0.01419,0.02214,0.0166,0.15379,0.21744,2.956,2.96743,2.96935,2.94956,2.78421
2006-09-18,3.0180000000000002,3.0180000000000002,3.05,2.991,13993.61,600971,0.00566,0.0234,0.03961,-0.0233,0.14884,0.21449,2.9698,2.9729,2.96819,2.95274,2.78637
2006-09-19,3.034,3.0639999999999996,3.08,3.0010000000000003,29120.17,600971,0.01524,0.03096,0.05911,-0.02296,0.14456,0.20677,2.9882,2.98105,2.96703,2.95589,2.78851
2006-09-20,3.054,3.014,3.057,3.005,13813.34,600971,-0.01632,0.021,0.02343,-0.00331,0.09401,0.18428,3.0006,2.98433,2.96687,2.95799,2.79041
2006-09-21,3.011,3.0180000000000002,3.0410000000000004,2.998,11027.33,600971,0.00133,0.03854,0.03039,-0.01049,0.09269,0.2,3.023,2.98857,2.96635,2.96007,2.79246
2006-09-22,3.0180000000000002,2.955,3.034,2.952,11578.71,600971,-0.02087,-0.01533,0.00647,-0.01434,0.09323,0.12187,3.0138,2.98948,2.96566,2.96212,2.79376
2006-09-25,2.952,2.926,2.9619999999999997,2.903,9701.17,600971,-0.00981,-0.03048,-0.02173,-0.02629,0.06323,0.09342,2.9954,2.98638,2.96439,2.96354,2.79478
2006-09-26,2.9189999999999996,2.929,2.945,2.9130000000000003,7078.95,600971,0.00103,-0.04406,-0.03142,-0.04995,0.09047,0.08966,2.9684,2.98186,2.9619,2.96551,2.79576
2006-09-27,2.9160000000000004,2.945,2.9619999999999997,2.9160000000000004,3980.48,600971,0.00546,-0.02289,-0.02192,-0.05488,0.10011,0.07325,2.9546,2.97871,2.95915,2.96769,2.79658
2006-09-28,2.952,2.952,2.965,2.9389999999999996,9124.83,600971,0.00238,-0.02187,-0.02057,-0.07316,0.09374,0.05166,2.9414,2.97576,2.95539,2.96975,2.79717
2006-09-29,2.955,3.014,3.0410000000000004,2.955,19049.64,600971,0.021,0.01997,0.00972,-0.03056,0.06615,0.11878,2.9532,2.97714,2.95385,2.97127,2.79847
2006-10-09,3.0180000000000002,3.037,3.057,3.014,16528.29,600971,0.00763,0.03794,0.03334,-0.00654,0.0344,0.08658,2.9754,2.98181,2.95353,2.97209,2.79945
2006-10-10,3.05,3.014,3.05,2.998,12079.02,600971,-0.00757,0.02902,0.001,-0.03982,0.03008,0.11177,2.9924,2.98195,2.95152,2.9728,2.80068
2006-10-11,3.014,3.057,3.07,3.011,18987.55,600971,0.01427,0.03803,0.01866,-0.00972,0.04263,0.09727,3.0148,2.98462,2.95103,2.97382,2.80178
2006-10-12,3.077,3.0439999999999996,3.083,3.011,15426.9,600971,-0.00425,0.03117,0.00562,-0.0168,0.05475,0.16095,3.0332,2.98543,2.95019,2.97511,2.8035
2006-10-13,3.0180000000000002,3.1,3.116,3.0180000000000002,42622.05,600971,0.0184,0.02853,0.04447,0.00129,0.09502,0.21236,3.0504,2.99171,2.95026,2.97729,2.80571
2006-10-16,3.1189999999999998,3.136,3.195,3.116,56898.8,600971,0.01161,0.0326,0.05982,0.00868,0.05767,0.18923,3.0702,3.00014,2.95069,2.97868,2.80774
2006-10-17,3.1489999999999996,3.221,3.241,3.1189999999999998,57362.42,600971,0.0271,0.06868,0.09223,0.11338,0.05919,0.24507,3.1116,3.0131,2.95598,2.98015,2.81031
2006-10-18,3.247,3.2310000000000003,3.303,3.198,53431.77,600971,0.0031,0.05692,0.08715,0.11683,0.09192,0.23227,3.1464,3.02543,2.96144,2.98236,2.81279
2006-10-19,3.2310000000000003,3.3360000000000003,3.3489999999999998,3.185,50575.91,600971,0.0325,0.09593,0.13008,0.13779,0.18256,0.3344,3.2048,3.04371,2.96795,2.98654,2.81619
2006-10-20,3.346,3.267,3.372,3.2569999999999997,37727.06,600971,-0.02068,0.05387,0.12423,0.12152,0.12811,0.35,3.2382,3.0609,2.97366,2.98956,2.81963
2006-10-23,3.247,3.303,3.405,3.247,51293.53,600971,0.01102,0.05325,0.10063,0.1549,0.14054,0.3925,3.2716,3.07529,2.98081,2.99287,2.82341
2006-10-24,3.29,3.4010000000000002,3.428,3.287,41236.04,600971,0.02967,0.05588,0.12691,0.17155,0.1809,0.41767,3.3076,3.09352,2.98884,2.99711,2.82749
2006-10-25,3.428,3.346,3.437,3.313,34969.75,600971,-0.01617,0.03559,0.09204,0.14864,0.17239,0.38093,3.3306,3.10695,2.99582,3.00111,2.83124
2006-10-26,3.3489999999999998,3.283,3.352,3.2539999999999996,33934.35,600971,-0.01883,-0.01589,0.08925,0.12702,0.11705,0.327,3.32,3.11976,3.00179,3.0039,2.83453
2006-10-27,3.28,3.208,3.29,3.198,32433.16,600971,-0.02284,-0.01806,0.06296,0.08562,0.08562,0.29826,3.3082,3.12881,3.00587,3.00596,2.83752
2006-10-30,3.208,3.293,3.2960000000000003,3.185,22869.27,600971,0.0265,-0.00303,0.11438,0.11288,0.16319,0.28935,3.3062,3.1449,3.01126,3.00972,2.84053
2006-10-31,3.313,3.303,3.375,3.29,30067.15,600971,0.00304,-0.02882,0.12884,0.13155,0.12769,0.33671,3.2866,3.16286,3.01745,3.01276,2.84391
2006-11-01,3.31,3.385,3.388,3.273,35949.31,600971,0.02483,0.01166,0.15568,0.15175,0.18772,0.32537,3.2944,3.18457,3.02465,3.01711,2.84729
2006-11-02,3.388,3.405,3.4930000000000003,3.388,55926.06,600971,0.00591,0.03716,0.1562,0.13689,0.24315,0.25184,3.3188,3.20648,3.03126,3.02252,2.85007
2006-11-03,3.411,3.4410000000000003,3.487,3.405,34560.91,600971,0.01057,0.07263,0.16565,0.16565,0.24584,0.27068,3.3654,3.22976,3.03915,3.02804,2.85305
2006-11-06,3.444,3.4739999999999998,3.487,3.395,31878.57,600971,0.00959,0.05497,0.15262,0.16655,0.22453,0.28429,3.4016,3.25167,3.04715,3.03322,2.85618
2006-11-07,3.4930000000000003,3.7489999999999997,3.821,3.4930000000000003,133818.58,600971,0.07916,0.13503,0.23444,0.2657,0.29454,0.35148,3.4908,3.28557,3.05984,3.04015,2.86014
2006-11-08,3.736,3.677,3.772,3.615,46214.73,600971,-0.01921,0.08626,0.21997,0.29426,0.21193,0.34001,3.5492,3.31714,3.07332,3.04538,2.86393
2006-11-09,3.641,3.825,3.8310000000000004,3.641,54432.06,600971,0.04025,0.12335,0.25123,0.3899,0.24188,0.39395,3.6332,3.35371,3.09063,3.05144,2.86833
2006-11-10,3.87,3.5980000000000003,3.907,3.585,62546.13,600971,-0.05935,0.04563,0.182,0.27408,0.08178,0.30552,3.6646,3.3801,3.10311,3.05365,2.87175
2006-11-14,3.477,3.487,3.503,3.29,66821.92,600971,-0.03085,0.00374,0.12484,0.24625,0.11193,0.25432,3.6672,3.39852,3.11423,3.0565,2.87463
2006-11-15,3.46,3.5260000000000002,3.529,3.388,27170.8,600971,0.01118,-0.05948,0.12436,0.23719,0.14592,0.31616,3.6226,3.4171,3.12513,3.06015,2.87807
2006-11-16,3.549,3.398,3.595,3.3819999999999997,53779.44,600971,-0.0363,-0.07588,0.05495,0.19228,0.12108,0.293,3.5668,3.42552,3.13397,3.06314,2.8812
2006-11-17,3.355,3.405,3.4539999999999997,3.3289999999999997,31244.67,600971,0.00206,-0.1098,0.05385,0.21131,0.0917,0.31062,3.4828,3.43381,3.14355,3.06546,2.88448
2006-11-20,3.411,3.405,3.451,3.333,33578.03,600971,0.0,-0.05364,0.02068,0.18931,0.07008,0.33008,3.4442,3.4371,3.15229,3.06728,2.88791
2006-11-21,3.408,3.608,3.6180000000000003,3.365,45579.5,600971,0.05962,0.0347,0.10438,0.22888,0.20871,0.39628,3.4684,3.45333,3.16313,3.07234,2.89208
2006-11-22,3.605,3.552,3.6639999999999997,3.529,37793.1,600971,-0.01552,0.00737,0.07539,0.22356,0.22356,0.3924,3.4736,3.46519,3.1736,3.07762,2.89615
2006-11-23,3.542,3.605,3.6310000000000002,3.5260000000000002,34114.93,600971,0.01492,0.06092,0.05998,0.24611,0.20649,0.41151,3.515,3.4749,3.18508,3.08263,2.90042
2006-11-24,3.5789999999999997,3.5789999999999997,3.615,3.51,27506.5,600971,-0.00721,0.0511,0.06964,0.21528,0.18983,0.37126,3.5498,3.486,3.19531,3.08728,2.90436
2006-11-27,3.575,3.687,3.7060000000000004,3.552,32420.68,600971,0.03018,0.08282,0.12306,0.25879,0.20727,0.3887,3.6062,3.50524,3.20753,3.09242,2.90855
2006-11-28,3.687,3.605,3.739,3.585,27972.42,600971,-0.02224,-0.00083,0.12375,0.22786,0.14845,0.35019,3.6056,3.52414,3.21832,3.09621,2.91235
2006-11-29,3.549,3.549,3.605,3.5060000000000002,34910.66,600971,-0.01553,-0.00084,0.07774,0.18656,0.1534,0.31591,3.605,3.53633,3.22732,3.10005,2.91582
2006-11-30,3.549,3.6310000000000002,3.667,3.549,32031.02,600971,0.02311,0.00721,0.0993,0.20073,0.1447,0.30894,3.6102,3.55195,3.23711,3.10378,2.9193
2006-12-01,3.657,3.782,3.838,3.569,78008.02,600971,0.04159,0.05672,0.11728,0.25606,0.22395,0.38738,3.6508,3.57086,3.24955,3.10941,2.92359
2006-12-04,3.772,3.795,3.87,3.7430000000000003,52901.29,600971,0.00344,0.02929,0.11454,0.25912,0.19265,0.38302,3.6724,3.58943,3.26215,3.11439,2.92787
2006-12-05,3.802,3.7460000000000004,3.838,3.739,45817.16,600971,-0.01291,0.03911,0.08864,0.25494,0.17246,0.35626,3.7006,3.60395,3.27442,3.11887,2.93187
2006-12-06,3.739,3.588,3.7560000000000002,3.513,53622.97,600971,-0.04218,0.01099,0.03282,0.22082,0.21958,0.27823,3.7084,3.60938,3.28489,3.12412,2.93504
2006-12-07,3.569,3.592,3.716,3.5589999999999997,43179.91,600971,0.00111,-0.01074,-0.04188,0.19296,0.21147,0.35752,3.7006,3.6019,3.29426,3.12922,2.93889
2006-12-08,3.572,3.4010000000000002,3.572,3.395,49845.52,600971,-0.05317,-0.10074,-0.07506,0.13329,0.1756,0.28826,3.6244,3.58876,3.30071,3.13335,2.94198
2006-12-11,3.388,3.513,3.523,3.372,21082.85,600971,0.03293,-0.07431,-0.08157,0.16056,0.20763,0.31573,3.568,3.5739,3.30855,3.13826,2.94541
2006-12-12,3.542,3.487,3.5589999999999997,3.444,18060.51,600971,-0.0074,-0.06914,-0.03085,0.17487,0.19295,0.29725,3.5162,3.56862,3.31692,3.14285,2.94865
2006-12-13,3.487,3.513,3.549,3.467,19531.29,600971,0.00746,-0.0209,0.00746,0.18723,0.24266,0.34135,3.5012,3.56986,3.32585,3.14842,2.95229
2006-12-14,3.51,3.628,3.647,3.503,31534.08,600971,0.03274,0.01002,0.02893,0.23025,0.26543,0.47002,3.5084,3.57471,3.33681,3.15461,2.957
2006-12-15,3.641,3.779,3.7880000000000003,3.605,52086.23,600971,0.04162,0.11114,0.11212,0.27153,0.2845,0.52072,3.584,3.59286,3.34982,3.16141,2.96226
2006-12-18,3.798,3.861,3.923,3.759,72428.48,600971,0.0217,0.09906,0.13392,0.30793,0.29913,0.59942,3.6536,3.61457,3.36448,3.16864,2.96815
2006-12-19,3.864,3.772,3.867,3.7,46178.76,600971,-0.02305,0.08173,0.10778,0.298,0.27778,0.62027,3.7106,3.63205,3.37845,3.17531,2.97402
2006-12-20,3.739,3.775,3.792,3.69,31559.24,600971,0.0008,0.07458,0.04629,0.25791,0.22168,0.58947,3.763,3.64,3.39094,3.18088,2.97971
2006-12-21,3.775,3.9,4.138999999999999,3.772,99430.55,600971,0.03311,0.07497,0.09797,0.29225,0.24362,0.67742,3.8174,3.65657,3.40516,3.18709,2.98611
2006-12-22,3.87,3.992,4.061,3.8339999999999996,61100.28,600971,0.02359,0.05636,0.10735,0.30287,0.32011,0.69945,3.86,3.675,3.42013,3.19496,2.99279
2006-12-25,4.025,3.995,4.133,3.923,40081.97,600971,0.00075,0.03471,0.11623,0.32548,0.30984,0.71386,3.8868,3.69481,3.43595,3.20264,2.99955
2006-12-26,4.015,3.877,4.061,3.798,45841.58,600971,-0.02954,0.02784,0.05153,0.28463,0.2932,0.61005,3.9078,3.70386,3.44981,3.20979,3.00552
2006-12-27,3.87,3.884,3.9130000000000003,3.838,20859.4,600971,0.00181,0.02887,0.07739,0.31438,0.29251,0.55547,3.9296,3.71714,3.46479,3.21693,3.01116
2006-12-28,3.9389999999999996,3.897,4.044,3.818,39228.59,600971,0.00335,-0.00077,0.09806,0.33185,0.26403,0.58673,3.929,3.73371,3.48045,3.22355,3.01702
2006-12-29,3.8930000000000002,3.926,3.995,3.89,34247.78,600971,0.00744,-0.01653,0.08124,0.34039,0.25995,0.58179,3.9158,3.74776,3.49653,3.23014,3.02289
2007-01-04,4.038,3.943,4.093,3.923,60756.09,600971,0.00433,-0.01302,0.04257,0.33888,0.23799,0.56035,3.9054,3.75543,3.51263,3.2363,3.02865
2007-01-05,3.92,4.261,4.284,3.903,92148.92,600971,0.08065,0.09905,0.12279,0.44343,0.37054,0.70032,3.9822,3.77762,3.53374,3.24567,3.03578
2007-01-08,4.323,4.31,4.444,4.271,79397.01,600971,0.0115,0.10968,0.15056,0.42999,0.40988,0.73023,4.0674,3.80448,3.55465,3.25585,3.04317
2007-01-09,4.349,4.388999999999999,4.418,4.257,50990.2,600971,0.01833,0.12625,0.22324,0.44518,0.39822,0.74098,4.1658,3.84262,3.57645,3.26602,3.05077
2007-01-10,4.412,4.592,4.658,4.362,56351.2,600971,0.04625,0.16964,0.2784,0.52356,0.48753,0.78123,4.299,3.89024,3.6019,3.27825,3.05896
2007-01-11,4.585,4.641,4.7989999999999995,4.526,67006.72,600971,0.01067,0.17702,0.3646,0.51816,0.49903,0.82358,4.4386,3.94929,3.62745,3.29081,3.06748
2007-01-12,4.595,4.238,4.684,4.231,67196.78,600971,-0.08683,-0.0054,0.20638,0.39225,0.36886,0.68509,4.434,3.98381,3.64671,3.3001,3.07448
2007-01-15,4.238,4.425,4.428,4.202,45489.29,600971,0.04412,0.02668,0.269,0.42742,0.42329,0.75317,4.457,4.02848,3.66808,3.3108,3.08221
2007-01-16,4.425,4.4510000000000005,4.4639999999999995,4.346,47820.42,600971,0.00588,0.01413,0.26701,0.41932,0.53854,0.76978,4.4694,4.07314,3.68929,3.32346,3.09008
2007-01-17,4.474,4.385,4.618,4.323,52755.83,600971,-0.01483,-0.04508,0.20865,0.36138,0.51573,0.71893,4.428,4.10919,3.70806,3.33559,3.09753
2007-01-18,4.388999999999999,4.458,4.5169999999999995,4.313,40379.29,600971,0.01665,-0.03943,0.17968,0.37976,0.52046,0.77045,4.3914,4.14152,3.72785,3.348,3.10542
2007-01-19,4.487,4.667,4.671,4.487,62305.65,600971,0.04688,0.10123,0.20875,0.39898,0.60213,0.88034,4.4772,4.1799,3.74932,3.36226,3.1143
2007-01-22,4.7330000000000005,4.861000000000001,4.9,4.73,66373.2,600971,0.04157,0.09853,0.28871,0.48791,0.69965,0.92362,4.5644,4.23176,3.77503,3.37853,3.12379
2007-01-23,4.917,4.8180000000000005,4.953,4.644,56948.66,600971,-0.00885,0.08245,0.27629,0.45867,0.65966,0.92259,4.6378,4.28143,3.79947,3.3941,3.13319
2007-01-24,4.822,4.753,4.841,4.717,48333.4,600971,-0.01349,0.08392,0.21872,0.39753,0.63165,0.91037,4.7114,4.32205,3.82127,3.40906,3.14239
2007-01-25,4.753,4.533,4.756,4.526,51469.96,600971,-0.04629,0.01682,0.13552,0.35475,0.55613,0.87547,4.7264,4.34781,3.84042,3.42223,3.151
2007-01-26,4.487,4.582,4.622,4.369,42849.19,600971,0.01081,-0.01821,0.14693,0.39567,0.55059,0.87941,4.7094,4.37576,3.86137,3.43546,3.15971
2007-01-29,4.651,4.717,4.723,4.5760000000000005,44495.76,600971,0.02946,-0.02962,0.21666,0.47039,0.59412,0.92767,4.6806,4.41576,3.88571,3.44975,3.16894
2007-01-30,4.726,4.877,4.93,4.726,80987.65,600971,0.03392,0.01225,0.25566,0.48102,0.67078,1.00535,4.6924,4.46305,3.91126,3.46567,3.17888
2007-01-31,4.838,4.487,4.868,4.435,52341.33,600971,-0.07997,-0.05596,0.1514,0.35846,0.52671,0.80563,4.6392,4.49114,3.93035,3.47825,3.18702
2007-02-01,4.461,4.651,4.687,4.398,49754.79,600971,0.03655,0.02603,0.18467,0.374,0.55292,0.84271,4.6628,4.52567,3.95077,3.49172,3.19566
2007-02-02,4.651,4.487,4.69,4.48,32832.58,600971,-0.03526,-0.02073,0.13797,0.31777,0.51999,0.7905,4.6438,4.55157,3.96823,3.5042,3.20372
2007-02-05,4.487,4.52,4.5889999999999995,4.474,21276.57,600971,0.00735,-0.04176,0.06078,0.31357,0.5178,0.79081,4.6044,4.5639,3.98563,3.51673,3.21183
2007-02-06,4.559,4.618,4.622,4.526,19350.99,600971,0.02168,-0.05311,0.07146,0.3293,0.55908,0.84057,4.5526,4.57857,4.00408,3.5302,3.2204
2007-02-07,4.631,4.595,4.69,4.533,38427.67,600971,-0.00498,0.02407,0.04694,0.22566,0.61739,0.82052,4.5742,4.58838,4.01773,3.54446,3.22882
2007-02-08,4.595,4.667,4.684,4.494,35882.22,600971,0.01567,0.00344,0.01633,0.26924,0.69586,0.68059,4.5774,4.59195,4.03369,3.56002,3.2365
2007-02-09,4.69,4.671,4.707,4.631,25354.0,600971,0.00086,0.04101,0.00646,0.22118,0.65404,0.63837,4.6142,4.59338,4.04734,3.57504,3.2439
2007-02-12,4.671,4.851,4.887,4.671,39140.74,600971,0.03854,0.07323,0.14464,0.34825,0.73374,0.66816,4.6804,4.62257,4.06755,3.59173,3.2518
2007-02-13,4.881,5.225,5.281000000000001,4.815,75301.33,600971,0.0771,0.13144,0.18079,0.49842,0.83333,0.78267,4.8018,4.66067,4.09558,3.61104,3.26113
2007-02-14,5.225,5.596,5.742999999999999,5.189,137613.57,600971,0.071,0.21785,0.25725,0.58707,0.96351,0.89182,5.002,4.71519,4.12897,3.63337,3.27185
2007-02-15,5.5729999999999995,5.737,5.7989999999999995,5.438,91394.07,600971,0.0252,0.22927,0.30832,0.68835,1.04091,0.80522,5.216,4.77957,4.16669,3.65715,3.28225
2007-02-16,5.825,5.542999999999999,5.832000000000001,5.53,71356.21,600971,-0.03382,0.18668,0.24338,0.6279,0.93608,0.82096,5.3904,4.83124,4.20118,3.67894,3.29241
2007-02-26,5.625,6.098,6.098,5.625,52182.4,600971,0.10013,0.25706,0.30662,0.7909,1.07698,1.13965,5.6398,4.89938,4.24461,3.70465,3.30561
2007-02-27,6.287999999999999,5.733,6.626,5.5760000000000005,105500.46,600971,-0.05986,0.09722,0.17939,0.58897,0.97485,1.01795,5.7414,4.9409,4.27889,3.72766,3.31737
2007-02-28,5.9110000000000005,6.307,6.307,5.9110000000000005,70778.34,600971,0.10012,0.12706,0.30905,0.77562,1.18009,1.22312,5.8836,5.01181,4.32332,3.75541,3.33148
2007-03-01,6.586,6.635,6.652,6.232,94977.74,600971,0.05201,0.15653,0.39596,0.8405,1.25297,1.29903,6.0632,5.10143,4.37219,3.78541,3.34672
2007-03-02,6.232,5.973,6.347,5.973,125191.03,600971,-0.09977,0.07758,0.31767,0.6689,1.03926,1.07612,6.1492,5.17,4.41081,3.81016,3.3593
2007-03-05,5.667999999999999,5.609,5.752999999999999,5.415,108496.65,600971,-0.06094,-0.08019,0.22414,0.52129,0.91042,0.99042,6.0514,5.2189,4.44181,3.83189,3.37065
2007-03-06,5.553,5.494,5.553,5.35,56210.2,600971,-0.0205,-0.04169,0.16472,0.52399,0.83684,0.94754,6.0036,5.2559,4.47227,3.85224,3.38151
2007-03-07,5.51,5.602,5.638,5.51,52742.88,600971,0.01966,-0.11178,0.14866,0.57847,0.85251,1.0,5.8626,5.29043,4.50539,3.8732,3.3929
2007-03-08,5.602,5.667999999999999,5.6739999999999995,5.51,52080.59,600971,0.01178,-0.14574,0.2632,0.561,0.88243,1.03519,5.6692,5.34667,4.53824,3.8948,3.40462
2007-03-09,5.667999999999999,5.632000000000001,5.756,5.625,53245.54,600971,-0.00635,-0.05709,0.21092,0.48916,0.86861,1.00856,5.601,5.39338,4.56808,3.91609,3.41611
2007-03-12,5.609,5.638,5.684,5.481,47791.49,600971,0.00107,0.00517,0.25652,0.48564,0.88878,1.08121,5.6068,5.44819,4.59781,3.93766,3.42802
2007-03-13,5.632000000000001,5.77,5.792000000000001,5.579,52235.36,600971,0.02341,0.05024,0.27655,0.54031,0.96325,1.06958,5.662,5.50771,4.63045,3.96067,3.44014
2007-03-14,5.733,5.599,5.737,5.537000000000001,38364.7,600971,-0.02964,-0.00054,0.21243,0.56048,0.85952,1.05393,5.6614,5.55443,4.66289,3.98172,3.45182
2007-03-15,5.569,5.625,5.691,5.55,36337.86,600971,0.00464,-0.00759,0.22416,0.56598,0.87438,1.19898,5.6528,5.60348,4.69568,4.00305,3.46429
2007-03-16,5.619,5.461,5.667999999999999,5.405,48129.29,600971,-0.02916,-0.03036,0.17013,0.6057,0.8041,1.10768,5.6186,5.64129,4.7289,4.02284,3.47596
2007-03-19,5.281000000000001,5.399,5.461,5.2379999999999995,52697.65,600971,-0.01135,-0.04239,0.15586,0.53686,0.81907,1.10487,5.5708,5.67595,4.75932,4.0426,3.48748
2007-03-20,5.412000000000001,5.812,5.888,5.412000000000001,88416.79,600971,0.0765,0.00728,0.1981,0.66676,0.96418,1.27209,5.5792,5.72171,4.79682,4.0658,3.5007
2007-03-21,5.848,5.779,5.865,5.681,50274.35,600971,-0.00568,0.03215,0.10603,0.64503,0.95965,1.25566,5.6152,5.7481,4.83337,4.0888,3.51378
2007-03-23,5.779,5.619,5.937,5.478,45948.4,600971,-0.02769,-0.00107,0.00411,0.54879,0.89065,1.15783,5.614,5.74919,4.86548,4.11033,3.52604
2007-03-26,5.622000000000001,5.681,5.684,5.5329999999999995,51179.93,600971,0.01103,0.04029,-0.00976,0.50331,0.92446,1.13813,5.658,5.74652,4.89616,4.13251,3.53833
2007-03-27,5.688,5.6579999999999995,5.697,5.602,47332.74,600971,-0.00405,0.04797,0.02075,0.46542,0.94701,1.14318,5.7098,5.752,4.92515,4.15489,3.5506
2007-03-28,5.6579999999999995,5.606,5.72,5.412000000000001,55020.3,600971,-0.00919,-0.03544,-0.08068,0.48621,0.86804,1.15532,5.6686,5.72857,4.95473,4.17607,3.56281
2007-03-29,5.632000000000001,5.4910000000000005,5.635,5.484,40435.15,600971,-0.02051,-0.04984,-0.04221,0.45457,0.81942,1.09022,5.611,5.71705,4.9824,4.19617,3.57446
2007-03-30,5.497000000000001,5.546,5.606,5.478,27541.94,600971,0.01002,-0.01299,-0.12066,0.42205,0.81005,1.07172,5.5964,5.68081,5.00895,4.21635,3.58612
2007-04-02,5.55,5.622000000000001,5.627999999999999,5.494,43651.51,600971,0.0137,-0.01039,-0.15268,0.40832,0.8653,1.04065,5.5846,5.63257,5.03524,4.23755,3.59777
2007-04-03,5.648,5.888,5.904,5.635,91461.29,600971,0.04731,0.04065,-0.01423,0.47384,0.95096,1.13179,5.6306,5.62852,5.06577,4.26089,3.61048
2007-04-04,5.888,5.7989999999999995,5.888,5.742999999999999,56337.74,600971,-0.01512,0.03443,0.03387,0.49574,0.96244,1.14539,5.6692,5.63757,5.09677,4.28401,3.62307
2007-04-05,5.7989999999999995,5.852,5.855,5.742999999999999,41757.38,600971,0.00914,0.06574,0.06516,0.50669,1.0,1.12645,5.7414,5.65462,5.12852,4.3078,3.63567
2007-04-06,5.8020000000000005,6.042000000000001,6.098,5.752999999999999,80376.41,600971,0.03247,0.08943,0.07854,0.55042,1.06282,1.24944,5.8406,5.67557,5.16311,4.33311,3.64931
2007-04-09,6.077999999999999,6.071000000000001,6.18,5.996,67007.1,600971,0.0048,0.07986,0.0711,0.54636,1.06146,1.26784,5.9304,5.69476,5.19771,4.35852,3.66311
2007-04-10,6.127000000000001,6.093999999999999,6.13,5.871,52238.27,600971,0.00379,0.03499,0.08203,0.54552,1.06436,1.25787,5.9716,5.71676,5.2324,4.38407,3.67691
2007-04-11,6.093999999999999,6.037999999999999,6.101,5.979,51360.12,600971,-0.00919,0.04121,0.07095,0.41704,1.00332,1.13583,6.0194,5.73581,5.26106,4.40865,3.68996
2007-04-12,6.035,6.222,6.247999999999999,6.035,63756.21,600971,0.03047,0.06323,0.07834,0.44362,1.04873,1.11921,6.0934,5.75733,5.2919,4.43454,3.70332
2007-04-13,6.225,6.114,6.314,6.101,63193.71,600971,-0.01736,0.01192,0.09198,0.39303,1.02853,1.08954,6.1078,5.78186,5.31973,4.45975,3.71628
2007-04-17,6.553,6.511,6.724,6.334,88337.02,600971,0.06493,0.07248,0.15751,0.4179,1.12987,1.22067,6.1958,5.82405,5.35068,4.48783,3.73083
2007-04-18,6.544,6.885,6.954,6.428999999999999,72120.25,600971,0.05744,0.1298,0.26076,0.48352,1.26183,1.38565,6.354,5.89186,5.38687,4.51906,3.74708
2007-04-19,6.898,6.547000000000001,7.0520000000000005,6.265,77495.53,600971,-0.04909,0.0843,0.21263,0.54483,1.11194,1.31261,6.4558,5.94652,5.42411,4.54708,3.76219
2007-04-20,6.625,6.75,6.892,6.564,57877.17,600971,0.03101,0.08486,0.16139,0.52542,1.15242,1.27656,6.5614,5.99119,5.46161,4.57646,3.77757
2007-04-23,6.752999999999999,7.058,7.102,6.752999999999999,70434.34,600971,0.04563,0.1544,0.22132,0.58571,1.19124,1.32095,6.7502,6.0521,5.50366,4.60766,3.7939
2007-04-24,7.102,6.928999999999999,7.202999999999999,6.865,74376.41,600971,-0.01828,0.0642,0.23314,0.58016,1.14454,1.34167,6.8338,6.11448,5.54469,4.63772,3.81004
2007-04-25,6.852,6.645,6.852,6.561,55450.17,600971,-0.04099,-0.03486,0.16969,0.49058,0.99191,1.35555,6.7858,6.16038,5.57997,4.66463,3.82559
2007-04-26,6.627999999999999,6.726,6.763999999999999,6.627999999999999,38524.89,600971,0.01219,0.02734,0.18876,0.44118,1.05877,1.32251,6.8216,6.21124,5.61318,4.69275,3.84115
2007-04-27,6.767,6.574,6.797000000000001,6.553999999999999,45172.81,600971,-0.0226,-0.02607,0.17267,0.3524,0.99031,1.27003,6.7864,6.25733,5.64081,4.71934,3.85611
2007-04-30,6.534,6.456,6.534,6.358,55468.16,600971,-0.01795,-0.08529,0.17574,0.33998,0.89827,1.24167,6.666,6.30329,5.66723,4.74418,3.87064
2007-05-08,6.502999999999999,6.689,6.693,6.492999999999999,65383.34,600971,0.03609,-0.03464,0.20609,0.40732,0.9991,1.34373,6.618,6.35771,5.69845,4.77136,3.88623
2007-05-09,6.723,6.625,6.794,6.496,60219.6,600971,-0.00957,-0.00301,0.17841,0.4615,1.01797,1.25417,6.614,6.40548,5.73219,4.79853,3.90122
2007-05-10,6.632000000000001,6.75,6.803999999999999,6.53,63624.43,600971,0.01887,0.00357,0.1464,0.47316,1.10411,1.28426,6.6188,6.44652,5.76716,4.82733,3.91664
2007-05-11,6.763999999999999,6.655,6.78,6.593999999999999,46617.48,600971,-0.01407,0.01232,0.14761,0.41085,1.02095,1.35076,6.635,6.48729,5.79842,4.85466,3.93219
2007-05-14,6.593999999999999,6.689,6.763999999999999,6.52,55797.45,600971,0.00511,0.03609,0.14303,0.37154,1.02513,1.28371,6.6816,6.52714,5.82765,4.88219,3.94747
2007-05-15,6.723,6.899,7.0,6.723,112583.99,600971,0.03139,0.03139,0.14184,0.53755,1.03811,1.4207,6.7236,6.56795,5.86655,4.91076,3.96393
2007-05-16,6.852,7.053999999999999,7.068,6.627999999999999,79801.35,600971,0.02247,0.06475,0.16192,0.51666,1.07166,1.57539,6.8094,6.61476,5.90531,4.94042,3.98147
2007-05-17,7.119,7.207000000000001,7.271,7.017,93115.55,600971,0.02169,0.0677,0.18264,0.6062,1.09445,1.60934,6.9008,6.66776,5.94918,4.97104,3.99954
2007-05-18,7.142,7.511,7.667000000000001,7.102,104943.89,600971,0.04218,0.12863,0.24395,0.66173,1.16206,1.64751,7.072,6.7379,5.99742,5.00386,4.01854
2007-05-21,7.278,8.262,8.262,7.278,121091.48,600971,0.09999,0.23516,0.32787,0.78909,1.20379,1.8529,7.3866,6.83505,6.05619,5.04055,4.04035
2007-05-22,8.549,8.323,8.927999999999999,8.267999999999999,140067.92,600971,0.00738,0.20641,0.3613,0.81132,1.26353,1.74324,7.6714,6.94024,6.11632,5.07833,4.06185
2007-05-23,8.38,8.691,8.732000000000001,8.218,81065.69,600971,0.04421,0.23207,0.33482,0.86222,1.27216,1.82175,7.9988,7.04405,6.18123,5.11789,4.08466
2007-05-24,8.789,8.661,8.789,8.285,65911.2,600971,-0.00345,0.20175,0.25795,0.85421,1.40717,1.60403,8.2896,7.12862,6.24558,5.15905,4.10635
2007-05-25,8.454,8.617,8.789,8.387,57663.06,600971,-0.00508,0.14725,0.31618,0.77633,1.47118,1.74777,8.5108,7.22719,6.30632,5.20076,4.12863
2007-05-28,8.86,9.32,9.469,8.86,67433.16,600971,0.08158,0.12806,0.38074,0.78373,1.64322,2.02892,8.7224,7.34957,6.37237,5.24786,4.15401
2007-05-29,9.327,9.435,9.537,9.1,56829.31,600971,0.01234,0.13361,0.33678,0.68603,1.77663,2.11283,8.9448,7.46276,6.43429,5.29694,4.18004
2007-05-30,8.793,8.624,9.427999999999999,8.492,81326.33,600971,-0.08596,-0.00771,0.24462,0.50322,1.53275,1.76499,8.9314,7.54348,6.48085,5.33937,4.20242
2007-05-31,8.583,9.418,9.486,8.387,92661.61,600971,0.09207,0.0874,0.41731,0.69908,1.76593,1.95977,9.0828,7.67552,6.54335,5.38826,4.22777
2007-06-01,9.368,8.478,9.645,8.478,61526.72,600971,-0.09981,-0.01613,0.26048,0.39029,1.34978,1.8402,9.055,7.75895,6.58174,5.42785,4.2501
2007-06-04,8.339,7.636,8.823,7.629,55487.31,600971,-0.09932,-0.18069,0.16155,0.33194,1.14977,1.63038,8.7182,7.80952,6.61244,5.46106,4.26934
2007-06-05,7.537999999999999,8.289,8.302,6.928999999999999,52324.0,600971,0.08552,-0.12146,0.28392,0.31425,1.29931,1.7741,8.489,7.89681,6.6444,5.49914,4.29089
2007-06-06,8.318999999999999,9.117,9.117,7.947,65794.08,600971,0.09989,0.05717,0.36298,0.37408,1.54736,2.03092,8.5876,8.01243,6.68444,5.54416,4.31572
2007-06-07,9.209,9.28,9.672,8.796,59985.94,600971,0.01788,-0.01465,0.40075,0.55366,1.51695,2.03864,8.56,8.13886,6.73777,5.58963,4.34103
2007-06-08,9.259,9.236,9.435,8.996,34106.33,600971,-0.00474,0.08941,0.3683,0.64664,1.562,1.94234,8.7116,8.25724,6.79627,5.63541,4.36581
2007-06-11,9.242,9.675,9.857999999999999,9.242,49107.24,600971,0.04753,0.26702,0.45379,0.76101,1.72612,2.1443,9.1194,8.40105,6.86371,5.68522,4.39263
2007-06-12,9.665,9.817,10.139,9.023,43045.62,600971,0.01468,0.18434,0.46763,0.75241,1.70366,2.09489,9.425,8.55,6.93169,5.73551,4.41965
2007-06-13,9.908999999999999,9.662,10.21,9.506,57900.41,600971,-0.01579,0.05978,0.40049,0.70466,1.55473,2.12686,9.534,8.68157,6.99611,5.78332,4.44636
2007-06-14,9.706,9.476,9.706,9.401,29911.9,600971,-0.01925,0.02112,0.34335,0.68253,1.49697,1.978,9.5732,8.7969,7.05811,5.8295,4.47195
2007-06-15,9.466000000000001,9.56,9.613999999999999,9.317,20479.59,600971,0.00886,0.03508,0.32649,0.69564,1.55206,1.99218,9.638,8.90895,7.12137,5.87677,4.49782
2007-06-18,9.625,9.641,9.875,9.56,24578.58,600971,0.00847,-0.00351,0.28358,0.67088,1.68701,2.27702,9.6312,9.01038,7.18381,5.92598,4.52505
2007-06-19,9.601,9.804,9.855,9.327,33597.78,600971,0.01691,-0.00132,0.18664,0.75103,1.7294,2.30658,9.6286,9.08381,7.25163,5.97649,4.55285
2007-06-20,9.841000000000001,9.476,10.078,9.469,31603.04,600971,-0.03346,-0.01925,0.13853,0.68462,1.78624,2.27549,9.5914,9.13871,7.31374,6.02588,4.57961
2007-06-21,9.3,9.479,9.699,9.249,21037.1,600971,0.00032,0.00032,0.09067,0.73576,1.69826,2.25851,9.592,9.17624,7.37855,6.07438,4.60632
2007-06-22,9.469,9.111,9.604,8.725,28249.57,600971,-0.03882,-0.04697,0.05196,0.68753,1.61285,2.117,9.5022,9.19767,7.43842,6.12011,4.63148
2007-06-25,9.111,9.029,9.226,8.793,26399.71,600971,-0.009,-0.06348,0.04781,0.55351,1.57017,2.19385,9.3798,9.21729,7.49031,6.16495,4.65669
2007-06-26,8.634,9.077,9.083,8.634,10977.54,600971,0.00532,-0.07415,-0.02607,0.57069,1.50193,2.16603,9.2344,9.20571,7.5435,6.20925,4.68193
2007-06-27,9.131,9.439,9.452,8.927999999999999,14449.69,600971,0.03988,-0.0039,0.00042,0.67984,1.49775,2.20836,9.227,9.2059,7.60511,6.25527,4.70834
2007-06-28,9.469,8.749,9.503,8.732000000000001,11058.49,600971,-0.0731,-0.07701,0.01449,0.54005,1.26599,1.94381,9.081,9.21186,7.6546,6.29501,4.73183
2007-06-29,8.64,8.267999999999999,8.725,8.049,15619.66,600971,-0.05498,-0.09253,-0.12211,0.46129,1.19194,1.80081,8.9124,9.1571,7.69669,6.33156,4.75343
2007-07-02,8.248,8.417,8.546,8.211,14958.95,600971,0.01802,-0.06778,-0.0072,0.50143,1.22967,1.72395,8.79,9.15419,7.74203,6.3693,4.77509
2007-07-03,8.437999999999999,8.525,8.59,8.356,6921.88,600971,0.01283,-0.06081,0.11642,0.55254,1.1859,1.71843,8.6796,9.19652,7.79097,6.4069,4.797
2007-07-04,8.58,8.627,9.019,8.522,14696.27,600971,0.01196,-0.08603,0.04078,0.55554,1.16107,1.85284,8.5172,9.21262,7.84066,6.44459,4.81977
2007-07-05,8.492,8.187000000000001,8.657,8.184,8667.89,600971,-0.051,-0.06424,-0.10201,0.45624,1.04931,1.68426,8.4048,9.16833,7.88203,6.47867,4.84065
2007-07-06,8.218,8.532,8.573,7.849,9898.61,600971,0.04214,0.03193,-0.0806,0.44905,1.20067,1.8459,8.4576,9.13271,7.92468,6.51651,4.86315
2007-07-09,8.617,8.911,9.08,8.559,13539.22,600971,0.04442,0.05869,-0.03519,0.53664,1.29428,1.96539,8.5564,9.11724,7.97487,6.55738,4.88716
2007-07-10,8.914,8.458,8.962,8.454,18601.13,600971,-0.05084,-0.00786,-0.12579,0.44532,1.17039,1.74343,8.543,9.05929,8.0169,6.59446,4.90901
2007-07-11,8.323,8.525,8.617,8.267999999999999,8449.58,600971,0.00792,-0.01182,-0.13161,0.41096,1.17142,1.73588,8.5226,8.99776,8.05695,6.63185,4.931
2007-07-12,8.539,8.522,8.651,8.454,6746.25,600971,-0.00035,0.04092,-0.11799,0.40372,1.1613,1.67567,8.5896,8.94348,8.09648,6.66908,4.95269
2007-07-13,8.475,8.549,8.624,8.475,4189.35,600971,0.00317,0.00199,-0.09783,0.40286,1.00634,1.74976,8.593,8.89933,8.13608,6.70394,4.9748
2007-07-16,8.566,8.238,8.59,8.221,9428.34,600971,-0.03638,-0.07552,-0.13828,0.36436,0.91137,1.6948,8.4584,8.83638,8.17156,6.73588,4.99587
2007-07-17,8.238,8.4,8.522,8.123,7481.26,600971,0.01966,-0.00686,-0.12872,0.35005,0.91388,1.67601,8.4468,8.77729,8.20669,6.76849,5.01725
2007-07-18,8.353,8.262,8.417,8.184,5927.86,600971,-0.01643,-0.03085,-0.15728,0.35132,0.79922,1.67638,8.3942,8.70386,8.24134,6.79833,5.03829
2007-07-19,8.252,8.302,8.448,8.167,9610.47,600971,0.00484,-0.02582,-0.12389,0.27507,0.78884,1.68152,8.3502,8.64795,8.27023,6.82809,5.05945
2007-07-20,8.417,8.687999999999999,8.715,8.267999999999999,13227.68,600971,0.04649,0.01626,-0.08345,0.26187,1.05002,1.8062,8.378,8.61029,8.29931,6.86427,5.08218
2007-07-23,8.677999999999999,9.151,9.283,8.674,27485.11,600971,0.05329,0.11083,0.00439,0.39774,1.06802,1.94339,8.5606,8.61219,8.34131,6.90269,5.10674
2007-07-24,9.198,9.168,9.52,9.134,19647.62,600971,0.00186,0.09143,0.01539,0.35822,1.05976,2.16903,8.7142,8.61881,8.38031,6.94104,5.13225
2007-07-25,9.205,9.844,9.908999999999999,9.205,30250.58,600971,0.07373,0.19148,0.0845,0.39473,1.24493,2.4027,9.0306,8.65533,8.42524,6.98542,5.16051
2007-07-26,9.966000000000001,9.804,9.97,9.648,18030.55,600971,-0.00406,0.18092,0.03867,0.41492,1.19919,2.34379,9.331,8.67271,8.47161,7.02889,5.18844
2007-07-27,9.631,9.919,10.247,9.537,24185.3,600971,0.01173,0.14169,0.13373,0.4927,1.12535,2.40508,9.5772,8.72843,8.52442,7.07159,5.21692
2007-07-30,10.044,10.23,10.467,9.936,25217.77,600971,0.03135,0.11791,0.2373,0.52096,1.10451,2.57692,9.793,8.82186,8.58094,7.11524,5.24688
2007-07-31,10.22,10.105,10.652999999999999,10.095,25961.95,600971,-0.01222,0.1022,0.20055,0.53712,1.09734,2.48088,9.9804,8.90224,8.63789,7.15822,5.27616
2007-08-01,10.145,9.604,10.550999999999998,9.249,23658.58,600971,-0.04958,-0.02438,0.12657,0.48761,1.02062,2.29694,9.9324,8.95362,8.68866,7.19766,5.30336
2007-08-02,9.607999999999999,9.857999999999999,9.976,9.604,26948.63,600971,0.02645,0.00551,0.14269,0.47376,1.17472,2.38414,9.9432,9.01224,8.73977,7.24095,5.33159
2007-08-03,9.976,10.135,10.280999999999999,9.794,28593.62,600971,0.0281,0.02178,0.23794,0.52981,1.21192,2.42978,9.9864,9.105,8.79639,7.2861,5.36078
2007-08-06,10.314,10.101,10.314,9.976,19789.24,600971,-0.00335,-0.01261,0.1839,0.49644,1.1414,2.41365,9.9606,9.17971,8.85044,7.32987,5.38981
2007-08-07,10.112,10.112,10.453,9.756,42486.73,600971,0.00109,0.00069,0.13478,0.51946,1.07341,2.4642,9.962,9.2369,8.90619,7.37243,5.41905
2007-08-08,10.027000000000001,9.78,10.037,9.53,14235.36,600971,-0.03283,0.01833,0.1563,0.4621,1.17963,2.32766,9.9972,9.29986,8.95605,7.41546,5.44686
2007-08-09,9.773,9.804,9.942,9.675,9644.97,600971,0.00245,-0.00548,0.15003,0.42108,1.10793,2.27346,9.9864,9.36076,9.0029,7.45736,5.47454
2007-08-10,9.804,9.554,9.804,9.361,12688.65,600971,-0.0255,-0.05733,0.1211,0.35441,1.12926,2.23645,9.8702,9.4099,9.04323,7.49855,5.50137
2007-08-13,9.537,9.783999999999999,9.79,9.232000000000001,21421.74,600971,0.02407,-0.03138,0.14446,0.35757,1.1646,2.28543,9.8068,9.46871,9.08479,7.54135,5.52904
2007-08-14,9.79,10.277000000000001,10.347999999999999,9.706,30928.6,600971,0.05039,0.01632,0.24751,0.36826,1.22542,2.46962,9.8398,9.56581,9.1294,7.58736,5.55878
2007-08-15,10.247,10.95,11.017999999999999,9.814,45484.91,600971,0.06549,0.11963,0.30357,0.32534,1.38303,2.85428,10.0738,9.68724,9.17276,7.63902,5.59174
2007-08-16,10.923,11.163,11.549000000000001,10.686,29792.81,600971,0.01945,0.13862,0.35113,0.34122,1.3919,3.05632,10.3456,9.82538,9.21856,7.69184,5.62593
2007-08-17,10.991,11.265,11.532,10.872,22508.98,600971,0.00914,0.17909,0.3569,0.29617,1.41169,2.98902,10.6878,9.96648,9.26008,7.74545,5.66024
2007-08-20,11.447000000000001,12.124,12.235,11.447000000000001,38878.41,600971,0.07625,0.23917,0.39549,0.39984,1.49928,3.3331,11.1558,10.1301,9.31594,7.80458,5.69815
2007-08-21,12.344000000000001,12.177999999999999,12.344000000000001,11.853,18448.16,600971,0.00445,0.18498,0.33078,0.41325,1.33072,3.27298,11.536,10.27424,9.37337,7.86111,5.73607
2007-08-22,12.022,11.9,12.174000000000001,11.782,19661.09,600971,-0.02283,0.08676,0.29799,0.27682,1.12652,3.17544,11.726,10.40433,9.41498,7.91236,5.77286
2007-08-23,11.907,12.293,12.442,11.735,14192.9,600971,0.03303,0.10123,0.24878,0.30291,1.14276,3.37318,11.952,10.52095,9.46108,7.96566,5.81141
2007-08-24,12.293,12.939,13.023,12.293,17769.49,600971,0.05255,0.1486,0.31977,0.50035,1.3343,3.51939,12.2868,10.67024,9.53068,8.02579,5.85237
2007-08-27,12.918,12.567,13.087,12.53,27841.69,600971,-0.02875,0.03654,0.26696,0.33436,1.06084,3.28031,12.3754,10.79633,9.58147,8.07838,5.89152
2007-08-28,12.573,12.658,12.878,12.276,11633.02,600971,0.00724,0.03942,0.23734,0.49304,1.20792,3.36032,12.4714,10.91195,9.64889,8.13468,5.93117
2007-08-29,12.658,13.331,13.357999999999999,12.398,20390.73,600971,0.05317,0.12025,0.31925,0.74581,1.11368,3.60802,12.7576,11.06557,9.74074,8.19179,5.9736
2007-08-30,13.357999999999999,13.172,13.527000000000001,12.985999999999999,11940.54,600971,-0.01193,0.0715,0.37151,0.58909,0.98523,3.47267,12.9334,11.23548,9.8195,8.24493,6.01517
2007-08-31,13.192,13.662,13.727,12.945,12428.45,600971,0.0372,0.05588,0.38588,0.49852,1.28729,3.66439,13.078,11.41662,9.89281,8.30745,6.0588
2007-09-03,13.747,15.029000000000002,15.029000000000002,13.696,10881.38,600971,0.10006,0.19591,0.48288,0.6195,1.67944,4.11887,13.5704,11.64967,9.98553,8.38403,6.10796
2007-09-05,15.200999999999999,15.806,16.293,14.981,14736.38,600971,0.0517,0.2487,0.5648,0.71135,1.87696,4.28452,14.2,11.92133,10.0915,8.46787,6.16006
2007-09-06,15.955,15.827,16.124000000000002,15.387,15620.5,600971,0.00133,0.18723,0.56517,0.63587,1.82524,4.2338,14.6992,12.19348,10.19073,8.551,6.2121
2007-09-07,15.690999999999999,15.167,16.097,15.15,14873.81,600971,-0.0417,0.15146,0.55082,0.54497,1.6759,4.0372,15.0982,12.45,10.27702,8.62823,6.26152
2007-09-10,14.88,14.613,14.947000000000001,14.203,23564.92,600971,-0.03653,0.06961,0.49051,0.51242,1.59464,3.84837,15.2884,12.679,10.35687,8.70124,6.30867
2007-09-11,14.559000000000001,13.574000000000002,15.387,13.527000000000001,23336.33,600971,-0.0711,-0.09681,0.42077,0.43246,1.40759,3.5474,14.9974,12.87043,10.42297,8.76576,6.35171
2007-09-12,13.564,14.904000000000002,14.914000000000001,13.564,28981.95,600971,0.09798,-0.05707,0.5233,0.559,1.58302,4.07111,14.817,13.11424,10.50916,8.84002,6.40035
2007-09-13,15.15,16.395,16.395,14.914000000000001,28329.65,600971,0.10004,0.03589,0.59531,0.70055,1.9282,4.44503,14.9306,13.40557,10.6181,8.9278,6.45476
2007-09-14,16.395,16.266,16.807000000000002,15.901,14987.73,600971,-0.00787,0.07246,0.48548,0.65912,1.89173,4.42019,15.1504,13.65871,10.72232,9.01431,6.50868
2007-09-17,16.202,16.331,16.777,16.063,10038.59,600971,0.004,0.11757,0.46296,0.72341,1.99048,4.39511,15.494,13.90481,10.83289,9.10268,6.56276
2007-09-18,16.331,16.625,16.74,15.962,9285.69,600971,0.018,0.22477,0.47581,0.75388,2.07927,4.60142,16.1042,14.16005,10.94815,9.19395,6.61828
2007-09-19,16.676,16.726,17.687,16.463,12184.17,600971,0.00608,0.12225,0.37958,0.8358,1.87784,4.65259,16.4686,14.37919,11.07097,9.28268,6.67424
2007-09-20,18.4,18.387,18.4,17.183,21197.67,600971,0.09931,0.1215,0.50985,1.03644,2.18169,5.23499,16.867,14.67486,11.2219,9.38519,6.737
2007-09-21,18.769000000000002,19.719,19.905,18.028,23574.27,600971,0.07244,0.21228,0.65706,1.17241,2.50934,5.63493,17.5576,15.04719,11.39355,9.49982,6.80507
2007-09-24,19.344,19.043,20.291,18.82,17395.4,600971,-0.03428,0.16606,0.54909,1.01748,2.35205,5.45088,18.1,15.36862,11.54845,9.60846,6.87048
2007-09-25,18.904,18.16,18.904,17.585,17358.89,600971,-0.04637,0.09233,0.40351,1.07567,2.20961,5.24914,18.407,15.61724,11.70024,9.7101,6.93249
2007-09-26,18.125999999999998,18.052,18.532,17.754,6992.23,600971,-0.00595,0.07928,0.43646,1.18336,2.22012,5.01533,18.6722,15.87843,11.85805,9.81128,6.99367
2007-09-27,18.093,18.6,18.772000000000002,17.94,10388.14,600971,0.03036,0.01158,0.46943,1.20981,2.38736,5.16302,18.7148,16.16138,12.02229,9.91786,7.05702
2007-09-28,19.066,19.219,19.648,18.667,9824.97,600971,0.03328,-0.02536,0.44168,1.25443,2.46538,5.27252,18.6148,16.44176,12.19477,10.02902,7.12269
2007-10-08,19.614,19.455,19.746,18.667,6853.1,600971,0.01228,0.02164,0.477,1.25513,2.46051,5.45488,18.6972,16.74095,12.36942,10.14149,7.18952
2007-10-09,19.28,18.938,19.410999999999998,18.211,8907.26,600971,-0.02657,0.04284,0.38618,1.31318,2.21637,5.27502,18.8528,16.99219,12.54282,10.24759,7.25424
2007-10-10,19.104,18.602999999999998,19.871,18.461,7951.77,600971,-0.01769,0.03052,0.23781,1.18038,2.20797,5.29543,18.963,17.16238,12.70526,10.35168,7.31785
2007-10-11,18.742,18.904,19.442,18.532,9142.22,600971,0.01618,0.01634,0.196,1.12142,2.23035,5.4607,19.0238,17.3099,12.86644,10.4578,7.3828
2007-10-12,18.938,18.759,19.269000000000002,17.585,10276.14,600971,-0.00767,-0.02393,0.18525,1.2179,2.10477,5.40457,18.9318,17.44952,13.03258,10.56119,7.44715
2007-10-15,18.749000000000002,17.927,18.752,17.917,11499.66,600971,-0.04435,-0.07854,0.18197,1.10287,1.95289,5.08727,18.6262,17.58095,13.18423,10.65758,7.50805
2007-10-16,17.923,19.715999999999998,19.719,17.788,15543.86,600971,0.09979,0.04108,0.34921,1.31354,2.23531,5.67886,18.7818,17.82395,13.36477,10.76833,7.5762
2007-10-17,19.909000000000002,18.837,19.909000000000002,18.660999999999998,9150.38,600971,-0.04458,0.01258,0.38773,1.20342,2.11974,5.24983,18.8286,18.07457,13.53071,10.87238,7.64052
2007-10-18,18.769000000000002,17.974,18.769000000000002,17.93,5616.54,600971,-0.04581,-0.0492,0.20598,1.18184,1.88878,4.91834,18.6426,18.22076,13.68774,10.96793,7.70124
2007-10-19,18.227999999999998,18.13,18.559,17.923,3749.69,600971,0.00868,-0.03353,0.10582,1.15833,1.96533,5.01526,18.5168,18.30338,13.84468,11.06562,7.76268
2007-10-22,17.349,17.044,18.221,16.74,7362.05,600971,-0.0599,-0.04926,0.04783,1.06294,1.61772,4.5754,18.3402,18.34043,13.98632,11.15125,7.81954
2007-10-23,16.757,17.02,17.535,15.894,11469.09,600971,-0.00141,-0.13674,0.04219,1.05011,1.47204,4.59133,17.801,18.37324,14.12694,11.23365,7.87635
2007-10-24,17.02,16.483,17.2,16.469,4223.32,600971,-0.03155,-0.12497,-0.00854,0.89721,1.51764,4.3171,17.3302,18.36648,14.25266,11.31443,7.93076
2007-10-25,16.233,15.384,16.435,14.88,6784.11,600971,-0.06667,-0.1441,-0.08023,0.68113,1.27911,3.90561,16.8122,18.30257,14.35319,11.38463,7.98054
2007-10-26,15.220999999999998,15.634,15.793,15.184000000000001,5553.84,600971,0.01625,-0.13767,-0.14973,0.70528,1.21508,3.85377,16.313,18.17148,14.45748,11.45435,8.031
2007-10-29,15.793,16.963,17.195999999999998,15.658,12393.83,600971,0.08501,-0.00475,-0.13976,0.72318,1.44812,4.25008,16.2968,18.04024,14.57231,11.53593,8.08683
2007-10-30,17.382,17.179000000000002,17.585,16.574,10021.82,600971,0.01273,0.00934,-0.09788,0.75224,1.58525,4.14958,16.3286,17.95148,14.69126,11.62157,8.1431
2007-10-31,17.619,17.061,17.619,16.767,6557.34,600971,-0.00687,0.03507,-0.06052,0.72003,1.53657,4.22222,16.4442,17.89914,14.80645,11.70559,8.19917
2007-11-01,17.325,16.909000000000002,17.578,16.906,9095.54,600971,-0.00891,0.09913,-0.06332,0.65288,1.5721,4.11929,16.7492,17.84471,14.91418,11.78962,8.25448
2007-11-02,16.233,15.434000000000001,16.74,15.218,13066.42,600971,-0.08723,-0.01279,-0.17022,0.52736,1.39064,3.53808,16.7092,17.69395,15.00013,11.86261,8.30339
2007-11-05,15.556,14.501,15.556,14.433,20701.39,600971,-0.06045,-0.14514,-0.24549,0.50989,1.16789,3.33383,16.2168,17.46929,15.07911,11.92612,8.34874
2007-11-06,14.542,14.606,14.812000000000001,14.405999999999999,8018.19,600971,0.00724,-0.14978,-0.24924,0.48164,1.20468,3.44898,15.7022,17.23838,15.15569,11.99101,8.39477
2007-11-07,14.606,15.015,15.039000000000001,14.515,5795.22,600971,0.028,-0.11992,-0.20715,0.4815,1.22444,3.68049,15.293,17.05157,15.2344,12.0582,8.44276
2007-11-08,14.914000000000001,14.295,14.914000000000001,14.270999999999999,7183.19,600971,-0.04795,-0.15459,-0.23158,0.41521,1.14801,3.34103,14.7702,16.84643,15.30205,12.12032,8.48749
2007-11-09,14.203,14.295,14.642999999999999,13.899000000000001,5096.22,600971,0.0,-0.0738,-0.24381,0.41367,1.13709,3.32788,14.5424,16.62695,15.36952,12.18215,8.53217
2007-11-12,13.865,12.878,14.203,12.864,8429.84,600971,-0.09913,-0.11192,-0.3135,0.31677,0.86665,2.80443,14.2178,16.3469,15.41948,12.23076,8.57076
2007-11-13,13.128,12.614,13.463,12.546,7025.9,600971,-0.0205,-0.13638,-0.29637,0.28662,0.78821,2.70455,13.8194,16.0939,15.46481,12.27597,8.6082
2007-11-14,12.898,13.875,13.875,12.712,8760.81,600971,0.09997,-0.07592,-0.29626,0.45227,0.92521,3.03226,13.5914,15.81576,15.5345,12.33018,8.65061
2007-11-15,13.967,13.547,14.527999999999999,13.493,10704.1,600971,-0.02364,-0.05233,-0.28083,0.38461,0.80362,2.89954,13.4418,15.56386,15.59519,12.37925,8.69156
2007-11-16,13.097999999999999,13.997,14.109000000000002,13.097999999999999,4077.64,600971,0.03322,-0.02085,-0.22126,0.36197,0.69414,2.73353,13.3822,15.37448,15.65519,12.42588,8.73322
2007-11-19,13.967,14.126,14.373,13.696,4960.71,600971,0.00922,0.09691,-0.22085,0.29005,0.69722,2.84172,13.6318,15.18381,15.70642,12.47306,8.77569
2007-11-20,14.102,14.477,14.67,13.865,4537.99,600971,0.02485,0.14769,-0.15061,0.29687,0.66575,2.78484,14.0044,15.06157,15.75987,12.5201,8.81899
2007-11-21,14.525,14.527999999999999,15.218,14.288,10000.05,600971,0.00352,0.04706,-0.14642,0.28966,0.6774,3.0378,14.135,14.9429,15.8125,12.5678,8.86342
2007-11-22,14.237,13.550999999999998,14.433,13.527000000000001,8401.98,600971,-0.06725,0.0003,-0.17788,0.1177,0.57259,2.88615,14.1358,14.80329,15.83552,12.60791,8.90433
2007-11-23,13.564,14.095,14.126,13.087,3556.21,600971,0.04014,0.007,-0.08379,0.15742,0.51234,2.99745,14.1554,14.7419,15.86644,12.64673,8.9473
2007-11-26,14.508,14.092,14.606,13.869000000000002,5065.95,600971,-0.00021,-0.00241,-0.09863,0.1842,0.49359,3.14715,14.1486,14.66848,15.90179,12.68459,8.99077
2007-11-27,13.905999999999999,13.847999999999999,14.22,13.7,2395.33,600971,-0.01731,-0.04345,-0.18363,0.12649,0.60575,3.06696,14.0228,14.52014,15.92687,12.72707,9.03322
2007-11-28,13.882,13.865,14.305,13.790999999999999,4378.89,600971,0.00123,-0.04564,-0.19291,0.07157,0.47218,3.07195,13.8902,14.36233,15.94181,12.76322,9.07574
2007-11-29,14.203,14.538,14.592,13.865,6984.86,600971,0.04854,0.07284,-0.14788,0.15684,0.71479,3.02938,14.0876,14.24219,15.9736,12.81249,9.12017
2007-11-30,14.645999999999999,14.345999999999998,14.863,14.274000000000001,6002.47,600971,-0.01321,0.01781,-0.15158,0.13335,0.87873,3.03885,14.1378,14.12014,16.00082,12.86704,9.16405
2007-12-03,14.437000000000001,14.095,14.501,14.050999999999998,3005.91,600971,-0.0175,0.00021,-0.08676,0.05731,0.70045,2.90985,14.1384,14.05638,16.01315,12.91424,9.20669
2007-12-04,14.136,14.247,14.373,14.034,2196.18,600971,0.01078,0.02881,-0.01752,0.08161,0.56269,2.98072,14.2182,14.04429,16.03048,12.95595,9.25006
2007-12-05,14.034,14.542,14.710999999999999,14.034,12383.88,600971,0.02071,0.04883,-0.00438,0.06441,0.56703,2.94413,14.3536,14.04124,16.04468,12.99873,9.29418
2007-12-06,14.772,14.652999999999999,15.11,14.582,12537.88,600971,0.00763,0.00791,-0.02411,-0.02502,0.58651,3.06463,14.3766,14.024,16.03861,13.04277,9.33909
2007-12-07,14.642999999999999,14.887,14.947000000000001,14.545,8264.4,600971,0.01597,0.03771,0.04141,-0.05814,0.53871,3.1947,14.4848,14.05219,16.02379,13.08515,9.38518
2007-12-10,14.845999999999998,15.200999999999999,15.347000000000001,14.44,8291.8,600971,0.02109,0.07847,0.06338,-0.03955,0.54844,3.18645,14.706,14.09533,16.01369,13.12892,9.43222
2007-12-11,15.218,15.302999999999999,15.387,15.083,13341.1,600971,0.00671,0.07412,0.18831,0.00897,0.58383,3.04627,14.9172,14.21081,16.01589,13.17478,9.47905
2007-12-12,15.335999999999999,15.56,15.995999999999999,15.286,11627.56,600971,0.01679,0.07,0.23355,0.06481,0.64204,3.10013,15.1208,14.3511,16.03116,13.22424,9.52687
2007-12-13,15.455,14.958,15.965,14.88,11617.92,600971,-0.03869,0.02081,0.07805,0.10196,0.56464,2.99306,15.1818,14.40267,16.05348,13.26813,9.57245
2007-12-14,14.92,15.015,15.029000000000002,14.559000000000001,5095.49,600971,0.00381,0.0086,0.10836,0.00745,0.55741,3.18478,15.2074,14.47257,16.05527,13.31182,9.6189
2007-12-17,15.039000000000001,14.16,15.187999999999999,14.136,8641.75,600971,-0.05694,-0.06848,0.01165,-0.13632,0.44431,2.94209,14.9992,14.48033,16.01923,13.34724,9.66186
2007-12-18,14.197000000000001,14.542,15.515999999999998,14.197000000000001,13010.25,600971,0.02698,-0.04973,0.02945,-0.10599,0.53461,3.2758,14.847,14.50014,15.99142,13.38842,9.70715
2007-12-19,14.642999999999999,14.839,15.147,14.642999999999999,8493.71,600971,0.02042,-0.04634,0.02501,-0.09136,0.56546,3.22403,14.7028,14.51738,15.96735,13.432,9.75319
2007-12-20,14.822000000000001,15.248,15.252,14.748,10959.63,600971,0.02756,0.01939,0.04956,-0.08283,0.67358,3.37281,14.7608,14.55167,15.94515,13.48189,9.801
2007-12-21,14.914000000000001,15.658,15.671,14.914000000000001,8698.21,600971,0.02689,0.04282,0.15549,-0.06385,0.73419,3.45716,14.8894,14.652,15.92792,13.53579,9.85037
2007-12-24,15.880999999999998,16.243,16.402,15.783,18005.54,600971,0.03736,0.1471,0.15239,-0.1166,0.78947,3.47712,15.306,14.75429,15.89334,13.59405,9.90165
2007-12-25,16.243,16.283,16.469,15.932,13970.34,600971,0.00246,0.11972,0.15548,-0.17425,0.72508,3.30881,15.6542,14.85862,15.83792,13.64969,9.95248
2007-12-26,16.402,16.496,16.503,16.165,4827.32,600971,0.01308,0.11167,0.19122,-0.13375,0.88547,3.27247,15.9856,14.98471,15.79684,13.71267,10.00384
2007-12-27,16.435,16.912,17.484,16.432000000000002,10230.52,600971,0.02522,0.10913,0.21976,-0.06872,1.04548,3.48356,16.3184,15.12981,15.77671,13.78295,10.05726
2007-12-28,16.909000000000002,17.122,17.247,16.840999999999998,6844.56,600971,0.01242,0.0935,0.17774,-0.05152,1.03422,3.53563,16.6112,15.25286,15.76171,13.85372,10.11151
2008-01-02,17.416,16.878,17.416,16.652,9949.49,600971,-0.01425,0.03909,0.1765,-0.09258,0.97982,3.32769,16.7382,15.37343,15.73394,13.92163,10.16427
2008-01-03,16.878,16.54,16.909000000000002,16.151,17448.73,600971,-0.02003,0.01578,0.17347,-0.13939,0.91724,3.14329,16.7896,15.48986,15.69073,13.98597,10.21528
2008-01-04,16.574,16.699,17.070999999999998,16.570999999999998,8682.84,600971,0.00961,0.01231,0.17211,-0.14166,1.0397,3.17997,16.8302,15.60662,15.64627,14.05517,10.26692
2008-01-07,16.699,17.551,17.714000000000002,16.665,17013.25,600971,0.05102,0.03778,0.20692,-0.07324,1.05708,3.52695,16.958,15.7499,15.6239,14.1285,10.3225
2008-01-08,17.697,17.122,17.825,16.743,9478.92,600971,-0.02444,0.0,0.1685,-0.07961,0.92145,3.40834,16.958,15.86748,15.60002,14.19525,10.37632
2008-01-09,16.909000000000002,17.578,17.754,16.909000000000002,8009.42,600971,0.02663,0.04147,0.18076,-0.07014,1.07827,3.51065,17.098,15.99562,15.57863,14.2694,10.43193
2008-01-10,17.69,19.32,19.337,17.69,23093.12,600971,0.0991,0.16808,0.27097,0.02991,1.26628,3.92104,17.654,16.19176,15.58768,14.35716,10.49451
2008-01-11,19.242,19.307000000000002,19.58,18.698,11387.72,600971,-0.00067,0.15618,0.26165,0.07698,1.26555,3.89653,18.1756,16.38243,15.60994,14.44485,10.55696
2008-01-14,19.134,18.877,19.442,18.796,12512.47,600971,-0.02227,0.07555,0.21317,-0.04255,1.20809,3.43018,18.4408,16.54038,15.5964,14.52881,10.61638
2008-01-15,18.799,19.141,19.438,18.634,11177.49,600971,0.01399,0.11792,0.27965,0.01614,1.3235,3.44107,18.8446,16.73957,15.60131,14.61746,10.67667
2008-01-16,18.329,18.322,18.938,18.245,5508.31,600971,-0.04279,0.04233,0.22025,0.01936,1.18119,3.17453,18.9934,16.89705,15.60692,14.69812,10.7333
2008-01-17,18.093,17.589000000000002,18.515,17.195999999999998,7750.99,600971,-0.04001,-0.0896,0.24216,-0.02984,1.1289,2.83036,18.6472,17.06033,15.59819,14.77395,10.78614
2008-01-18,17.585,18.782,19.273,17.585,12868.93,600971,0.06783,-0.02719,0.29157,0.10197,1.26235,3.04697,18.5422,17.26224,15.62623,14.85915,10.84362
2008-01-21,18.803,18.671,19.337,18.194000000000003,13579.83,600971,-0.00591,-0.01091,0.25824,0.097,1.14906,3.40562,18.501,17.44471,15.65285,14.94032,10.90229
2008-01-22,17.923,17.244,18.329,17.061,24809.26,600971,-0.07643,-0.09911,0.1309,0.04617,0.88438,2.89695,18.1216,17.53976,15.66513,15.00611,10.9544
2008-01-23,16.96,18.539,18.559,16.96,9543.46,600971,0.0751,0.01184,0.184,0.20508,1.02214,3.16513,18.165,17.67695,15.71602,15.0823,11.01167
2008-01-24,18.901,20.27,20.284000000000002,18.901,33795.99,600971,0.09337,0.15242,0.24792,0.29653,1.05912,3.62258,18.7012,17.86871,15.79079,15.16707,11.07624
2008-01-25,20.277,20.122,20.625,19.868,19289.1,600971,-0.0073,0.07134,0.23577,0.18623,1.05243,3.51368,18.9692,18.05152,15.84174,15.25095,11.13992
2008-01-28,20.122,19.702,20.595,19.107,24991.57,600971,-0.02087,0.05522,0.19435,0.14687,0.98629,3.22156,19.1754,18.20419,15.88244,15.33049,11.20104
2008-01-29,20.169,19.996,20.521,19.496,17678.05,600971,0.01492,0.15959,0.18236,0.17203,0.95464,3.11356,19.7258,18.35105,15.92977,15.40989,11.26256
2008-01-30,20.02,18.437,20.487,18.194000000000003,22380.28,600971,-0.07797,-0.0055,0.0768,0.09037,0.82454,2.82669,19.7054,18.41367,15.95442,15.47763,11.31792
2008-01-31,17.875999999999998,16.753,18.221,16.74,15439.04,600971,-0.09134,-0.17351,-0.00741,0.08546,0.74438,2.52472,19.002,18.40771,15.97569,15.53575,11.3667
2008-02-01,16.774,17.051,17.247,16.402,8438.98,600971,0.01779,-0.15262,0.03089,0.17585,0.72966,2.76153,18.3878,18.43205,16.01682,15.59423,11.41759
2008-02-04,17.535,18.654,18.732,17.25,5770.25,600971,0.09401,-0.05319,0.11707,0.27715,0.84055,3.07115,18.1782,18.52514,16.08211,15.66349,11.47479
2008-02-05,18.654,18.498,18.769000000000002,18.227999999999998,2924.58,600971,-0.00836,-0.07491,0.05396,0.23197,0.8313,2.92156,17.8786,18.57024,16.13829,15.73176,11.53081
2008-02-13,17.754,17.967,18.427,17.585,1393.05,600971,-0.02871,-0.02549,0.04935,0.25687,0.7768,2.68403,17.7846,18.61048,16.19752,15.79562,11.58402
2008-02-14,18.593,17.903,18.593,17.646,5141.04,600971,-0.00356,0.06864,0.01849,0.2524,0.83057,2.98997,18.0146,18.62595,16.25571,15.86166,11.63856
2008-02-15,17.957,17.067999999999998,17.957,16.977,6391.0,600971,-0.04664,0.001,-0.11656,0.32536,0.74092,2.66975,18.018,18.51871,16.32329,15.92072,11.68904
2008-02-18,17.01,17.24,17.754,17.01,16635.27,600971,0.01008,-0.0758,-0.10706,0.36674,0.80448,2.84221,17.7352,18.42029,16.3979,15.9832,11.74088
2008-02-19,17.416,17.43,17.518,17.081,23979.29,600971,0.01102,-0.05774,-0.07665,0.25622,0.78148,2.85619,17.5216,18.35138,16.45524,16.04537,11.79336
2008-02-20,15.690999999999999,17.186,19.121,15.690999999999999,8694.79,600971,-0.014,-0.04347,-0.10214,0.26862,0.67228,2.72152,17.3654,18.25829,16.51394,16.10154,11.84445
2008-02-21,17.342,17.487000000000002,17.504,16.637999999999998,5148.38,600971,0.01751,-0.02324,-0.04557,0.24934,0.59699,2.80566,17.2822,18.21852,16.57023,16.15468,11.89685
2008-02-22,17.403,16.304000000000002,17.403,16.192,4971.47,600971,-0.06765,-0.04476,-0.07306,0.15418,0.46054,2.49346,17.1294,18.15733,16.60535,16.19648,11.94416
2008-02-25,16.256,14.92,16.26,14.809000000000001,12006.28,600971,-0.08489,-0.13457,-0.20562,0.0306,0.32446,2.19418,16.6654,17.97343,16.6125,16.2262,11.98582
2008-02-26,15.194,14.527999999999999,15.556,13.798,5744.32,600971,-0.02627,-0.16649,-0.22189,0.0,0.19828,1.99485,16.085,17.77614,16.6125,16.24574,12.02516
2008-02-27,14.535,15.062000000000001,15.198,14.508,2997.8,600971,0.03676,-0.12359,-0.12654,0.1115,0.23682,1.88268,15.6602,17.67224,16.63687,16.26919,12.06515
2008-02-28,14.917,15.049000000000001,15.286,14.829,3045.61,600971,-0.00086,-0.13942,-0.18825,0.06768,0.26462,1.68924,15.1726,17.50605,16.65226,16.29479,12.10357
2008-02-29,15.049000000000001,15.282,15.286,14.887,2983.97,600971,0.01548,-0.06268,-0.24608,0.08445,0.24315,1.66376,14.9682,17.26852,16.67145,16.31909,12.14237
2008-03-03,14.89,15.702,15.725,14.887,3422.32,600971,0.02748,0.05241,-0.21966,0.13388,0.21354,1.83276,15.1246,17.05805,16.70135,16.34155,12.18367
2008-03-04,15.715,15.56,16.131,15.556,6387.08,600971,-0.00904,0.07104,-0.21023,0.12225,0.23816,1.55166,15.331,16.86081,16.72869,16.36589,12.22213
2008-03-05,15.624,15.200999999999999,15.854000000000001,14.795,3142.01,600971,-0.02307,0.00923,-0.2398,0.0456,0.2009,1.65149,15.3588,16.63248,16.73939,16.38656,12.26062
2008-03-06,15.218,15.485,15.522,14.883,4609.44,600971,0.01868,0.02897,-0.16011,0.07939,0.16158,1.45521,15.446,16.4919,16.75776,16.40407,12.29793
2008-03-07,15.485,14.954,15.485,14.914000000000001,3563.6,600971,-0.03429,-0.02146,-0.10738,0.06094,0.13529,1.25381,15.3804,16.40624,16.77161,16.41856,12.33175
2008-03-10,15.012,14.197000000000001,15.012,14.139000000000001,5877.77,600971,-0.05062,-0.09585,-0.16738,-0.00351,0.03916,1.37686,15.0794,16.27033,16.77081,16.42291,12.36518
2008-03-11,14.173,14.542,14.765,13.865,5850.84,600971,0.0243,-0.06542,-0.22044,0.0,-0.0324,1.59262,14.8758,16.07452,16.77081,16.41895,12.40149
2008-03-12,14.805,14.802,15.272,14.645999999999999,9975.62,600971,0.01788,-0.02625,-0.19981,0.01017,-0.06352,1.69421,14.796,15.89852,16.77321,16.41079,12.43933
2008-03-13,14.812000000000001,15.312999999999999,15.989,14.376,16847.77,600971,0.03452,-0.01111,-0.14772,0.02862,-0.03248,1.73349,14.7616,15.77214,16.78008,16.40661,12.4788
2008-03-14,15.286,15.282,15.478,14.89,3325.73,600971,-0.00202,0.02193,-0.1464,0.00533,0.00758,1.69619,14.8272,15.64733,16.78139,16.40754,12.51789
2008-03-17,15.286,14.014000000000001,15.384,13.895999999999999,4234.32,600971,-0.08297,-0.01289,-0.17893,-0.08423,-0.04099,1.48828,14.7906,15.5019,16.7606,16.40267,12.55196
2008-03-18,13.527000000000001,12.648,13.994000000000002,12.614,6922.06,600971,-0.09747,-0.13024,-0.26636,-0.18715,-0.06822,1.24335,14.4118,15.28324,16.71363,16.39515,12.58046
2008-03-19,12.850999999999999,12.824000000000002,13.357999999999999,12.401,9368.55,600971,0.01392,-0.13363,-0.26426,-0.14267,-0.13956,1.22253,14.0162,15.0639,16.67921,16.37824,12.60913
2008-03-20,12.630999999999998,12.854000000000001,12.985999999999999,11.542,7064.76,600971,0.00234,-0.16058,-0.25207,-0.14392,-0.21598,1.29577,13.5244,14.85762,16.64435,16.34945,12.63862
2008-03-21,12.817,13.015999999999998,13.257,12.54,4010.08,600971,0.0126,-0.14828,-0.25568,-0.08079,-0.1998,1.31396,13.0712,14.64471,16.6259,16.32302,12.66867
2008-03-24,13.189,12.302999999999999,13.189,12.276,3704.92,600971,-0.05478,-0.12209,-0.2454,-0.15397,-0.24665,1.25288,12.729,14.45419,16.58979,16.29028,12.69648
2008-03-25,11.498,11.799000000000001,12.255999999999998,11.386,8197.79,600971,-0.04097,-0.06713,-0.20918,-0.20487,-0.29029,1.1854,12.5592,14.30557,16.54076,16.25104,12.7225
2008-03-26,11.835999999999999,11.968,12.168,11.532,4268.83,600971,0.01432,-0.06675,-0.17621,-0.21511,-0.28447,1.05919,12.388,14.18367,16.48785,16.21236,12.74752
2008-03-27,11.9,11.835999999999999,11.9,11.447000000000001,7881.66,600971,-0.01103,-0.0792,-0.21418,-0.24409,-0.35628,1.04811,12.1844,14.03005,16.42621,16.1591,12.77214
2008-03-28,11.66,12.53,12.58,11.565999999999999,5920.92,600971,0.05863,-0.03734,-0.16739,-0.22859,-0.36457,1.22993,12.0872,13.9101,16.36632,16.10065,12.80024
2008-03-31,12.032,11.904000000000002,12.850999999999999,11.835999999999999,5848.0,600971,-0.04996,-0.03243,-0.22104,-0.26893,-0.37489,1.09541,12.0074,13.74924,16.29569,16.04261,12.82553
2008-04-01,12.12,11.055,12.124,11.035,8000.94,600971,-0.07132,-0.06306,-0.29595,-0.32984,-0.39124,0.95387,11.8586,13.52795,16.20794,15.98485,12.84747
2008-04-02,11.275,11.265,11.498,10.145,24652.99,600971,0.019,-0.05874,-0.27603,-0.3339,-0.37597,1.00945,11.718,13.32343,16.11685,15.92967,12.87048
2008-04-03,10.994000000000002,11.285,11.593,10.845,2423.38,600971,0.00178,-0.04655,-0.25761,-0.34091,-0.39328,1.05518,11.6078,13.13695,16.02271,15.8702,12.89403
2008-04-07,11.285,12.283,12.415,10.994000000000002,14188.88,600971,0.08844,-0.01971,-0.20678,-0.27225,-0.36089,1.21475,11.5584,12.98448,15.9486,15.8138,12.92141
2008-04-08,12.286,12.411,12.834000000000001,12.225,9498.44,600971,0.01042,0.04259,-0.17005,-0.24964,-0.36207,1.20758,11.6598,12.86338,15.882,15.75654,12.94901
2008-04-09,12.174000000000001,11.944,12.614,11.897,13801.34,600971,-0.03763,0.08042,-0.1587,-0.28475,-0.36931,1.02853,11.8376,12.7561,15.80531,15.69967,12.97363
2008-04-10,11.934000000000001,12.614,12.640999999999998,11.835999999999999,13060.77,600971,0.0561,0.11975,-0.13258,-0.28129,-0.32194,1.1752,12.1074,12.66429,15.72568,15.65098,13.00133
2008-04-11,12.682,12.827,13.110999999999999,12.682,6587.52,600971,0.01689,0.13664,-0.13343,-0.25085,-0.32147,1.1919,12.4158,12.57024,15.6564,15.60158,13.02969
2008-04-14,12.573,12.174000000000001,12.817,12.107000000000001,5305.41,600971,-0.05091,-0.00887,-0.20499,-0.30743,-0.35103,1.0149,12.394,12.42076,15.56924,15.54804,13.05461
2008-04-16,12.677999999999999,12.682,12.850999999999999,12.377,8417.93,600971,0.04173,0.02184,-0.17013,-0.34358,-0.29258,1.08895,12.4482,12.29695,15.46218,15.5054,13.08149
2008-04-17,12.692,12.168,12.979000000000001,12.114,4838.88,600971,-0.04053,0.01875,-0.13173,-0.36976,-0.38284,0.99672,12.493,12.20905,15.34703,15.44403,13.10618
2008-04-18,12.114,11.43,12.34,11.397,3073.18,600971,-0.06065,-0.09386,-0.0963,-0.3945,-0.39322,0.89301,12.2562,12.15105,15.22692,15.38381,13.1281
2008-04-21,12.479000000000001,11.6,12.557,11.440999999999999,7068.55,600971,0.01487,-0.09566,-0.09545,-0.39397,-0.35462,0.86435,12.0108,12.09276,15.10529,15.33199,13.14996
2008-04-22,11.16,11.295,11.589,11.025,3523.17,600971,-0.02629,-0.0722,-0.12129,-0.38353,-0.377,0.8474,11.835,12.01852,14.99195,15.27642,13.17102
2008-04-23,11.295,12.083,12.168,11.295,11036.57,600971,0.06977,-0.04723,-0.07168,-0.31304,-0.29107,0.85578,11.7152,11.9741,14.90315,15.23609,13.19367
2008-04-24,13.189,13.169,13.29,12.513,75212.81,600971,0.08988,0.08226,0.07039,-0.29885,-0.22626,0.91271,11.9154,12.01533,14.81261,15.20478,13.21922
2008-04-25,12.932,12.77,13.527000000000001,12.174000000000001,89868.26,600971,-0.0303,0.11724,0.0823,-0.31605,-0.22526,0.95051,12.1834,12.06157,14.71744,15.17459,13.24451
2008-04-28,12.445,12.134,12.682,12.083,35718.04,600971,-0.0498,0.04603,0.01387,-0.29633,-0.21126,0.79763,12.2902,12.06948,14.63502,15.14817,13.2664
2008-04-29,12.174000000000001,12.890999999999998,13.120999999999999,11.904000000000002,36302.78,600971,0.06239,0.1413,0.08913,-0.30466,-0.17545,0.82644,12.6094,12.11971,14.54392,15.12587,13.29011
2008-04-30,12.985999999999999,13.155,13.24,12.682,51479.11,600971,0.02048,0.08872,0.04988,-0.35101,-0.22449,0.89854,12.8238,12.14948,14.42916,15.09491,13.31542
2008-05-05,13.25,13.51,13.655999999999999,12.969000000000001,38558.22,600971,0.02699,0.02589,0.13491,-0.3286,-0.21357,1.03311,12.892,12.22595,14.32252,15.06508,13.34333
2008-05-06,13.357999999999999,13.561,13.963,13.29,46252.5,600971,0.00377,0.06194,0.22668,-0.31169,-0.20515,1.01621,13.0502,12.34529,14.22347,15.03663,13.37111
2008-05-07,13.422,13.94,14.535,13.392000000000001,52814.27,600971,0.02795,0.14884,0.23746,-0.30286,-0.17559,1.12047,13.4114,12.47267,14.12579,15.01249,13.40105
2008-05-08,13.865,15.306,15.319,13.530999999999999,49712.77,600971,0.09799,0.18734,0.35631,-0.16982,-0.00829,1.37082,13.8944,12.66414,14.07529,15.01145,13.43703
2008-05-09,15.509,15.184000000000001,16.097,14.575,47530.99,600971,-0.00797,0.15424,0.23618,-0.09365,0.0471,1.27,14.3002,12.80229,14.04998,15.017,13.47156
2008-05-12,14.981,14.741,15.722000000000001,14.606,36617.65,600971,-0.02918,0.09112,0.18774,-0.13548,0.00924,1.22506,14.5464,12.91324,14.01273,15.0181,13.50455
2008-05-13,14.405999999999999,14.825999999999999,15.353,14.214,24699.82,600971,0.00577,0.09328,0.24129,-0.20521,-0.01259,1.19644,14.7994,13.05048,13.95098,15.01656,13.53738
2008-05-14,14.761,15.437999999999999,15.681,14.745,22181.72,600971,0.04128,0.10746,0.22388,-0.16542,0.07996,1.31976,15.099,13.18495,13.90163,15.02585,13.57309
2008-05-15,15.421,15.085999999999999,15.677999999999999,15.022,20391.96,600971,-0.0228,-0.01437,0.17611,-0.16035,0.05533,1.25534,15.055,13.29252,13.85516,15.03228,13.60722
2008-05-16,15.079,14.437000000000001,15.353,14.203,18968.05,600971,-0.04302,-0.0492,0.18589,-0.1936,0.12106,1.09262,14.9056,13.40029,13.79926,15.04496,13.63786
2008-05-19,14.474,14.91,15.069,14.270999999999999,22942.41,600971,0.03276,0.01146,0.17568,-0.12644,0.18202,1.11369,14.9394,13.50638,13.76445,15.06363,13.6698
2008-05-20,14.883,13.547,14.91,13.443,20402.5,600971,-0.09142,-0.08627,0.11333,-0.21421,-0.02364,0.8797,14.6836,13.57205,13.70489,15.06096,13.69557
2008-05-21,13.47,14.308,14.603,13.087,20228.1,600971,0.05617,-0.0732,0.25179,-0.17912,0.05617,0.90494,14.4576,13.7091,13.65453,15.06715,13.7232
2008-05-22,14.305,14.520999999999999,14.88,13.984000000000002,24515.45,600971,0.01489,-0.03745,0.25181,-0.15507,0.03744,0.75756,14.3446,13.84819,13.61155,15.07141,13.74864
2008-05-23,14.308,14.2,14.710999999999999,14.099,12662.31,600971,-0.02211,-0.01642,0.25719,-0.18797,0.00524,0.70612,14.2972,13.98652,13.55853,15.07201,13.77253
2008-05-26,14.2,13.331,14.373,13.324000000000002,14513.9,600971,-0.0612,-0.1059,0.10329,-0.18235,-0.07916,0.53389,13.9814,14.04595,13.51058,15.06269,13.79139
2008-05-27,13.257,13.347999999999999,13.655999999999999,13.142000000000001,10555.07,600971,0.00128,-0.01469,0.01359,-0.10536,-0.08122,0.54116,13.9416,14.05448,13.48523,15.0531,13.81045
2008-05-28,13.25,13.550999999999998,13.696,13.189,6515.44,600971,0.01521,-0.05291,0.06116,-0.06725,0.0,0.57259,13.7902,14.09167,13.46947,15.0531,13.8305
2008-05-29,13.564,13.439,14.102,13.357999999999999,9121.99,600971,-0.00827,-0.07451,0.10755,-0.10775,-0.04654,0.44195,13.5738,14.15381,13.44329,15.04776,13.84725
2008-05-30,13.385,12.519,13.73,12.509,24227.93,600971,-0.06846,-0.11838,-0.02886,-0.16812,-0.11162,0.32687,13.2376,14.1361,13.40248,15.03498,13.85978
2008-06-02,12.682,12.485999999999999,12.797,12.177999999999999,31276.56,600971,-0.00264,-0.06339,-0.05086,-0.18296,-0.09835,0.44782,13.0686,14.10424,13.35739,15.0239,13.87548
2008-06-03,12.475,12.729000000000001,12.783,12.411,21078.99,600971,0.01946,-0.04637,-0.05781,-0.18934,-0.08193,0.35156,12.9448,14.06705,13.30944,15.01467,13.88894
2008-06-04,12.682,12.171,12.682,12.107000000000001,22795.11,600971,-0.04384,-0.10184,-0.1025,-0.2178,-0.16281,0.4356,12.6688,14.00086,13.25477,14.99542,13.90396
2008-06-05,12.005,11.745,12.009,11.674000000000001,13732.22,600971,-0.035,-0.12605,-0.15746,-0.22735,-0.1813,0.53811,12.33,13.89633,13.19903,14.97428,13.92066
2008-06-06,11.752,11.799000000000001,12.097000000000001,11.752,5070.54,600971,0.0046,-0.05751,-0.22913,-0.23804,-0.16289,0.42345,12.186,13.72933,13.13958,14.95561,13.93493
2008-06-10,11.498,10.905999999999999,11.937999999999999,10.767999999999999,12294.13,600971,-0.07568,-0.12654,-0.28174,-0.2707,-0.23451,0.19623,11.87,13.52562,13.07429,14.92845,13.9422
2008-06-11,10.895999999999999,10.828,11.187000000000001,10.585,11729.97,600971,-0.00715,-0.14934,-0.26545,-0.2373,-0.2554,0.16681,11.4898,13.33929,13.01995,14.89825,13.94849
2008-06-12,10.923,10.524000000000001,11.008,10.314,10747.96,600971,-0.02808,-0.13532,-0.29017,-0.2763,-0.28179,0.13945,11.1604,13.13443,12.95515,14.86468,13.95373
2008-06-13,10.686,9.844,10.780999999999999,9.841000000000001,8953.97,600971,-0.06461,-0.16186,-0.36235,-0.33495,-0.33875,0.01747,10.7802,12.86805,12.87518,14.82368,13.95441
2008-06-16,9.915,9.283,10.071,9.08,10318.0,600971,-0.05699,-0.21324,-0.38466,-0.39378,-0.38932,-0.0544,10.277,12.59171,12.77792,14.77557,13.95224
2008-06-17,9.141,8.759,9.466000000000001,8.687999999999999,9162.08,600971,-0.05645,-0.19686,-0.3933,-0.42684,-0.42763,-0.09346,9.8476,12.32133,12.67271,14.72237,13.94857
2008-06-18,8.624,9.462,9.577,8.387,20438.28,600971,0.08026,-0.12615,-0.36539,-0.32482,-0.3919,-0.00148,9.5744,12.0619,12.59929,14.67279,13.94852
2008-06-19,9.401,8.583,9.838,8.522,25607.28,600971,-0.0929,-0.18444,-0.36643,-0.32139,-0.42619,-0.1022,9.1862,11.82552,12.53373,14.62096,13.94454
2008-06-20,8.38,8.826,9.087,8.116,27461.32,600971,0.02831,-0.10341,-0.38314,-0.31176,-0.41219,-0.08453,8.9826,11.56448,12.46924,14.57064,13.94123
2008-06-23,8.722000000000001,8.492,8.894,8.454,8966.15,600971,-0.03784,-0.08521,-0.41519,-0.33935,-0.40028,-0.13382,8.8244,11.27738,12.39889,14.52456,13.9359
2008-06-24,8.492,8.671,8.789,8.336,24901.93,600971,0.02108,-0.01005,-0.38937,-0.33382,-0.40373,-0.08495,8.8068,11.0141,12.32881,14.47683,13.93263
2008-06-25,8.566,9.121,9.124,8.566,17725.87,600971,0.0519,-0.03604,-0.31581,-0.25864,-0.38534,-0.03777,8.7386,10.81362,12.27748,14.43034,13.93117
2008-06-26,9.062999999999999,9.469,9.486,8.948,21803.12,600971,0.03815,0.10323,-0.29061,-0.19747,-0.379,0.03929,8.9158,10.6289,12.2399,14.38336,13.93263
2008-06-27,9.131,8.766,9.425,8.657,17422.37,600971,-0.07424,-0.0068,-0.35311,-0.26755,-0.44016,-0.02913,8.9038,10.40105,12.18826,14.32733,13.93156
2008-06-30,8.725,8.624,8.894,8.387,11105.2,600971,-0.0162,0.01554,-0.35829,-0.27138,-0.46906,-0.04991,8.9302,10.17176,12.13645,14.26538,13.92972
2008-07-01,8.566,8.854,9.04,8.566,12081.42,600971,0.02667,0.0211,-0.29276,-0.29338,-0.45624,-0.06198,8.9668,9.99724,12.07716,14.20498,13.92734
2008-07-02,8.796,9.127,9.232000000000001,8.725,17890.62,600971,0.03083,0.00066,-0.26902,-0.23328,-0.44671,0.0432,8.968,9.83729,12.03237,14.14507,13.92887
2008-07-03,9.08,9.381,9.469,8.793,26760.84,600971,0.02783,-0.00929,-0.26302,-0.15142,-0.44531,0.13462,8.9504,9.67786,12.00537,14.08385,13.9334
2008-07-04,9.317,8.812999999999999,9.354,8.624,24000.57,600971,-0.06055,0.00536,-0.2759,-0.21767,-0.48528,0.04705,8.9598,9.51795,11.96582,14.01629,13.93501
2008-07-07,8.927999999999999,9.344,9.418,8.762,15385.31,600971,0.06025,0.08349,-0.20443,-0.172,-0.44638,0.09607,9.1038,9.40362,11.93452,13.95504,13.93834
2008-07-08,9.401,10.277000000000001,10.277000000000001,9.401,41270.21,600971,0.09985,0.16072,-0.12899,-0.16332,-0.37866,0.19126,9.3884,9.33114,11.90216,13.90412,13.94504
2008-07-09,10.280999999999999,10.409,10.467,9.97,27108.18,600971,0.01284,0.14046,-0.04557,-0.16131,-0.37667,0.27141,9.6448,9.30748,11.86987,13.85298,13.95408
2008-07-11,10.365,10.115,10.399000000000001,9.807,13840.55,600971,-0.02824,0.07824,-0.06585,-0.15313,-0.42368,0.18554,9.7916,9.27352,11.84037,13.79253,13.96051
2008-07-14,10.162,10.169,10.477,10.037,11646.1,600971,0.00534,0.15386,-0.03373,-0.19383,-0.40609,0.14117,10.0628,9.25662,11.80094,13.736,13.96563
2008-07-15,10.375,9.604,10.379000000000001,9.401,15021.8,600971,-0.05556,0.02783,-0.02438,-0.25127,-0.45364,0.13549,10.1148,9.24519,11.74895,13.67117,13.97028
2008-07-16,9.435,9.743,9.905,9.307,23179.82,600971,0.01447,-0.05196,0.04955,-0.19969,-0.4957,0.14287,10.008,9.2671,11.70974,13.59331,13.97524
2008-07-17,9.841000000000001,9.33,9.919,9.327,7167.42,600971,-0.04239,-0.10366,0.06519,-0.26431,-0.51676,0.09481,9.7922,9.29429,11.65568,13.5122,13.97852
2008-07-18,9.334,9.229,9.486,8.647,11929.65,600971,-0.01083,-0.08759,-0.02462,-0.24154,-0.5111,0.07954,9.615,9.28319,11.60827,13.43376,13.98128
2008-07-21,8.894,9.513,9.591000000000001,8.843,16144.4,600971,0.03077,-0.06451,0.10835,-0.16772,-0.503,0.15477,9.4838,9.32748,11.57735,13.35548,13.98647
2008-07-22,9.567,9.516,9.604,9.435,8049.07,600971,0.00032,-0.00916,0.07818,-0.17966,-0.48062,0.13286,9.4662,9.36033,11.54374,13.28389,13.991
2008-07-23,9.584,9.06,9.584,9.043,12046.67,600971,-0.04792,-0.0701,0.06689,-0.19788,-0.48491,0.09659,9.3296,9.38738,11.50769,13.21454,13.99425
2008-07-24,9.029,9.226,9.28,8.962,16945.54,600971,0.01832,-0.01115,0.06401,-0.23645,-0.50879,0.1113,9.3088,9.41381,11.46161,13.13685,13.998
2008-07-25,9.062999999999999,8.793,9.131,8.738999999999999,14617.99,600971,-0.04693,-0.04724,-0.03596,-0.3323,-0.52906,0.01209,9.2216,9.39819,11.39103,13.05654,13.99843
2008-07-28,8.86,8.955,8.965,8.759,11732.08,600971,0.01842,-0.05866,-0.05428,-0.29875,-0.48069,-0.02142,9.11,9.37371,11.3295,12.98915,13.99763
2008-07-29,8.921,9.238999999999999,9.269,8.826,22425.12,600971,0.03171,-0.02911,0.05396,-0.23859,-0.50165,0.00774,9.0546,9.39624,11.28281,12.91354,13.99792
2008-07-30,9.302999999999999,8.952,9.462,8.87,13719.11,600971,-0.03106,-0.01192,0.03803,-0.30556,-0.55836,-0.09061,9.033,9.41186,11.21927,12.82153,13.9943
2008-07-31,9.019,8.701,9.097000000000001,8.657,9166.28,600971,-0.02804,-0.0569,-0.01728,-0.33858,-0.56759,-0.11251,8.928,9.40457,11.14744,12.72867,13.98981
2008-08-01,8.674,8.218,8.674,7.886,19627.51,600971,-0.05551,-0.06539,-0.09959,-0.39171,-0.58288,-0.17149,8.813,9.36129,11.06208,12.63531,13.9829
2008-08-04,8.116,7.643,8.201,7.558,18768.59,600971,-0.06997,-0.14651,-0.18527,-0.4364,-0.61777,-0.25288,8.5506,9.27852,10.96663,12.53488,13.97238
2008-08-05,7.507999999999999,6.879,7.643,6.879,32503.32,600971,-0.09996,-0.25544,-0.21945,-0.50653,-0.62689,-0.31925,8.0786,9.18643,10.85274,12.44091,13.95927
2008-08-06,6.966,6.875,7.061,6.593999999999999,17667.0,600971,-0.00058,-0.23202,-0.26423,-0.55083,-0.58963,-0.28415,7.6632,9.06886,10.71676,12.3606,13.94817
2008-08-07,6.787000000000001,6.845,6.96,6.723,14305.73,600971,-0.00436,-0.21331,-0.33395,-0.5492,-0.59856,-0.30564,7.292,8.90543,10.58226,12.27763,13.93593
2008-08-08,6.882000000000001,6.492999999999999,6.997000000000001,6.48,18970.87,600971,-0.05142,-0.20991,-0.37621,-0.55953,-0.65192,-0.35935,6.947,8.71895,10.44923,12.17876,13.92112
2008-08-11,6.459,5.945,6.459,5.843999999999999,15621.31,600971,-0.0844,-0.22216,-0.41226,-0.59902,-0.67861,-0.41144,6.6074,8.52038,10.30598,12.0767,13.90423
2008-08-12,5.945,6.124,6.172000000000001,5.834,14191.42,600971,0.03011,-0.10975,-0.39778,-0.60332,-0.65915,-0.39438,6.4564,8.32776,10.15576,11.98041,13.88802
2008-08-13,6.087000000000001,6.2829999999999995,6.419,5.917999999999999,15856.35,600971,0.02596,-0.08611,-0.34579,-0.58352,-0.64905,-0.35757,6.338,8.16962,10.01377,11.88594,13.8738
2008-08-14,6.29,6.27,6.452000000000001,6.148,10666.37,600971,-0.00207,-0.084,-0.35646,-0.5657,-0.63265,-0.36047,6.223,8.00424,9.88205,11.79815,13.85943
2008-08-15,6.256,6.148,6.2829999999999995,5.992999999999999,6902.04,600971,-0.01946,-0.05313,-0.34105,-0.58766,-0.64339,-0.3565,6.154,7.85271,9.74073,11.70798,13.84559
2008-08-18,6.138,5.563,6.138,5.546,10981.57,600971,-0.09515,-0.06426,-0.39723,-0.58936,-0.68084,-0.43142,6.0776,7.67814,9.61195,11.6115,13.82843
2008-08-19,5.4239999999999995,5.556,5.5729999999999995,5.357,17079.48,600971,-0.00126,-0.09275,-0.41596,-0.61169,-0.67671,-0.45938,5.964,7.48971,9.47079,11.51694,13.80924
2008-08-20,5.5360000000000005,6.047000000000001,6.08,5.4110000000000005,25146.37,600971,0.08837,-0.03756,-0.36454,-0.58357,-0.6542,-0.44776,5.9168,7.32452,9.33411,11.42393,13.78931
2008-08-21,5.834,5.644,5.986000000000001,5.614,19069.57,600971,-0.06664,-0.09984,-0.37704,-0.60254,-0.65383,-0.4944,5.7916,7.16186,9.19611,11.33727,13.76687
2008-08-22,5.749,5.749,5.803,5.6,17086.84,600971,0.0186,-0.0649,-0.37687,-0.56875,-0.61468,-0.48966,5.7118,6.99629,9.07382,11.26271,13.74445
2008-08-25,5.644,5.671,5.7829999999999995,5.546,8290.38,600971,-0.01357,0.01941,-0.35506,-0.57514,-0.60965,-0.53225,5.7334,6.84762,8.95,11.1907,13.71822
2008-08-26,5.631,5.215,5.631,5.194,9626.22,600971,-0.08041,-0.06138,-0.41764,-0.61516,-0.65376,-0.57177,5.6652,6.66952,8.81555,11.11064,13.68991
2008-08-27,5.122999999999999,5.11,5.309,4.971,8246.81,600971,-0.02013,-0.15495,-0.44691,-0.61976,-0.66044,-0.57059,5.4778,6.4729,8.68121,11.02984,13.66231
2008-08-28,5.113,5.147,5.228,5.042,9558.31,600971,0.00724,-0.08806,-0.42504,-0.58886,-0.6632,-0.58131,5.3784,6.29171,8.56231,10.94744,13.63326
2008-08-29,5.147,5.37,5.479,5.147,12684.46,600971,0.04333,-0.06592,-0.38283,-0.56992,-0.65801,-0.58498,5.3026,6.1331,8.44753,10.86344,13.6025
2008-09-01,5.34,5.154,5.37,5.144,7546.4,600971,-0.04022,-0.09117,-0.37284,-0.5951,-0.66877,-0.58988,5.1992,5.98719,8.32535,10.77884,13.57236
2008-09-02,5.107,5.13,5.205,5.012,4547.38,600971,-0.00466,-0.0163,-0.3288,-0.57851,-0.66252,-0.59472,5.1822,5.86752,8.21179,10.69696,13.54176
2008-09-03,5.122999999999999,4.873,5.15,4.802,10376.4,600971,-0.0501,-0.04638,-0.29161,-0.5851,-0.68531,-0.63446,5.1348,5.772,8.10095,10.61068,13.50738
2008-09-04,4.897,4.998,5.039,4.856,5239.94,600971,0.02565,-0.02895,-0.27302,-0.5764,-0.66578,-0.62056,5.105,5.68262,7.99126,10.52974,13.47415
2008-09-08,4.772,4.687,4.893,4.667,9596.28,600971,-0.06222,-0.12719,-0.31527,-0.57024,-0.66986,-0.65693,4.9684,5.57986,7.89095,10.45242,13.43767
2008-09-09,4.7010000000000005,4.731,4.795,4.5760000000000005,4602.32,600971,0.00939,-0.08207,-0.27137,-0.56308,-0.67467,-0.68521,4.8838,5.49595,7.79261,10.37266,13.3958
2008-09-10,4.633,4.691,4.809,4.633,11847.44,600971,-0.00845,-0.08558,-0.21093,-0.55426,-0.68308,-0.70321,4.796,5.43624,7.69853,10.29046,13.35062
2008-09-11,4.657,4.494,4.762,4.481,6523.12,600971,-0.042,-0.07778,-0.26617,-0.54348,-0.70652,-0.71605,4.7202,5.35862,7.61224,10.2025,13.30455
2008-09-12,4.488,4.261,4.562,4.254,12954.27,600971,-0.05185,-0.14746,-0.32182,-0.54099,-0.72118,-0.71906,4.5728,5.26233,7.53124,10.11289,13.26022
2008-09-17,3.906,4.001,4.099,3.906,15905.45,600971,-0.06102,-0.14636,-0.36188,-0.54321,-0.7145,-0.7262,4.4356,5.15429,7.4545,10.03149,13.21708
2008-09-18,3.923,3.815,3.987,3.6830000000000003,35185.49,600971,-0.04649,-0.19362,-0.37947,-0.59681,-0.69837,-0.71895,4.2524,5.04319,7.36342,9.95967,13.17741
2008-09-19,4.197,4.197,4.197,4.102,72223.13,600971,0.10013,-0.10531,-0.24555,-0.51101,-0.67272,-0.7184,4.1536,4.97814,7.29268,9.88954,13.13389
2008-09-22,4.565,4.6160000000000005,4.6160000000000005,4.329,96519.91,600971,0.09983,0.02715,-0.16919,-0.477,-0.64089,-0.71845,4.178,4.93338,7.22477,9.82256,13.086
2008-09-23,4.579,4.707,4.934,4.471,108935.38,600971,0.01971,0.10467,-0.2216,-0.44571,-0.63837,-0.71062,4.2672,4.86957,7.16373,9.75501,13.03902
2008-10-23,4.237,4.237,4.237,4.237,4375.0,600971,-0.09985,0.05899,-0.24929,-0.51136,-0.65561,-0.74055,4.3144,4.80257,7.09221,9.68943,12.98985
2008-10-24,3.8689999999999998,3.815,4.207,3.815,60958.92,600971,-0.0996,0.0,-0.33641,-0.58173,-0.67667,-0.77053,4.3144,4.71048,7.00663,9.62452,12.93778
2008-10-27,3.5980000000000003,3.4330000000000003,3.679,3.4330000000000003,25356.95,600971,-0.10013,-0.18203,-0.39464,-0.63745,-0.71315,-0.79475,4.1616,4.6039,6.90927,9.55513,12.88374
2008-10-28,3.304,3.304,3.4330000000000003,3.105,72876.21,600971,-0.03758,-0.28423,-0.36644,-0.62309,-0.72085,-0.82031,3.8992,4.5129,6.82118,9.48576,12.82243
2008-10-29,3.345,3.074,3.345,3.0469999999999997,48039.87,600971,-0.06961,-0.34693,-0.39843,-0.64355,-0.75467,-0.84411,3.5726,4.41595,6.73166,9.40889,12.75477
2008-10-30,3.088,3.176,3.233,3.0269999999999997,40074.47,600971,0.03318,-0.25041,-0.38294,-0.64129,-0.7332,-0.83322,3.3604,4.3221,6.64008,9.33793,12.69027
2008-10-31,3.128,3.0269999999999997,3.128,3.003,23965.28,600971,-0.04691,-0.20655,-0.43631,-0.66835,-0.72619,-0.83331,3.2028,4.21052,6.54169,9.27266,12.62875
2008-11-03,2.9589999999999996,2.9419999999999997,3.091,2.9389999999999996,26178.46,600971,-0.02808,-0.14302,-0.42918,-0.68639,-0.73884,-0.83703,3.1046,4.10519,6.43784,9.20499,12.56733
2008-11-04,2.9419999999999997,2.78,2.9419999999999997,2.7260000000000004,35384.85,600971,-0.05506,-0.1586,-0.45809,-0.68456,-0.75366,-0.85054,2.9998,3.99329,6.34053,9.13585,12.50302
2008-11-05,2.841,2.8710000000000004,2.9619999999999997,2.841,49916.43,600971,0.03273,-0.06604,-0.41084,-0.69274,-0.76626,-0.85062,2.9592,3.89795,6.23613,9.05933,12.43657
2008-11-06,2.766,2.7969999999999997,2.8139999999999996,2.702,23294.35,600971,-0.02577,-0.11933,-0.44038,-0.72784,-0.77464,-0.85623,2.8834,3.79314,6.11548,8.98116,12.36885
2008-11-07,2.7289999999999996,2.82,2.841,2.705,23643.59,600971,0.00822,-0.06838,-0.39834,-0.72908,-0.7639,-0.85109,2.842,3.70424,5.99308,8.90698,12.30333
2008-11-10,2.878,3.1010000000000004,3.1010000000000004,2.847,61047.81,600971,0.09965,0.05404,-0.34454,-0.69343,-0.75416,-0.83331,2.8738,3.62662,5.87995,8.82964,12.24031
2008-11-11,3.128,3.3280000000000003,3.412,3.077,82873.83,600971,0.0732,0.19712,-0.29056,-0.67273,-0.74055,-0.82395,2.9834,3.56171,5.76961,8.75241,12.177
2008-11-12,3.2430000000000003,3.3510000000000004,3.378,3.216,45810.89,600971,0.00691,0.16719,-0.25434,-0.65108,-0.72474,-0.82137,3.0794,3.50729,5.66876,8.68068,12.11436
2008-11-13,3.28,3.6860000000000004,3.6860000000000004,3.247,96833.0,600971,0.09997,0.31784,-0.13494,-0.62168,-0.70935,-0.79439,3.2572,3.4799,5.57106,8.60754,12.05647
2008-11-14,3.8110000000000004,3.991,4.007,3.6860000000000004,105898.71,600971,0.08275,0.41525,-0.0025,-0.57224,-0.67201,-0.79758,3.4914,3.47943,5.48495,8.54107,11.99255
2008-11-17,3.926,4.166,4.19,3.838,72750.47,600971,0.04385,0.34344,0.09201,-0.5486,-0.63552,-0.77884,3.7044,3.49614,5.40329,8.48201,11.93291
2008-11-18,4.058,3.75,4.149,3.75,60003.56,600971,-0.09986,0.1268,-0.1065,-0.6058,-0.67672,-0.79137,3.7888,3.47486,5.31034,8.41819,11.87509
2008-11-19,3.625,4.055,4.0889999999999995,3.568,65863.77,600971,0.08133,0.21009,-0.12153,-0.57388,-0.64099,-0.77634,3.9296,3.44814,5.22226,8.35933,11.81787
2008-11-20,3.923,3.957,4.16,3.842,65166.82,600971,-0.02417,0.07352,-0.15934,-0.56325,-0.67252,-0.76784,3.9838,3.41243,5.13995,8.29326,11.76467
2008-11-21,3.818,3.947,4.048,3.659,70085.97,600971,-0.00253,-0.01102,-0.06844,-0.57219,-0.70028,-0.7681,3.975,3.39862,5.05481,8.21828,11.71153
2008-11-24,3.926,3.767,4.112,3.7539999999999996,67760.91,600971,-0.0456,-0.09578,-0.01258,-0.57159,-0.70501,-0.77146,3.8952,3.39633,4.97374,8.14509,11.65984
2008-11-25,3.8819999999999997,3.7880000000000003,3.889,3.659,51274.44,600971,0.00557,0.01013,0.10341,-0.577,-0.68782,-0.75377,3.9028,3.41324,4.8904,8.07724,11.6127
2008-11-26,3.747,3.676,3.7880000000000003,3.6460000000000004,22914.1,600971,-0.02957,-0.09346,0.11259,-0.60212,-0.71484,-0.76487,3.827,3.43095,4.80068,8.00232,11.56409
2008-11-27,3.957,3.6860000000000004,3.967,3.6860000000000004,57751.62,600971,0.00272,-0.06849,0.19909,-0.58825,-0.7198,-0.7827,3.7728,3.4601,4.71574,7.92533,11.51012
2008-11-28,3.6460000000000004,3.51,3.6460000000000004,3.5039999999999996,30689.36,600971,-0.04775,-0.11072,0.10516,-0.5966,-0.74019,-0.79568,3.6854,3.476,4.63202,7.84403,11.45456
2008-12-01,3.466,3.838,3.8489999999999998,3.4189999999999996,55348.3,600971,0.09345,0.01885,0.26792,-0.53298,-0.71698,-0.77504,3.6996,3.51462,4.56137,7.76498,11.4008
2008-12-02,3.838,3.963,4.018,3.72,101600.89,600971,0.03257,0.0462,0.34704,-0.48149,-0.71571,-0.76563,3.7346,3.56324,4.50202,7.68387,11.34818
2008-12-04,4.359,4.359,4.359,4.359,26230.89,600971,0.09992,0.1858,0.56799,-0.36633,-0.71521,-0.71757,3.8712,3.63843,4.46137,7.59487,11.30316
2008-12-05,4.39,4.457,4.565,4.329,129210.51,600971,0.02248,0.20917,0.55242,-0.35171,-0.70647,-0.69264,4.0254,3.71395,4.42237,7.50766,11.26233
2008-12-08,4.471,4.735,4.748,4.471,119702.02,600971,0.06237,0.349,0.69289,-0.30825,-0.67879,-0.67582,4.2704,3.80624,4.38834,7.42631,11.2222
2008-12-09,4.765,4.609,4.9,4.559,109374.26,600971,-0.02661,0.20089,0.6344,-0.29016,-0.68913,-0.69304,4.4246,3.89143,4.35795,7.34324,11.1799
2008-12-10,4.532,4.599,4.66,4.376,67864.36,600971,-0.00217,0.16048,0.48307,-0.22641,-0.7021,-0.67828,4.5518,3.96276,4.33624,7.25512,11.14049
2008-12-11,4.599,4.488,4.782,4.471,70929.95,600971,-0.02414,0.02959,0.34856,-0.26715,-0.70251,-0.68604,4.5776,4.018,4.30985,7.16896,11.10062
2008-12-12,4.454,4.281000000000001,4.545,4.2,50861.33,600971,-0.04612,-0.03949,0.27753,-0.31864,-0.70347,-0.66757,4.5424,4.06229,4.27756,7.08639,11.06567
2008-12-15,4.302,4.569,4.582,4.302,71067.14,600971,0.06727,-0.03506,0.23956,-0.27129,-0.69356,-0.63778,4.5092,4.10433,4.25013,7.00232,11.03297
2008-12-16,4.542,4.66,4.694,4.281000000000001,58156.53,600971,0.01992,0.01107,0.16763,-0.24203,-0.65601,-0.66414,4.5194,4.13619,4.22613,6.93007,10.99551
2008-12-17,4.67,4.609,4.758,4.582,60201.72,600971,-0.01094,0.00217,0.10634,-0.17149,-0.67787,-0.65978,4.5214,4.15729,4.21074,6.85121,10.95918
2008-12-18,4.613,4.768,4.809,4.521,59384.47,600971,0.0345,0.06239,0.27147,-0.14183,-0.67165,-0.65936,4.5774,4.20576,4.19803,6.77192,10.92166
2008-12-19,4.728,4.768,4.853,4.6739999999999995,64176.38,600971,0.0,0.11376,0.17583,-0.21151,-0.66423,-0.66247,4.6748,4.23971,4.1774,6.69524,10.88362
2008-12-22,4.768,4.606,4.7780000000000005,4.542,38235.69,600971,-0.03398,0.0081,0.16401,-0.18391,-0.65449,-0.68184,4.6822,4.27062,4.16066,6.6243,10.8435
2008-12-23,4.633,4.3389999999999995,4.633,4.261,46378.54,600971,-0.05797,-0.06888,0.09932,-0.24526,-0.67493,-0.70134,4.618,4.28929,4.13792,6.55106,10.80208
2008-12-24,4.244,4.356,4.396,4.126,36152.14,600971,0.00392,-0.05489,0.15636,-0.23188,-0.67855,-0.67855,4.5674,4.31733,4.11671,6.4763,10.7647
2008-12-25,4.346,4.163,4.393,4.129,25565.12,600971,-0.04431,-0.12689,0.099,-0.20173,-0.69023,-0.70465,4.4464,4.33519,4.09974,6.40089,10.72433
2008-12-26,4.17,4.166,4.261,4.149,27300.96,600971,0.00072,-0.12626,0.1333,-0.18474,-0.66723,-0.70437,4.326,4.35852,4.08452,6.33298,10.68398
2008-12-29,4.129,4.007,4.17,3.95,29770.02,600971,-0.03817,-0.13005,0.08709,-0.22149,-0.67908,-0.71064,4.2062,4.37381,4.06613,6.26404,10.64397
2008-12-30,4.051,3.9530000000000003,4.075,3.889,27682.33,600971,-0.01348,-0.08896,0.12621,-0.26387,-0.68945,-0.71489,4.129,4.3949,4.04327,6.19269,10.60368
2008-12-31,3.94,3.75,3.9739999999999998,3.585,24688.91,600971,-0.05135,-0.13912,-0.02293,-0.27241,-0.69189,-0.74206,4.0078,4.39071,4.02063,6.12423,10.55983
2009-01-05,3.862,4.004,4.013999999999999,3.855,28361.33,600971,0.06773,-0.03819,0.01035,-0.21949,-0.65909,-0.7209,3.976,4.39267,4.00247,6.06129,10.51778
2009-01-06,3.991,4.332,4.363,3.9739999999999998,47200.16,600971,0.08192,0.03985,-0.00619,-0.11102,-0.63285,-0.69266,4.0092,4.39138,3.99374,6.00059,10.4781
2009-01-07,4.342,4.41,4.484,4.234,54933.15,600971,0.01801,0.10057,-0.01055,-0.11765,-0.59564,-0.69046,4.0898,4.38914,3.98426,5.94777,10.43811
2009-01-08,4.261,4.332,4.41,4.231,37090.86,600971,-0.01769,0.09588,-0.08511,-0.07574,-0.59993,-0.7021,4.1656,4.36995,3.97853,5.89496,10.39661
2009-01-09,4.315,4.765,4.765,4.315,101259.72,600971,0.09995,0.27067,0.03385,0.00719,-0.54723,-0.67481,4.3686,4.37738,3.97908,5.84814,10.35641
2009-01-12,4.7010000000000005,4.877,5.107,4.667,87236.12,600971,0.0235,0.21803,0.06045,0.03965,-0.50457,-0.6724,4.5432,4.39062,3.98208,5.80776,10.31572
2009-01-13,4.792,4.751,4.9,4.68,63126.51,600971,-0.02584,0.09672,0.0586,0.05719,-0.4882,-0.68745,4.627,4.40314,3.98623,5.77091,10.27324
2009-01-14,4.745,5.103,5.107,4.704,63805.46,600971,0.07409,0.15714,0.19201,0.19761,-0.4174,-0.66654,4.7656,4.44229,3.99981,5.74119,10.23178
2009-01-15,5.039,5.073,5.249,4.941,55728.45,600971,-0.00588,0.17105,0.11031,0.26793,-0.46386,-0.67397,4.9138,4.46629,4.0171,5.7055,10.18915
2009-01-16,5.107,5.005,5.232,4.988,43626.17,600971,-0.0134,0.05037,0.07403,0.31193,-0.41687,-0.6654,4.9618,4.48271,4.03629,5.67641,10.14869
2009-01-19,4.975,4.8660000000000005,5.107,4.829,38011.52,600971,-0.02777,-0.00226,0.05576,0.1594,-0.44867,-0.67592,4.9596,4.49495,4.04708,5.64422,10.10743
2009-01-20,4.8660000000000005,5.063,5.107,4.8389999999999995,27347.68,600971,0.04048,0.06567,0.06187,0.09684,-0.40379,-0.64244,5.022,4.509,4.05429,5.61634,10.07045
2009-01-21,4.921,5.039,5.1739999999999995,4.921,27837.87,600971,-0.00474,-0.01254,0.05684,0.07053,-0.41887,-0.65349,5.0092,4.5219,4.05965,5.58681,10.03182
2009-01-22,5.122999999999999,5.35,5.407,5.039,50011.73,600971,0.06172,0.0546,0.16153,0.26269,-0.41344,-0.63946,5.0646,4.55733,4.0776,5.55615,9.99325
2009-01-23,5.279,5.235,5.407,5.215,34853.23,600971,-0.0215,0.04595,0.2065,0.37221,-0.44714,-0.65668,5.1106,4.6,4.1005,5.52173,9.95254
2009-02-02,5.309,5.332999999999999,5.394,5.235,27868.57,600971,0.01872,0.09597,0.22429,0.55345,-0.39163,-0.65941,5.204,4.64652,4.13115,5.49382,9.91057
2009-02-03,5.316,5.4239999999999995,5.566,5.309,26602.99,600971,0.01706,0.0713,0.30291,0.64165,-0.37106,-0.66607,5.2762,4.70657,4.16534,5.4678,9.86659
2009-02-04,5.462000000000001,5.4479999999999995,5.56,5.343,29903.42,600971,0.00442,0.08117,0.30773,0.77228,-0.38468,-0.66542,5.358,4.76762,4.20363,5.44011,9.82255
2009-02-05,5.455,5.5120000000000005,5.729,5.374,43436.36,600971,0.01175,0.03028,0.37559,0.73552,-0.39608,-0.66586,5.3904,4.83929,4.24131,5.41072,9.7779
2009-02-06,5.529,5.8,5.867000000000001,5.495,40547.15,600971,0.05225,0.10793,0.46724,0.91609,-0.38173,-0.65705,5.5034,4.92724,4.28603,5.38161,9.73273
2009-02-09,5.82,6.127999999999999,6.216,5.82,46297.64,600971,0.05655,0.14907,0.63413,1.08294,-0.30466,-0.6421,5.6624,5.04048,4.33742,5.35978,9.68804
2009-02-10,6.151,6.206,6.252999999999999,6.013,29174.47,600971,0.01273,0.14417,0.54995,1.23237,-0.33583,-0.6323,5.8188,5.14533,4.39268,5.33427,9.64465
2009-02-11,6.084,6.0329999999999995,6.172000000000001,5.955,35627.41,600971,-0.02788,0.10738,0.39266,1.10136,-0.41296,-0.63525,5.9358,5.22633,4.44368,5.29976,9.60194
2009-02-12,6.016,5.725,6.047000000000001,5.431,68893.74,600971,-0.05105,0.03864,0.29819,1.04684,-0.45,-0.65717,5.9784,5.28895,4.4909,5.26168,9.55733
2009-02-13,5.725,5.982,5.986000000000001,5.546,54047.01,600971,0.04489,0.03138,0.38089,1.12128,-0.4086,-0.65916,6.0148,5.36752,4.5419,5.22808,9.5103
2009-02-16,6.07,6.202000000000001,6.223,5.986000000000001,64978.61,600971,0.03678,0.01208,0.30157,1.0,-0.39011,-0.63778,6.0296,5.43595,4.59192,5.19583,9.46591
2009-02-17,6.256,6.006,6.486000000000001,5.917999999999999,86965.13,600971,-0.0316,-0.03223,0.23149,0.80469,-0.37464,-0.65832,5.9896,5.48971,4.63511,5.16658,9.41887
2009-02-18,5.813,5.455,5.8839999999999995,5.441,63692.44,600971,-0.09174,-0.09581,0.14818,0.62787,-0.44011,-0.71765,5.874,5.52324,4.66905,5.13172,9.36251
2009-02-19,5.5729999999999995,5.58,5.621,5.438,32704.08,600971,0.02291,-0.02533,0.09347,0.51384,-0.40193,-0.71099,5.845,5.54595,4.6996,5.10123,9.30671
2009-02-20,5.582999999999999,5.871,5.8839999999999995,5.5729999999999995,32562.52,600971,0.05215,-0.01856,0.1573,0.47106,-0.36385,-0.68899,5.8228,5.58395,4.72992,5.07393,9.25384
2009-02-23,5.871,6.08,6.114,5.749,44148.66,600971,0.0356,-0.01967,0.21479,0.45943,-0.36087,-0.68236,5.7984,5.63514,4.76079,5.04602,9.20075
2009-02-24,5.942,5.648,6.07,5.644,48007.39,600971,-0.07105,-0.05961,0.16071,0.50613,-0.40647,-0.69174,5.7268,5.67238,4.7914,5.01457,9.14923
2009-02-25,5.742000000000001,5.607,5.871,5.5120000000000005,39303.9,600971,-0.00726,0.02786,0.10745,0.38274,-0.38113,-0.68122,5.7572,5.69829,4.81644,4.9865,9.10052
2009-02-26,5.675,5.255,5.817,5.083,34230.75,600971,-0.06278,-0.05824,0.04287,0.32803,-0.43041,-0.72021,5.6922,5.70857,4.83737,4.95421,9.04553
2009-02-27,5.157,4.992,5.249,4.873,29687.47,600971,-0.05005,-0.14972,-0.06692,0.26476,-0.43228,-0.73263,5.5164,5.69152,4.85423,4.92331,8.98993
2009-03-02,4.89,5.015,5.079,4.863,20769.11,600971,0.00461,-0.17516,-0.04202,0.3313,-0.43998,-0.70917,5.3034,5.68105,4.87435,4.89128,8.94022
2009-03-03,4.833,4.968,5.0360000000000005,4.802,23677.78,600971,-0.00937,-0.1204,-0.06844,0.31151,-0.46228,-0.73202,5.1674,5.66367,4.89339,4.85655,8.88505
2009-03-04,4.998,5.4110000000000005,5.4110000000000005,4.995,46558.09,600971,0.08917,-0.03496,-0.0024,0.47198,-0.39555,-0.73305,5.1282,5.66305,4.92137,4.82776,8.82465
2009-03-05,5.485,5.485,5.604,5.343,47590.09,600971,0.01368,0.04377,0.00679,0.48806,-0.36961,-0.72741,5.1742,5.66481,4.95039,4.80162,8.76515
2009-03-06,5.414,6.0329999999999995,6.0329999999999995,5.374,75040.12,600971,0.09991,0.20853,0.09452,0.7188,-0.26588,-0.69379,5.3824,5.68962,4.99108,4.78385,8.70958
2009-03-09,6.26,6.077000000000001,6.591,5.996,139421.51,600971,0.00729,0.21176,0.04776,0.58338,-0.20489,-0.69609,5.5948,5.70281,5.02719,4.77112,8.653
2009-03-10,5.843999999999999,6.077000000000001,6.084,5.58,81866.4,600971,0.0,0.22323,-0.00832,0.53343,-0.11659,-0.67039,5.8166,5.70038,5.06129,4.7646,8.60276
2009-03-11,6.151,5.8229999999999995,6.162000000000001,5.817,65780.27,600971,-0.0418,0.07614,-0.06171,0.33586,-0.15302,-0.65242,5.899,5.68214,5.0849,4.75605,8.55833
2009-03-12,5.807,5.888,5.952000000000001,5.6579999999999995,44311.42,600971,0.01116,0.07347,-0.02403,0.32107,-0.13981,-0.65468,5.9796,5.67524,5.10798,4.74827,8.51295
2009-03-13,5.976,5.935,6.087000000000001,5.837000000000001,46285.22,600971,0.00798,-0.01624,0.03668,0.25343,-0.08594,-0.68184,5.96,5.68524,5.12734,4.74373,8.46124
2009-03-16,5.8839999999999995,5.867000000000001,5.888,5.648,35279.51,600971,-0.01146,-0.03456,-0.01922,0.27294,-0.01312,-0.68283,5.918,5.67976,5.14763,4.7431,8.4099
2009-03-17,5.857,6.189,6.324,5.766,82309.44,600971,0.05488,0.01843,-0.0021,0.34573,0.01061,-0.65554,5.9404,5.67914,5.17327,4.74363,8.36202
2009-03-18,6.229,6.492999999999999,6.763999999999999,6.229,125647.59,600971,0.04912,0.11506,0.08109,0.44675,0.03342,-0.63732,6.0744,5.70233,5.20561,4.74533,8.31564
2009-03-19,6.527,7.142,7.142,6.52,148398.62,600971,0.09995,0.21298,0.30926,0.6683,0.13907,-0.58156,6.3252,5.78267,5.25176,4.75242,8.27529
2009-03-20,7.244,7.575,7.853,7.0,154980.32,600971,0.06063,0.27633,0.35753,0.65791,0.23211,-0.56061,6.6532,5.87767,5.30024,4.76402,8.236
2009-03-23,7.541,7.437,7.744,7.271,116126.53,600971,-0.01822,0.2676,0.26673,0.59592,0.33687,-0.57332,6.9672,5.95224,5.34503,4.77926,8.19538
2009-03-24,7.484,7.484,7.606,7.254,98192.6,600971,0.00632,0.20924,0.23092,0.62378,0.34701,-0.56453,7.2262,6.0191,5.3914,4.79493,8.15594
2009-03-25,7.406000000000001,7.3420000000000005,7.744,7.332000000000001,84126.55,600971,-0.01897,0.13076,0.29993,0.53985,0.21416,-0.58015,7.396,6.09976,5.43292,4.80546,8.1147
2009-03-26,7.271,7.5889999999999995,7.602,6.973,81103.51,600971,0.03364,0.06259,0.35349,0.59165,0.34461,-0.53453,7.4854,6.19414,5.47842,4.82128,8.07927
2009-03-27,7.596,7.376,7.67,7.315,64490.32,600971,-0.02807,-0.02627,0.40362,0.60139,0.28301,-0.50563,7.4456,6.29514,5.5231,4.8345,8.04861
2009-03-30,7.271,7.18,7.332000000000001,7.102,38412.42,600971,-0.02657,-0.03456,0.4383,0.65476,0.26609,-0.50578,7.3942,6.39933,5.56892,4.84677,8.01874
2009-04-03,7.896,7.896,7.896,7.896,20477.85,600971,0.09972,0.05505,0.57448,0.81267,0.51409,-0.47577,7.4766,6.53652,5.62602,4.86857,7.98961
2009-04-07,7.9,8.262,8.522,7.747999999999999,128492.83,600971,0.04635,0.12531,0.66304,0.98463,0.61683,-0.45099,7.6606,6.69338,5.69213,4.8942,7.96202
2009-04-08,8.262,7.89,8.262,7.88,71692.65,600971,-0.04503,0.03966,0.45814,0.8939,0.53293,-0.48371,7.7208,6.81143,5.75219,4.9165,7.93197
2009-04-09,7.846,7.724,7.995,7.44,65524.45,600971,-0.02104,0.04718,0.4082,0.92763,0.43836,-0.50809,7.7904,6.91805,5.81215,4.93563,7.89954
2009-04-10,7.8389999999999995,8.116,8.238,7.619,83489.58,600971,0.05075,0.13036,0.34527,1.05312,0.5747,-0.47841,7.9776,7.01724,5.87929,4.95972,7.86928
2009-04-13,8.12,8.539,8.657,8.116,137670.88,600971,0.05212,0.08143,0.40513,1.27707,0.66452,-0.43826,8.1062,7.13448,5.95653,4.98743,7.8422
2009-04-14,8.488,8.316,8.488,8.191,85001.1,600971,-0.02612,0.00654,0.36844,1.07692,0.70655,-0.46296,8.117,7.2411,6.02608,5.01542,7.81305
2009-04-15,8.292,8.519,8.793,8.15,90116.59,600971,0.02441,0.07972,0.46299,0.96653,0.70448,-0.43032,8.2428,7.36948,6.09361,5.04405,7.78689
2009-04-16,8.559,8.302,8.61,8.201,52661.13,600971,-0.02547,0.07483,0.40999,0.88254,0.77128,-0.41523,8.3584,7.48443,6.15639,5.07344,7.76293
2009-04-17,8.312000000000001,8.082,8.383,7.872999999999999,49261.4,600971,-0.0265,-0.00419,0.36175,0.86565,0.70831,-0.44423,8.3516,7.58667,6.21687,5.10068,7.73667
2009-04-20,8.049,8.343,8.414,7.981,41735.0,600971,0.03229,-0.02295,0.42202,0.75089,0.77851,-0.43636,8.3124,7.70457,6.27458,5.13037,7.71041
2009-04-21,8.241,8.138,8.541,7.941,48203.21,600971,-0.02457,-0.0214,0.31491,0.66865,0.81086,-0.46856,8.2768,7.79738,6.32718,5.16,7.68125
2009-04-22,8.167,7.422999999999999,8.298,7.395,72240.69,600971,-0.08786,-0.12865,0.14323,0.56241,0.74208,-0.51427,8.0576,7.84167,6.37027,5.18571,7.6493
2009-04-23,7.395,7.777,7.801,7.255,66557.72,600971,0.04769,-0.06324,0.08891,0.52401,0.94376,-0.44505,7.9526,7.8719,6.4134,5.21641,7.62395
2009-04-24,7.801,7.551,7.855,7.534,38758.04,600971,-0.02906,-0.0657,-0.00317,0.48847,0.97929,-0.40299,7.8464,7.87076,6.45337,5.24678,7.60323
2009-04-27,7.526,7.358,7.551,7.251,30795.76,600971,-0.02556,-0.11806,-0.01062,0.47013,0.75316,-0.42623,7.6494,7.867,6.49132,5.27248,7.58101
2009-04-28,7.308,7.727,7.756,7.2589999999999995,56167.78,600971,0.05015,-0.0505,0.03247,0.58796,0.67396,-0.39886,7.5672,7.87857,6.53747,5.29777,7.56017
2009-04-29,7.763999999999999,8.232999999999999,8.376,7.641,96507.26,600971,0.06548,0.10912,0.12136,0.62611,0.7491,-0.36747,7.7292,7.921,6.5886,5.32644,7.54072
2009-04-30,8.261000000000001,8.29,8.479,8.134,73394.53,600971,0.00692,0.06596,0.09237,0.64517,0.95657,-0.32618,7.8318,7.95438,6.64103,5.35939,7.52441
2009-05-04,8.344,9.025,9.12,8.344,125276.75,600971,0.08866,0.19521,0.22356,0.68692,1.36566,-0.2351,8.1266,8.0329,6.70031,5.40175,7.51313
2009-05-05,9.067,8.841000000000001,9.075,8.668,105377.4,600971,-0.02039,0.20155,0.23134,0.68883,1.5753,-0.26128,8.4232,8.112,6.75847,5.44572,7.50042
2009-05-06,8.845,9.071,9.383,8.754,102102.66,600971,0.02602,0.17394,0.14881,0.70092,1.74546,-0.23361,8.692,8.16795,6.81876,5.4926,7.48918
2009-05-07,9.161,9.342,9.371,8.915,111075.43,600971,0.02988,0.1347,0.13072,0.72235,2.03904,-0.25443,8.9138,8.21938,6.88195,5.54356,7.47622
2009-05-08,9.276,9.621,9.863999999999999,9.132,144699.29,600971,0.02987,0.16055,0.21939,0.76597,2.02928,-0.19178,9.18,8.30181,6.94926,5.59596,7.46694
2009-05-11,9.728,9.231,9.777000000000001,9.202,114907.89,600971,-0.04054,0.02283,0.19511,0.67471,2.04955,-0.16499,9.2212,8.37357,7.00924,5.6464,7.45953
2009-05-12,9.046,9.535,9.572000000000001,9.046,68799.37,600971,0.03293,0.0785,0.17484,0.64397,2.24099,-0.15357,9.36,8.44114,7.06948,5.7,7.4525
2009-05-13,9.588,9.625,10.036,9.472999999999999,81661.84,600971,0.00944,0.06107,0.12718,0.57066,2.46223,-0.1471,9.4708,8.49286,7.12589,5.75565,7.44575
2009-05-14,9.449,9.933,9.982999999999999,9.366,95039.47,600971,0.032,0.06326,0.19444,0.60055,2.45977,-0.19132,9.589,8.56986,7.186,5.81307,7.4362
2009-05-15,9.937000000000001,9.835,10.003,9.662,55414.31,600971,-0.00987,0.02224,0.15448,0.6302,2.51627,-0.20756,9.6318,8.63252,7.24732,5.87028,7.42572
2009-05-18,9.777000000000001,10.299000000000001,10.558,9.449,88295.29,600971,0.04718,0.1157,0.24054,0.79895,2.65213,-0.13773,9.8454,8.72762,7.3211,5.93109,7.41904
2009-05-19,10.27,10.196,10.554,10.155,83596.97,600971,-0.01,0.06932,0.26157,0.70445,2.28797,-0.19169,9.9776,8.82829,7.38906,5.98877,7.40921
2009-05-20,10.176,10.443,10.693,10.065,105722.96,600971,0.02423,0.08499,0.25171,0.68381,2.13792,-0.18586,10.1412,8.92829,7.45747,6.04662,7.39952
2009-05-21,10.27,10.232999999999999,10.644,9.859,101620.42,600971,-0.02011,0.0302,0.25743,0.7038,2.05372,-0.15944,10.2012,9.02805,7.52565,6.10257,7.39163
2009-05-22,10.089,9.687000000000001,10.097999999999999,9.654,60955.96,600971,-0.05336,-0.01505,0.305,0.7758,1.62805,-0.23616,10.1716,9.13586,7.5939,6.15136,7.37945
2009-05-25,9.238999999999999,9.58,9.691,9.152999999999999,77037.07,600971,-0.01105,-0.06981,0.23184,0.71685,1.4004,-0.21269,10.0278,9.22171,7.65842,6.1968,7.36893
2009-05-26,9.58,9.186,9.818,9.161,52257.21,600971,-0.04113,-0.09906,0.21653,0.56464,1.20499,-0.19633,9.8258,9.29957,7.71189,6.23761,7.35981
2009-05-27,9.283999999999999,9.079,9.402999999999999,8.91,64716.75,600971,-0.01165,-0.13061,0.2339,0.49326,1.42107,-0.21733,9.553,9.38152,7.76026,6.28093,7.34956
2009-06-01,9.283999999999999,9.987,9.987,9.283999999999999,73920.75,600971,0.10001,-0.02404,0.29248,0.76824,1.46289,-0.1158,9.5038,9.48914,7.83024,6.32916,7.34424
2009-06-02,10.369000000000002,10.447000000000001,10.763,10.209,169430.35,600971,0.04606,0.07846,0.26892,0.86321,1.64013,-0.1354,9.6558,9.59457,7.90831,6.38193,7.33759
2009-06-03,10.459000000000001,10.927999999999999,11.092,10.283,125386.34,600971,0.04604,0.14071,0.31821,1.07954,1.76869,-0.17017,9.9254,9.72019,7.99981,6.43868,7.32848
2009-06-04,10.681,10.878,10.977,10.385,102628.44,600971,-0.00458,0.18419,0.20532,1.17909,1.88771,-0.14816,10.2638,9.80843,8.09474,6.4965,7.32079
2009-06-05,10.985,10.632,11.088,10.619000000000002,85359.07,600971,-0.02261,0.17105,0.20258,1.12004,1.80676,-0.12378,10.5744,9.89371,8.18534,6.55214,7.31469
2009-06-08,10.425999999999998,10.232999999999999,10.545,10.139,69583.23,600971,-0.03753,0.02463,0.1281,1.05978,1.78373,-0.20619,10.6236,9.94905,8.27026,6.60545,7.30388
2009-06-09,10.232999999999999,10.328,10.504000000000001,10.024,65668.66,600971,0.00928,-0.01139,0.10554,0.9087,1.80195,-0.2149,10.5998,9.996,8.34956,6.65945,7.29239
2009-06-10,10.554,10.335999999999999,10.619000000000002,10.192,43538.89,600971,0.00077,-0.05417,0.07432,0.88441,1.94473,-0.23494,10.4814,10.03005,8.42781,6.71494,7.27949
2009-06-11,10.232999999999999,10.007,10.307,9.982999999999999,47865.16,600971,-0.03183,-0.08007,0.08406,0.65871,1.60735,-0.26208,10.3072,10.067,8.4919,6.7651,7.26504
2009-06-12,9.982999999999999,10.044,10.27,9.863999999999999,41933.57,600971,0.0037,-0.0553,0.05338,0.65279,1.53444,-0.27948,10.1896,10.09124,8.55589,6.81454,7.2492
2009-06-15,10.036,9.872,10.168,9.625,39082.68,600971,-0.01712,-0.03528,0.02566,0.62449,1.26474,-0.35502,10.1174,10.103,8.6171,6.85936,7.22711
2009-06-16,9.736,9.942,10.106,9.617,40552.47,600971,0.00709,-0.03737,0.00091,0.70737,1.23065,-0.34523,10.0402,10.10343,8.68353,6.90395,7.2058
2009-06-17,9.937000000000001,10.02,10.057,9.683,38021.16,600971,0.00785,-0.03057,0.01881,0.70177,1.11616,-0.32026,9.977,10.11224,8.75018,6.94692,7.18661
2009-06-18,10.081,10.414000000000001,10.513,10.081,84460.22,600971,0.03932,0.04067,0.01117,0.75468,1.25949,-0.29759,10.0584,10.11771,8.82242,6.99411,7.16868
2009-06-19,10.418,10.184,10.467,10.122,52080.61,600971,-0.02209,0.01394,-0.00118,0.73581,1.21439,-0.34033,10.0864,10.11714,8.89205,7.03952,7.14732
2009-06-22,10.151,9.995,10.27,9.81,53632.14,600971,-0.01856,0.01246,-0.0429,0.61496,1.22705,-0.33747,10.111,10.09581,8.95344,7.08429,7.12663
2009-06-23,9.839,9.917,10.052999999999999,9.695,35422.29,600971,-0.0078,-0.00251,-0.03088,0.52734,1.31651,-0.31308,10.106,10.08076,9.00866,7.13011,7.10825
2009-06-24,10.052999999999999,10.32,10.332,9.843,73400.89,600971,0.04064,0.02994,0.06535,0.44497,1.2587,-0.30785,10.166,10.1109,9.05992,7.17687,7.08959
2009-06-25,10.328,10.077,10.41,10.016,43040.08,600971,-0.02355,-0.03236,0.05188,0.3303,1.16245,-0.25615,10.0986,10.13457,9.10027,7.22091,7.07549
2009-06-26,10.18,10.187999999999999,10.369000000000002,10.057,51998.24,600971,0.01102,0.00039,0.10908,0.36991,1.21046,-0.28795,10.0994,10.18229,9.14465,7.26627,7.05874
2009-06-29,10.187999999999999,10.435,10.673,9.946,85695.79,600971,0.02424,0.04402,0.14936,0.39431,1.18855,-0.28139,10.1874,10.24686,9.19224,7.31234,7.04213
2009-06-30,10.624,10.459000000000001,10.784,10.405999999999999,87384.27,600971,0.0023,0.05465,0.04726,0.42454,1.19358,-0.26345,10.2958,10.26933,9.24252,7.35861,7.02692
2009-07-01,10.352,10.636,10.755,10.302999999999999,71594.54,600971,0.01692,0.03062,0.01809,0.4015,1.30916,-0.20216,10.359,10.27833,9.29166,7.40763,7.01597
2009-07-02,10.681,10.841,10.886,10.648,98781.02,600971,0.01927,0.07582,-0.00796,0.46977,1.4985,-0.18782,10.5118,10.27419,9.34755,7.4605,7.00578
2009-07-03,10.681,11.215,11.370999999999999,10.64,112040.88,600971,0.0345,0.1008,0.03098,0.56198,1.57461,-0.17239,10.7172,10.29024,9.41263,7.51626,6.99628
2009-07-06,11.227,11.055,11.605,10.890999999999998,111568.36,600971,-0.01427,0.05942,0.03979,0.40008,1.65554,-0.17739,10.8412,10.31038,9.46358,7.57229,6.98659
2009-07-07,11.01,10.697000000000001,11.043,10.669,69332.85,600971,-0.03238,0.02276,0.04534,0.29472,1.56769,-0.14554,10.8888,10.33248,9.50285,7.62539,6.97918
2009-07-08,10.537,11.03,11.043,10.48,62326.21,600971,0.03113,0.03704,0.06797,0.39797,1.75268,-0.11661,10.9676,10.3659,9.5535,7.68249,6.97326
2009-07-09,10.993,11.7,11.876,10.845,142123.48,600971,0.06074,0.07924,0.13197,0.51476,1.95978,-0.08084,11.1394,10.43086,9.61763,7.74547,6.96908
2009-07-10,11.655,11.667,12.155999999999999,11.56,90723.97,600971,-0.00282,0.0403,0.16588,0.43753,2.1112,-0.04141,11.2298,10.5099,9.6749,7.80984,6.96703
2009-07-13,11.622,11.232000000000001,11.794,11.203,61532.12,600971,-0.03728,0.01601,0.11828,0.31538,1.80519,-0.04368,11.2652,10.56648,9.71834,7.8686,6.96495
2009-07-14,11.280999999999999,11.577,11.749,11.280999999999999,55981.51,600971,0.03072,0.08227,0.17271,0.39214,1.67244,-0.01882,11.4412,10.64767,9.77094,7.9275,6.96404
2009-07-15,11.585,12.085999999999999,12.357000000000001,11.433,97116.51,600971,0.04397,0.09574,0.21565,0.41871,1.74059,0.1082,11.6524,10.74976,9.82847,7.98991,6.96884
2009-07-16,12.18,12.130999999999998,12.715,12.037,83781.62,600971,0.00372,0.03684,0.21068,0.46121,1.80032,0.12034,11.7386,10.85029,9.89023,8.05332,6.97414
2009-07-17,12.119000000000002,13.343,13.343,12.078,134432.9,600971,0.09991,0.14365,0.28126,0.65095,1.80021,0.26786,12.0738,10.98976,9.97508,8.12306,6.9856
2009-07-20,13.495,14.677999999999999,14.677999999999999,13.495,148182.48,600971,0.10005,0.3068,0.44128,0.75932,2.00964,0.49106,12.763,11.20376,10.07726,8.20274,7.00525
2009-07-21,14.99,14.489,15.036,14.202,95286.04,600971,-0.01288,0.25153,0.44962,0.78041,2.04967,0.56081,13.3454,11.41776,10.17969,8.28191,7.02641
2009-07-22,14.584000000000001,15.939,15.939,14.584000000000001,97275.8,600971,0.10008,0.3188,0.60724,1.14725,2.12346,0.81973,14.116,11.70452,10.31705,8.37001,7.0556
2009-07-23,16.042,16.160999999999998,16.757,15.713,107841.69,600971,0.01393,0.33221,0.56599,1.07805,2.18569,0.70799,14.922,11.98267,10.45227,8.46015,7.08283
2009-07-24,16.293,16.219,16.945999999999998,15.779000000000002,88444.88,600971,0.00359,0.21554,0.60951,1.14793,2.24056,0.88967,15.4972,12.27514,10.59208,8.55133,7.11387
2009-07-27,16.017,16.038,16.346,15.529000000000002,85596.54,600971,-0.01116,0.09266,0.5742,1.17967,2.29593,0.81713,15.7692,12.55371,10.73208,8.64215,7.14319
2009-07-28,15.939,16.104,16.391,15.610999999999999,68335.25,600971,0.00412,0.11146,0.54327,1.08412,2.18072,0.89637,16.0922,12.82367,10.86719,8.73192,7.17413
2009-07-29,15.98,14.6,15.98,14.493,82117.25,600971,-0.09339,-0.08401,0.39593,0.77335,1.8974,0.68377,15.8244,13.02086,10.96989,8.80965,7.19823
2009-07-30,14.604000000000001,14.870999999999999,14.978,13.524000000000001,79030.54,600971,0.01856,-0.07982,0.39818,0.79385,1.77963,0.63041,15.5664,13.22252,11.07603,8.88706,7.22161
2009-07-31,14.995,15.409,15.644,14.789000000000001,74991.77,600971,0.03618,-0.04994,0.42136,0.70737,1.94346,0.62731,15.4044,13.44005,11.179,8.96977,7.24575
2009-08-03,15.529000000000002,15.414000000000001,15.815999999999999,14.665999999999999,74326.78,600971,0.00032,-0.03891,0.37441,0.74347,1.89031,0.75838,15.2796,13.64,11.28502,9.05173,7.27278
2009-08-04,15.446,16.012999999999998,16.063,14.789000000000001,107147.47,600971,0.03886,-0.00565,0.44848,0.7653,1.95225,0.85679,15.2614,13.8761,11.39698,9.13782,7.30281
2009-08-05,15.709000000000001,15.151,15.709000000000001,14.912,96736.47,600971,-0.05383,0.03774,0.41638,0.62182,1.78102,0.7112,15.3716,14.08819,11.49068,9.21671,7.32841
2009-08-06,14.859000000000002,14.259,14.859000000000002,14.05,78378.0,600971,-0.05887,-0.04115,0.29275,0.48207,1.5869,0.56229,15.2492,14.24195,11.56548,9.28782,7.34927
2009-08-07,14.235,13.515999999999998,14.522,13.372,64580.82,600971,-0.05211,-0.12285,0.15521,0.4642,1.33034,0.44078,14.8706,14.32843,11.6346,9.35055,7.36608
2009-08-10,13.597999999999999,13.639000000000001,13.955,13.105,62057.79,600971,0.0091,-0.11516,0.16902,0.43041,1.22569,0.5476,14.5156,14.42233,11.70079,9.41162,7.3857
2009-08-11,13.77,13.737,13.84,13.277000000000001,41970.28,600971,0.00719,-0.14213,0.22302,0.42722,1.2135,0.47014,14.0604,14.54162,11.76711,9.47285,7.40356
2009-08-12,13.557,12.702,13.639000000000001,12.520999999999999,79619.55,600971,-0.07534,-0.16164,0.09718,0.27877,1.10542,0.23596,13.5706,14.59519,11.81177,9.52707,7.41341
2009-08-13,12.665,13.075999999999999,13.298,12.489,76351.85,600971,0.02944,-0.08297,0.08191,0.32954,1.28402,0.25622,13.334,14.64233,11.86405,9.58683,7.42426
2009-08-14,13.145999999999999,13.22,13.372,12.747,66869.54,600971,0.01101,-0.0219,0.08977,0.28362,1.20996,0.30697,13.2748,14.69419,11.91116,9.64567,7.43688
2009-08-17,12.94,12.012,13.064,11.897,63964.39,600971,-0.09138,-0.11929,-0.09975,0.17811,0.93679,0.18124,12.9494,14.63081,11.94045,9.69291,7.44437
2009-08-18,11.716,12.304,12.308,11.667,40701.32,600971,0.02431,-0.10432,-0.16174,0.17821,1.04862,0.28113,12.6628,14.51776,11.97047,9.74411,7.45535
2009-08-19,12.402000000000001,11.523,12.571,11.412,59966.26,600971,-0.06348,-0.09282,-0.20471,0.12606,1.11237,0.1827,12.427,14.37652,11.99127,9.79345,7.46258
2009-08-20,11.589,12.677999999999999,12.677999999999999,11.589,162671.57,600971,0.10023,-0.03044,-0.20459,0.30876,1.27204,0.35884,12.3474,14.22124,12.03952,9.85115,7.47619
2009-08-21,12.85,13.684000000000001,13.720999999999998,12.677999999999999,178848.33,600971,0.07935,0.0351,-0.15327,0.42839,1.33078,0.48272,12.4402,14.10329,12.10571,9.91467,7.4943
2009-08-24,13.557,13.709000000000001,14.304,13.253,133072.94,600971,0.00183,0.14128,-0.15476,0.49238,1.25477,0.44108,12.7796,13.98376,12.17866,9.9767,7.51136
2009-08-25,13.31,13.158,13.405,12.369000000000002,116865.47,600971,-0.04019,0.06941,-0.17957,0.44928,1.32967,0.38272,12.9504,13.84662,12.24445,10.03776,7.52616
2009-08-26,12.743,12.998,13.565,12.739,93908.23,600971,-0.01216,0.128,-0.19287,0.30149,1.31817,0.43466,13.2454,13.69871,12.29302,10.09785,7.54217
2009-08-27,12.857999999999999,12.764000000000001,13.190999999999999,12.595,67445.33,600971,-0.018,0.00678,-0.12575,0.22179,1.42892,0.38348,13.2626,13.61129,12.33039,10.15889,7.55655
2009-08-28,12.899000000000001,12.238,13.014000000000001,12.18,58025.15,600971,-0.04121,-0.10567,-0.17706,0.11988,1.45152,0.39179,12.9734,13.4859,12.35152,10.2178,7.57056
2009-08-31,11.987,11.014000000000001,11.987,11.014000000000001,84153.64,600971,-0.10002,-0.19659,-0.28522,0.0125,1.19621,0.22993,12.4344,13.27662,12.35371,10.26658,7.57893
2009-09-01,10.689,11.095999999999998,11.395999999999999,10.632,67403.42,600971,0.00745,-0.15671,-0.28013,0.04364,1.23349,0.201,12.022,13.071,12.36119,10.3164,7.58648
2009-09-02,11.174000000000001,11.466,11.638,10.989,70569.78,600971,0.03335,-0.11786,-0.28396,0.12049,1.11902,0.28083,11.7156,12.85448,12.38108,10.36563,7.5967
2009-09-03,11.425,12.25,12.402000000000001,11.227,82060.79,600971,0.06838,-0.04027,-0.19147,0.1861,1.23336,0.40788,11.6128,12.71633,12.41208,10.42063,7.61112
2009-09-04,12.119000000000002,12.094000000000001,12.640999999999998,12.078,73727.25,600971,-0.01273,-0.01177,-0.15183,0.17009,1.00464,0.47165,11.584,12.61324,12.44044,10.4699,7.62688
2009-09-07,12.324000000000002,12.097999999999999,12.427,11.872,62732.03,600971,0.00033,0.09842,-0.10491,0.20895,0.99078,0.58289,11.8008,12.54571,12.47416,10.51885,7.64499
2009-09-08,11.955,12.71,12.817,11.593,106789.63,600971,0.05059,0.14546,-0.06811,0.26543,1.09149,0.84765,12.1236,12.50148,12.51716,10.57278,7.66869
2009-09-09,12.972999999999999,13.15,13.343,12.817,121668.86,600971,0.03462,0.14687,-0.04273,0.33205,1.25829,0.91273,12.4604,12.47352,12.57003,10.63235,7.6942
2009-09-10,13.023,12.834000000000001,13.195,12.739,55504.08,600971,-0.02403,0.04767,0.01039,0.29089,1.17969,0.87495,12.5772,12.47981,12.61668,10.68882,7.71854
2009-09-11,12.686,13.145999999999999,13.306,12.579,63494.48,600971,0.02431,0.08699,0.00535,0.31198,1.215,1.02464,12.7876,12.48314,12.6671,10.74745,7.74559
2009-09-14,13.064,13.235999999999999,13.277000000000001,12.972999999999999,63602.77,600971,0.00685,0.09407,0.00121,0.27098,1.25601,1.22641,13.0152,12.4839,12.71261,10.80736,7.77523
2009-09-15,13.228,13.395999999999999,13.754000000000001,13.199000000000002,74882.32,600971,0.01209,0.05397,0.11522,0.3154,1.16449,1.18746,13.1524,12.54981,12.76442,10.86595,7.80479
2009-09-16,13.395999999999999,13.100999999999999,13.512,12.652999999999999,76427.47,600971,-0.02202,-0.00373,0.06478,0.31076,1.01771,1.08515,13.1426,12.58776,12.81452,10.91967,7.8325
2009-09-17,13.257,13.235999999999999,13.454,13.145999999999999,51327.56,600971,0.0103,0.03132,0.14866,0.33468,0.85326,1.111,13.223,12.66933,12.86805,10.96922,7.86082
2009-09-18,13.433,12.682,13.552999999999999,12.591,56552.86,600971,-0.04186,-0.0353,0.00032,0.22888,0.67419,1.06278,13.1302,12.66952,12.90615,11.01074,7.88738
2009-09-21,12.520999999999999,12.788,12.862,12.061,44732.15,600971,0.00836,-0.03385,-0.06548,0.26903,0.71951,1.29876,13.0406,12.62686,12.94987,11.05424,7.91675
2009-09-22,12.534,12.139000000000001,12.776,12.119000000000002,41572.07,600971,-0.05075,-0.09383,-0.11452,0.1915,0.62199,1.18485,12.7892,12.5521,12.98134,11.09209,7.94351
2009-09-23,12.200999999999999,11.585,12.402000000000001,11.379000000000001,57821.3,600971,-0.04564,-0.11572,-0.11955,0.11021,0.57791,0.91583,12.486,12.47719,12.99989,11.12659,7.96602
2009-09-24,11.453,11.642000000000001,11.992,11.092,41987.91,600971,0.00492,-0.12043,-0.10432,0.11311,0.53406,1.06272,12.1672,12.41262,13.01897,11.15954,7.99041
2009-09-25,11.544,11.544,11.667,11.322000000000001,22426.01,600971,-0.00842,-0.08973,-0.09558,0.08537,0.56508,1.008,11.9396,12.35452,13.03361,11.19342,8.01396
2009-09-28,11.552,11.059000000000001,11.892999999999999,11.03,26790.82,600971,-0.04201,-0.1352,-0.09634,0.02011,0.54025,0.9501,11.5938,12.29838,13.03713,11.22496,8.03587
2009-09-29,11.088,10.965,11.215,10.702,25607.58,600971,-0.0085,-0.09671,-0.00445,-0.02229,0.38868,1.10259,11.359,12.29605,13.0331,11.24991,8.05924
2009-09-30,11.071,11.133,11.4,11.03,30419.59,600971,0.01532,-0.03902,0.00333,0.00706,0.34749,1.17867,11.2686,12.29781,13.03435,11.27325,8.08372
2009-10-09,11.530999999999999,12.245999999999999,12.245999999999999,11.523,60418.5,600971,0.09997,0.05188,0.06803,0.14481,0.55209,1.37925,11.3894,12.33495,13.05934,11.30867,8.11258
2009-10-12,12.245999999999999,11.901,12.308,11.876,38508.83,600971,-0.02817,0.03093,-0.02849,0.07897,0.54078,1.2162,11.4608,12.31833,13.07339,11.34263,8.13913
2009-10-13,11.852,12.238,12.484000000000002,11.852,45977.53,600971,0.02832,0.10661,0.01191,0.04598,0.50789,1.37447,11.6966,12.32519,13.08206,11.37614,8.16793
2009-10-14,12.411,12.431,12.735,12.341,58853.36,600971,0.01577,0.1337,0.02753,0.06548,0.45579,1.4232,11.9898,12.34105,13.09439,11.40778,8.19761
2009-10-15,12.571,12.415,12.715,12.345,40269.57,600971,-0.00129,0.11515,-0.02321,0.10532,0.49291,1.54771,12.2462,12.327,13.11347,11.44111,8.22826
2009-10-16,12.652999999999999,12.517000000000001,12.731,12.242,43564.85,600971,0.00822,0.02213,-0.04814,0.0812,0.4693,1.5044,12.3004,12.29686,13.12863,11.47361,8.25883
2009-10-19,12.55,12.92,12.998,12.357000000000001,65467.43,600971,0.0322,0.08562,0.0067,0.06901,0.55625,1.75656,12.5042,12.30095,13.14208,11.51115,8.2923
2009-10-20,13.125,13.129000000000001,13.372,13.019,74821.54,600971,0.01618,0.07281,-0.00129,0.08227,0.62447,1.7751,12.6824,12.30014,13.15818,11.55219,8.32643
2009-10-21,13.084000000000001,13.005999999999998,13.335,12.870999999999999,57259.05,600971,-0.00937,0.04626,-0.01738,-0.02526,0.55891,1.77254,12.7974,12.28919,13.15274,11.5901,8.36024
2009-10-22,13.145999999999999,13.043,13.294,12.99,46738.32,600971,0.00284,0.05058,-0.02635,-0.11139,0.60273,1.90231,12.923,12.27238,13.12637,11.62998,8.39499
2009-10-23,13.08,13.597999999999999,13.914000000000001,13.056,93375.29,600971,0.04255,0.08636,0.03794,-0.06149,0.83187,2.19127,13.1392,12.29605,13.112,11.68018,8.43294
2009-10-26,13.668,13.503,13.7,13.331,47486.01,600971,-0.00699,0.04512,0.02017,-0.15283,0.73627,2.37491,13.2558,12.30876,13.07271,11.72673,8.47157
2009-10-27,13.228,12.812999999999999,13.265,12.755999999999998,59445.93,600971,-0.0511,-0.02407,0.01033,-0.20717,0.69686,2.35858,13.1926,12.315,13.01871,11.76951,8.50815
2009-10-28,12.776,13.005999999999998,13.154000000000002,12.747,41321.82,600971,0.01506,0.0,0.01705,-0.1981,0.7676,2.09888,13.1926,12.32538,12.96689,11.81543,8.54396
2009-10-30,13.125,13.696,14.255,13.125,133488.48,600971,0.05305,0.05007,0.12826,-0.14603,0.77249,1.96707,13.3232,12.39952,12.92911,11.86396,8.58087
2009-11-02,13.187000000000001,15.064,15.064,13.068,161151.01,600971,0.09988,0.10781,0.3003,-0.06458,0.82971,2.20034,13.6164,12.56519,12.91234,11.9195,8.62297
2009-11-03,15.409,15.302999999999999,15.446,14.953,158462.79,600971,0.01587,0.1333,0.31446,0.04815,0.84596,2.61175,13.9764,12.73952,12.92368,11.97651,8.66795
2009-11-04,15.282,15.196,15.344000000000001,14.953,98357.65,600971,-0.00699,0.18598,0.31635,0.02185,0.68377,2.98322,14.453,12.91343,12.92892,12.02668,8.71422
2009-11-05,15.282,15.225,15.282,14.728,120008.63,600971,0.00191,0.17061,0.37671,-0.01194,0.72209,3.4349,14.8968,13.11181,12.92595,12.07859,8.76215
2009-11-06,15.2,14.937000000000001,15.241,14.838,83825.94,600971,-0.01892,0.09061,0.36224,-0.03095,0.64668,3.52088,15.145,13.30095,12.91826,12.12628,8.80944
2009-11-09,14.904000000000002,14.97,14.99,14.617,69287.31,600971,0.00221,-0.00624,0.34465,-0.06513,0.60244,3.86988,15.1262,13.48367,12.90144,12.17203,8.8578
2009-11-10,15.253,14.915999999999999,15.392999999999999,14.912,72849.85,600971,-0.00361,-0.02529,0.21803,-0.01551,0.55036,3.69647,15.0488,13.61081,12.89765,12.21508,8.90552
2009-11-11,14.912,14.658,14.912,14.543,59564.59,600971,-0.0173,-0.0354,0.23166,0.02798,0.58791,3.84242,14.9412,13.7421,12.90408,12.2592,8.9528
2009-11-12,14.780999999999999,14.604000000000001,14.892000000000001,14.604000000000001,37036.75,600971,-0.00368,-0.04079,0.19333,0.0805,0.53162,3.96397,14.817,13.85476,12.92163,12.30041,9.00021
2009-11-13,14.543,15.003,15.015,14.456,47869.77,600971,0.02732,0.00442,0.2069,0.10001,0.55875,4.39676,14.8302,13.97724,12.94363,12.34414,9.04989
2009-11-16,15.192,15.931,16.301,15.056,130760.05,600971,0.06185,0.0642,0.28321,0.15971,0.60385,4.54894,15.0224,14.14467,12.97902,12.3929,9.10298
2009-11-17,15.927,15.623,15.927,15.549000000000001,81058.36,600971,-0.01933,0.0474,0.24814,0.22996,0.58851,4.58563,15.1638,14.29257,13.02613,12.43996,9.15512
2009-11-18,15.833,15.874,16.379,15.779000000000002,82630.16,600971,0.01607,0.08296,0.22864,0.21398,0.54131,4.62908,15.407,14.43324,13.07126,12.48528,9.20819
2009-11-19,15.98,15.948,16.022000000000002,15.66,55068.83,600971,0.00466,0.09203,0.21472,0.20635,0.56414,4.14286,15.6758,14.56748,13.11526,12.53205,9.26041
2009-11-20,15.898,15.927,16.108,15.627,46802.58,600971,-0.00132,0.06159,0.22459,0.32592,0.52514,3.78576,15.8606,14.70657,13.1784,12.57663,9.31163
2009-11-23,15.923,15.956,16.075,15.815999999999999,47355.32,600971,0.00182,0.00157,0.22334,0.29681,0.55927,3.76156,15.8656,14.84529,13.23731,12.62316,9.36287
2009-11-24,16.083,15.307,16.35,15.204,93573.2,600971,-0.04067,-0.02023,0.12568,0.32839,0.58016,3.15274,15.8024,14.92667,13.29834,12.66885,9.41011
2009-11-25,15.204,15.693,15.755,15.163,72494.98,600971,0.02522,-0.0114,0.16219,0.23781,0.6381,2.9321,15.7662,15.03095,13.34697,12.71855,9.45767
2009-11-26,15.675999999999998,14.855,15.972000000000001,14.789000000000001,75168.11,600971,-0.0534,-0.06854,0.15937,0.08557,0.61713,2.56577,15.5476,15.12819,13.36585,12.76464,9.50113
2009-11-27,14.584000000000001,14.009,14.777000000000001,13.885,84243.84,600971,-0.05695,-0.12042,0.07712,0.02188,0.54301,2.73573,15.164,15.17595,13.37069,12.80472,9.54283
2009-11-30,14.37,14.822000000000001,14.850999999999999,14.107000000000001,55657.2,600971,0.05803,-0.07107,0.08221,0.12646,0.48413,2.65524,14.9372,15.22957,13.39753,12.84403,9.5866
2009-12-01,14.44,14.937000000000001,15.068,14.44,47592.7,600971,0.00776,-0.02417,-0.00843,0.14918,0.42979,2.77483,14.8632,15.22352,13.42881,12.88054,9.63123
2009-12-03,15.2,15.327,15.335999999999999,14.953,59126.44,600971,0.02611,-0.02332,0.00157,0.2008,0.40254,2.8832,14.79,15.22467,13.47015,12.9163,9.67749
2009-12-04,15.327,15.29,15.8,14.875,72900.38,600971,-0.00241,0.02928,0.00619,0.24939,0.40559,3.05893,14.877,15.22914,13.51937,12.95217,9.72433
2009-12-07,15.446,15.277999999999999,15.597999999999999,15.159,42975.86,600971,-0.00078,0.09058,0.00348,0.38714,0.43698,3.03326,15.1308,15.23167,13.58815,12.98994,9.77104
2009-12-08,15.265999999999998,15.13,15.265999999999998,14.921,36847.19,600971,-0.00969,0.02078,0.01292,0.36355,0.47855,3.11589,15.1924,15.24086,13.65321,13.02976,9.8176
2009-12-09,14.953,14.735999999999999,15.077,14.665999999999999,35386.9,600971,-0.02604,-0.01346,-0.01563,0.28519,0.4268,2.99783,15.1522,15.22971,13.70595,13.06559,9.86252
2009-12-10,14.83,14.773,14.953,14.629000000000001,26552.09,600971,0.00251,-0.03615,-0.00959,0.20596,0.42928,3.20883,15.0414,15.2229,13.74665,13.10167,9.9083
2009-12-11,14.83,14.785,14.995,14.748,21021.96,600971,0.00081,-0.03303,0.00866,0.22251,0.47747,2.85227,14.9404,15.22895,13.79005,13.14051,9.9528
2009-12-14,14.875,14.83,14.912,14.382,25420.37,600971,0.00304,-0.02932,0.01548,0.22582,0.4765,2.74211,14.8508,15.23971,13.83411,13.17942,9.99698
2009-12-15,14.83,14.797,15.073,14.682,28480.35,600971,-0.00223,-0.02201,-0.01373,0.1642,0.49889,2.39459,14.7842,15.2299,13.86777,13.21946,10.03941
2009-12-16,14.769,14.793,15.073,14.748,31578.61,600971,-0.00027,0.00387,-0.07143,0.12494,0.48793,2.31905,14.7956,15.17571,13.89427,13.2589,10.08143
2009-12-17,14.974,14.357999999999999,15.015,14.341,30769.44,600971,-0.02941,-0.02809,-0.08097,0.11875,0.43293,2.03231,14.7126,15.11548,13.91885,13.29417,10.12054
2009-12-18,14.185,13.873,14.292,13.762,32412.58,600971,-0.03378,-0.06168,-0.12606,0.0553,0.33215,2.00998,14.5302,15.02019,13.93058,13.32229,10.1582
2009-12-21,13.824000000000002,13.889000000000001,14.132,13.692,19997.13,600971,0.00115,-0.06345,-0.12911,0.04934,0.36381,2.02,14.342,14.92214,13.94111,13.35241,10.19597
2009-12-22,13.925999999999998,13.15,13.988,13.145999999999999,31832.68,600971,-0.05321,-0.11131,-0.17436,-0.01836,0.31566,1.93004,14.0126,14.7899,13.93715,13.37807,10.23118
2009-12-23,13.043,13.294,13.372,13.043,38530.61,600971,0.01095,-0.10133,-0.16683,0.01473,0.34053,2.10535,13.7128,14.66314,13.94026,13.40552,10.26782
2009-12-24,13.392000000000001,13.947000000000001,14.009,13.318,58727.97,600971,0.04912,-0.02863,-0.08885,0.05372,0.35145,2.05253,13.6306,14.59838,13.95173,13.43501,10.30594
2009-12-25,13.959000000000001,13.922,13.975999999999999,13.7,24703.95,600971,-0.00179,0.00353,-0.11285,0.09778,0.38156,1.98755,13.6404,14.51405,13.97173,13.46627,10.34359
2009-12-28,14.05,14.033,14.173,13.922,32599.61,600971,0.00797,0.01037,-0.05533,0.09736,0.3774,2.0447,13.6692,14.4749,13.99181,13.49753,10.3819
2009-12-29,14.058,13.880999999999998,14.074000000000002,13.725,33132.57,600971,-0.01083,0.05559,-0.00914,0.1435,0.33023,1.91128,13.8154,14.46881,14.0199,13.52554,10.41894
2009-12-30,13.943,13.902000000000001,14.017000000000001,13.754000000000001,29946.44,600971,0.00151,0.04573,-0.06207,0.2,0.32919,1.91569,13.937,14.425,14.05727,13.55354,10.45607
2009-12-31,13.922,13.902000000000001,13.995999999999999,13.762,22745.66,600971,0.0,-0.00323,-0.06929,0.19412,0.30707,2.01824,13.928,14.37571,14.09373,13.58009,10.49386
2010-01-04,13.968,14.07,14.193,13.968,34822.07,600971,0.01208,0.01063,-0.08201,0.21881,0.29785,2.24268,13.9576,14.31586,14.13447,13.60634,10.53342
2010-01-05,14.255,14.424000000000001,14.547,14.214,46124.71,600971,0.02516,0.02786,-0.05664,0.30428,0.28613,2.31129,14.0358,14.27462,14.18874,13.63243,10.57435
2010-01-06,14.522,14.415,14.863,14.378,48330.56,600971,-0.00062,0.03847,-0.05649,0.31464,0.30393,2.46265,14.1426,14.23352,14.24439,13.65975,10.61602
2010-01-07,14.419,14.095,14.74,13.968,42254.94,600971,-0.0222,0.01388,-0.06841,0.26606,0.31766,2.38334,14.1812,14.18424,14.29216,13.68737,10.65638
2010-01-08,14.091,14.05,14.251,13.597999999999999,33900.43,600971,-0.00319,0.01065,-0.04655,0.14731,0.2738,2.50636,14.2108,14.15157,14.32126,13.71193,10.69721
2010-01-11,14.239,14.382,14.411,14.05,51309.49,600971,0.02363,0.02217,-0.02647,0.20847,0.22923,2.63825,14.2732,14.13295,14.36127,13.73373,10.7396
2010-01-12,14.390999999999998,14.374,14.571,13.968,39193.23,600971,-0.00056,-0.00347,-0.0278,0.17454,0.23202,2.83307,14.2632,14.11338,14.39573,13.75574,10.78279
2010-01-13,13.968,13.524000000000001,14.169,13.512,52924.59,600971,-0.05913,-0.06181,-0.08806,0.08793,0.20406,2.37762,14.085,14.05119,14.41335,13.77437,10.82149
2010-01-14,13.557,13.675999999999998,13.720999999999998,13.228,38785.31,600971,0.01124,-0.02973,-0.07576,0.10157,0.18131,2.15697,14.0012,13.99781,14.43369,13.79144,10.85947
2010-01-15,13.687999999999999,13.717,13.758,13.433,24779.21,600971,0.003,-0.0237,-0.07274,0.09587,0.13495,2.11043,13.9346,13.94657,14.45305,13.8047,10.8973
2010-01-18,13.68,14.165,14.243,13.565,40461.75,600971,0.03266,-0.01509,-0.01344,0.09636,0.16767,2.26985,13.8912,13.93738,14.47313,13.82124,10.93728
2010-01-19,14.214,14.296,14.617,14.214,45144.55,600971,0.00925,-0.00543,0.03049,0.08889,0.07142,2.00021,13.8756,13.95752,14.49195,13.82898,10.97602
2010-01-20,14.329,13.606,14.337,13.557,43707.26,600971,-0.04827,0.00606,-0.02038,0.04613,-0.07303,1.78983,13.892,13.94405,14.50163,13.82027,11.0115
2010-01-21,13.573,13.145999999999999,13.639000000000001,12.838,43243.54,600971,-0.03381,-0.03875,-0.0003,0.0079,-0.09269,1.767,13.786,13.94386,14.50329,13.80935,11.04563
2010-01-22,12.78,12.904000000000002,12.94,12.46,30864.62,600971,-0.01841,-0.05927,-0.02934,-0.05104,-0.19041,1.52871,13.6234,13.92529,14.4921,13.78467,11.07734
2010-01-25,12.908,12.776,13.047,12.735,14454.66,600971,-0.00992,-0.09806,-0.08396,-0.05384,-0.20945,1.51843,13.3456,13.86952,14.48037,13.75715,11.10865
2010-01-26,12.735,12.037,12.936,11.955,24380.71,600971,-0.05784,-0.15802,-0.1354,-0.06056,-0.25785,1.405,12.8938,13.77976,14.46785,13.72315,11.13724
2010-01-27,12.119000000000002,12.040999999999999,12.509,11.79,22942.19,600971,0.00033,-0.11502,-0.14195,-0.0742,-0.24922,1.47452,12.5808,13.6849,14.45229,13.69066,11.16641
2010-01-28,12.127,12.172,12.32,11.955,16841.77,600971,0.01088,-0.07409,-0.12312,-0.11127,-0.24416,1.40411,12.386,13.60352,14.42771,13.65869,11.1953
2010-01-29,12.168,12.217,12.464,11.995999999999999,17988.41,600971,0.0037,-0.05324,-0.12121,-0.18899,-0.16322,1.42449,12.2486,13.52329,14.38179,13.63932,11.22448
2010-02-01,12.078,11.794,12.217,11.753,15204.31,600971,-0.03462,-0.07686,-0.15163,-0.2293,-0.20691,1.20449,12.0522,13.4229,14.32519,13.6143,11.25068
2010-02-02,11.934000000000001,11.868,12.324000000000002,11.831,20443.77,600971,0.00627,-0.01404,-0.1565,-0.21901,-0.2298,1.26705,12.0184,13.31805,14.27152,13.58551,11.27764
2010-02-03,12.057,12.694,12.936,11.634,38301.15,600971,0.0696,0.05423,-0.11994,-0.16624,-0.17646,1.38027,12.149,13.23567,14.23069,13.5634,11.30757
2010-02-04,12.567,12.324000000000002,12.567,12.296,27449.8,600971,-0.02915,0.01249,-0.14506,-0.17493,-0.23038,1.27212,12.1794,13.1361,14.18855,13.53341,11.33561
2010-02-05,11.687999999999999,11.626,11.831,11.503,48045.95,600971,-0.05664,-0.04838,-0.17517,-0.22338,-0.23266,1.13399,12.0612,13.01852,14.13461,13.50475,11.36073
2010-02-08,11.503,11.478,11.737,11.177999999999999,34097.61,600971,-0.01273,-0.02679,-0.18306,-0.23049,-0.19503,1.08237,11.998,12.89605,14.07916,13.48214,11.38498
2010-02-09,11.379000000000001,11.415999999999999,11.642000000000001,11.318,20644.52,600971,-0.0054,-0.03809,-0.20623,-0.22118,-0.15537,0.96828,11.9076,12.75481,14.02687,13.46507,11.40781
2010-02-10,11.63,11.530999999999999,11.704,11.466,26445.65,600971,0.01007,-0.09162,-0.19779,-0.21042,-0.15456,0.88169,11.675,12.61943,13.97731,13.44793,11.42977
2010-02-11,11.568,11.638,11.729000000000001,11.523,24872.67,600971,0.00928,-0.05566,-0.13946,-0.22429,-0.1528,0.87528,11.5378,12.52962,13.92303,13.43086,11.45185
2010-02-12,11.729000000000001,12.130999999999998,12.18,11.729000000000001,36343.76,600971,0.04236,0.04344,-0.11297,-0.23853,-0.04495,1.01077,11.6388,12.45605,13.86174,13.42622,11.47664
2010-02-22,12.097999999999999,11.937999999999999,12.18,11.93,24712.33,600971,-0.01591,0.04008,-0.12969,-0.23587,-0.08703,1.08524,11.7308,12.37133,13.80231,13.41697,11.5019
2010-02-23,11.955,11.72,12.027999999999999,11.536,28093.33,600971,-0.01826,0.02663,-0.17261,-0.26169,-0.11346,0.95921,11.7916,12.2549,13.73531,13.40477,11.52522
2010-02-24,11.659,11.934000000000001,11.946,11.511,25669.98,600971,0.01826,0.03495,-0.16522,-0.25169,-0.00649,0.92422,11.8722,12.14243,13.67056,13.40414,11.54852
2010-02-26,12.012,11.955,12.119000000000002,11.95,45277.85,600971,0.00176,0.02724,-0.12134,-0.24939,-0.02836,0.99051,11.9356,12.06381,13.6065,13.4013,11.57271
2010-03-01,11.946,12.25,12.263,11.905,44973.27,600971,0.02468,0.00981,-0.06816,-0.23226,0.06309,1.24565,11.9594,12.02114,13.54673,13.40721,11.60033
2010-03-02,12.25,11.967,12.345,11.905,34282.58,600971,-0.0231,0.00243,-0.07261,-0.2182,-0.05608,1.14462,11.9652,11.97652,13.49285,13.40143,11.62629
2010-03-03,11.970999999999998,12.097999999999999,12.110999999999999,11.749,50828.89,600971,0.01095,0.03225,-0.05307,-0.22908,-0.1159,1.06064,12.0408,11.94424,13.43487,13.38854,11.65161
2010-03-04,12.110999999999999,11.725,12.234000000000002,11.626,44641.54,600971,-0.03083,-0.01751,-0.02592,-0.2107,-0.14472,0.92845,11.999,11.92938,13.38439,13.37241,11.67455
2010-03-05,11.77,11.585,11.856,11.544,33301.17,600971,-0.01194,-0.03095,-0.03787,-0.17303,-0.11955,1.05117,11.925,11.90767,13.34529,13.35962,11.69869
2010-03-08,11.7,11.655,11.77,11.622,24974.68,600971,0.00604,-0.04857,-0.04247,-0.21367,-0.10332,1.07865,11.806,11.88305,13.29421,13.3487,11.72327
2010-03-09,11.605,11.918,12.200999999999999,11.379000000000001,68050.02,600971,0.02257,-0.00409,-0.02447,-0.20212,-0.06628,1.26794,11.7962,11.86881,13.24552,13.34182,11.75036
2010-03-10,11.844000000000001,11.634,11.909,11.589,33357.84,600971,-0.02383,-0.03835,-0.01357,-0.24095,-0.04935,1.33053,11.7034,11.86119,13.18595,13.33691,11.77736
2010-03-11,11.749,11.618,11.749,11.515,19088.55,600971,-0.00138,-0.00913,-0.02107,-0.24016,0.05484,1.31665,11.682,11.84929,13.12673,13.34182,11.8042
2010-03-12,11.622,11.404000000000002,11.645999999999999,11.379000000000001,31173.0,600971,-0.01842,-0.01562,-0.10162,-0.25357,0.02776,1.29549,11.6458,11.78786,13.06424,13.34433,11.83036
2010-03-15,11.449000000000002,11.149000000000001,11.449000000000002,11.1,25381.33,600971,-0.02236,-0.04341,-0.09534,-0.26312,-0.02765,1.06043,11.5446,11.7319,13.00003,13.34175,11.85369
2010-03-16,11.149000000000001,11.165999999999999,11.210999999999999,11.034,17126.81,600971,0.00152,-0.0631,-0.03957,-0.24226,-0.08849,1.03573,11.3942,11.71,12.94245,13.33293,11.87678
2010-03-17,11.248,11.4,11.404000000000002,11.215,24639.2,600971,0.02096,-0.02011,-0.0068,-0.22832,-0.05738,0.88961,11.3474,11.70629,12.88805,13.32729,11.8986
2010-03-18,11.408,11.482000000000001,11.622,11.379000000000001,27535.16,600971,0.00719,-0.01171,0.00578,-0.2234,-0.05092,0.88942,11.3202,11.70943,12.83477,13.32228,11.92057
2010-03-19,11.494000000000002,11.614,11.638,11.338,35932.72,600971,0.0115,0.01841,0.0072,-0.21686,-0.08623,0.91114,11.3622,11.71338,12.7829,13.31337,11.94308
2010-03-22,11.659,11.618,11.725,11.548,29092.01,600971,0.00034,0.04207,-0.00172,-0.21484,-0.1165,0.99519,11.456,11.71243,12.73163,13.30092,11.96663
2010-03-23,11.692,11.618,11.852,11.589,32141.0,600971,0.0,0.04048,-0.04229,-0.21463,-0.09475,0.97317,11.5464,11.688,12.68042,13.29103,11.98993
2010-03-24,11.622,11.519,11.749,11.503,22750.64,600971,-0.00852,0.01044,-0.0351,-0.19773,-0.12376,0.94086,11.5702,11.66805,12.63463,13.2778,12.01263
2010-03-25,11.440999999999999,11.26,11.449000000000002,11.215,25825.67,600971,-0.02248,-0.01933,-0.03925,-0.18835,-0.14929,0.91921,11.5258,11.64614,12.59248,13.26174,12.03455
2010-03-26,11.252,11.425,11.453,11.199000000000002,22202.09,600971,0.01465,-0.01627,-0.04265,-0.17741,-0.14713,0.84602,11.488,11.6219,12.55274,13.24572,12.05583
2010-03-29,11.462,12.004000000000001,12.238,11.462,97733.63,600971,0.05068,0.03322,0.0041,-0.08715,-0.08373,0.84876,11.5652,11.62424,12.53426,13.2368,12.07824
2010-03-30,12.027999999999999,12.197000000000001,12.263,11.955,65496.14,600971,0.01608,0.04984,-0.00433,-0.08252,-0.0785,0.70778,11.681,11.62171,12.51656,13.22835,12.09878
2010-03-31,12.222000000000001,12.015999999999998,12.242,11.970999999999998,34403.14,600971,-0.01484,0.04315,0.00409,-0.13845,-0.05252,0.58627,11.7804,11.62405,12.48542,13.22293,12.11684
2010-04-01,12.040999999999999,12.263,12.365,12.040999999999999,44478.43,600971,0.02056,0.08908,0.01364,-0.11916,-0.04105,0.64892,11.981,11.6319,12.45866,13.21867,12.13646
2010-04-02,12.365,12.604000000000001,12.673,12.365,58733.86,600971,0.02781,0.10319,0.07497,-0.10183,0.03831,0.68413,12.2168,11.67376,12.43561,13.22245,12.15727
2010-04-06,12.698,12.767999999999999,13.050999999999998,12.604000000000001,60568.44,600971,0.01301,0.06365,0.10211,-0.08018,0.10211,0.73904,12.3696,11.7301,12.41766,13.23207,12.17933
2010-04-07,12.735,12.575,12.76,12.472000000000001,37068.39,600971,-0.01512,0.03099,0.07894,-0.09545,0.08014,0.657,12.4452,11.7739,12.39626,13.23965,12.19959
2010-04-08,12.475999999999999,12.193,12.475999999999999,12.155999999999999,43004.21,600971,-0.03038,0.01473,0.02307,-0.12293,0.05622,0.65306,12.4806,11.787,12.36869,13.24493,12.21917
2010-04-09,12.205,12.526,12.53,12.205,32287.24,600971,0.02731,0.02145,0.07667,-0.10974,0.13265,0.74457,12.5332,11.82948,12.34379,13.25685,12.24091
2010-04-12,12.652999999999999,12.234000000000002,12.652999999999999,12.168,36174.36,600971,-0.02331,-0.02936,0.05302,-0.15183,0.11573,0.54939,12.4592,11.85881,12.30847,13.26717,12.25854
2010-04-13,12.197000000000001,12.349,12.509,11.987,33898.38,600971,0.0094,-0.03282,0.08287,-0.14332,0.10922,0.49467,12.3754,11.90381,12.27515,13.27706,12.27515
2010-04-14,12.439,12.484000000000002,12.509,12.283,39957.49,600971,0.01093,-0.00724,0.11974,-0.1143,0.01943,0.58226,12.3572,11.96738,12.24916,13.27899,12.29383
2010-04-16,12.640999999999998,12.315999999999999,12.640999999999998,12.312000000000001,35594.13,600971,-0.01346,0.01009,0.10299,-0.12342,0.03487,0.59451,12.3818,12.02214,12.22119,13.28237,12.3125
2010-04-19,12.061,11.49,12.139000000000001,11.462,38389.19,600971,-0.06707,-0.08271,0.00789,-0.20108,-0.06112,0.41572,12.1746,12.02643,12.17455,13.27628,12.32621
2010-04-20,11.507,11.552,11.618,11.264000000000001,26665.81,600971,0.0054,-0.05575,0.0061,-0.19633,-0.07071,0.35285,12.0382,12.02976,12.12903,13.26914,12.33846
2010-04-21,11.659,11.86,11.905,11.593,24746.9,600971,0.02666,-0.0396,0.02118,-0.12304,-0.0447,0.42617,11.9404,12.04148,12.10219,13.26463,12.35287
2010-04-22,11.794,11.765999999999998,12.027999999999999,11.536,29597.58,600971,-0.00793,-0.05751,0.01274,-0.13966,-0.06,0.38115,11.7968,12.04852,12.07139,13.25852,12.36607
2010-04-23,11.741,12.074000000000002,12.315999999999999,11.708,50122.61,600971,0.02618,-0.01965,0.03925,-0.11978,-0.06548,0.45435,11.7484,12.07024,12.04489,13.25164,12.3814
2010-04-26,12.193,12.890999999999998,13.269,12.193,100734.48,600971,0.06767,0.12193,0.11911,-0.08994,-0.01813,0.59503,12.0286,12.13557,12.02434,13.24971,12.40095
2010-04-27,12.817,13.343,13.372,12.405999999999999,123618.7,600971,0.03506,0.15504,0.18499,-0.06666,0.02591,0.5993,12.3868,12.23476,12.00897,13.25245,12.42127
2010-04-28,13.023,13.392000000000001,13.532,12.965,98846.83,600971,0.00367,0.12917,0.17217,-0.01573,0.02676,0.64561,12.6932,12.32843,12.00552,13.25528,12.44263
2010-04-29,13.495,12.715,13.557,12.579,68004.28,600971,-0.05055,0.08066,0.05923,-0.03279,-0.06494,0.71292,12.883,12.36229,11.99856,13.24811,12.46414
2010-04-30,12.694,13.343,13.355,12.509,84037.2,600971,0.04939,0.1051,0.09396,0.03402,-0.01185,0.7157,13.1368,12.41686,12.00565,13.2468,12.48677
2010-05-04,13.084000000000001,13.142000000000001,13.515999999999998,12.977,73735.62,600971,-0.01506,0.01947,0.09371,0.02865,0.02568,0.74043,13.187,12.47048,12.01155,13.24948,12.5095
2010-05-05,12.817,13.668,13.7,12.579,110876.57,600971,0.04002,0.02436,0.11457,0.1355,0.0509,0.85757,13.252,12.53738,12.03785,13.25486,12.53515
2010-05-06,13.475,12.304,13.491,12.3,145359.58,600971,-0.0998,-0.08124,-0.0238,0.02184,-0.10164,0.59234,13.0344,12.5231,12.0421,13.24354,12.55375
2010-05-07,11.667,11.761,12.283,11.511,51990.05,600971,-0.04413,-0.07503,-0.07887,-0.03377,-0.21926,0.42852,12.8436,12.47514,12.03547,13.21669,12.56809
2010-05-10,11.708,11.982999999999999,12.386,11.507,49825.86,600971,0.01888,-0.10193,-0.04708,-0.01915,-0.21695,0.44548,12.5716,12.44695,12.03169,13.1897,12.58311
2010-05-11,12.242,11.433,12.452,11.421,53307.24,600971,-0.0459,-0.13004,-0.06233,-0.03061,-0.24763,0.26681,12.2298,12.41076,12.02587,13.15911,12.59289
2010-05-12,11.133,11.318,11.605,11.014000000000001,44730.89,600971,-0.01006,-0.17193,-0.09644,-0.04634,-0.25662,0.28017,11.7598,12.35324,12.017,13.12734,12.60296
2010-05-13,11.453,11.679,11.77,11.31,39690.55,600971,0.0319,-0.0508,-0.04537,-0.07996,-0.21812,0.28751,11.6348,12.32681,12.00063,13.10085,12.61357
2010-05-14,11.577,11.564,11.819,11.503,30011.68,600971,-0.00985,-0.01675,-0.06357,-0.06167,-0.22752,0.23785,11.5954,12.28943,11.98837,13.07316,12.6226
2010-05-17,11.300999999999998,11.075,11.651,11.067,33016.83,600971,-0.04229,-0.07577,-0.11286,-0.04739,-0.25751,0.15113,11.4138,12.22233,11.97948,13.04193,12.62851
2010-05-18,11.055,11.293,11.457,10.812999999999999,40773.06,600971,0.01968,-0.01225,-0.08306,-0.01612,-0.22957,0.22338,11.3858,12.17362,11.9765,13.01458,12.63689
2010-05-19,11.26,11.300999999999998,11.523,11.1,33659.46,600971,0.00071,-0.0015,-0.01645,-0.01007,-0.22617,0.18521,11.3824,12.16462,11.97465,12.98772,12.64407
2010-05-20,11.248,11.222999999999999,11.577,11.182,28832.6,600971,-0.0069,-0.03904,-0.02848,-0.02671,-0.25195,0.16603,11.2912,12.14895,11.96968,12.95699,12.65057
2010-05-21,10.911,11.33,11.375,10.845,26853.72,600971,0.00953,-0.02024,-0.04469,-0.02647,-0.28881,0.14064,11.2444,12.12371,11.96471,12.91959,12.65624
2010-05-24,11.429,11.741,11.946,11.415999999999999,48462.0,600971,0.03628,0.06014,-0.00212,-0.03215,-0.24848,0.1938,11.3776,12.12252,11.95842,12.88802,12.66399
2010-05-25,11.626,11.527000000000001,11.905,11.421,30457.14,600971,-0.01823,0.02072,-0.0453,-0.03443,-0.27384,0.11923,11.4244,12.09648,11.95179,12.85268,12.66898
2010-05-26,11.449000000000002,11.305,11.638,11.280999999999999,32294.58,600971,-0.01926,0.00035,-0.12303,-0.03541,-0.29113,0.10877,11.4252,12.02095,11.9451,12.81493,12.67349
2010-05-27,11.350999999999999,11.655,11.7,11.219000000000001,39584.59,600971,0.03096,0.03849,-0.12651,-0.02338,-0.26822,0.11606,11.5116,11.94057,11.9406,12.7802,12.67842
2010-05-28,11.86,11.499,11.909,11.449000000000002,40086.12,600971,-0.01338,0.01492,-0.14135,-0.03814,-0.27933,0.12372,11.5454,11.85043,11.93324,12.74397,12.68357
2010-05-31,11.421,10.96,11.449000000000002,10.927999999999999,36220.91,600971,-0.04687,-0.06652,-0.13803,-0.10531,-0.28399,0.13141,11.3892,11.76686,11.91244,12.70863,12.68874
2010-06-01,10.927999999999999,10.804,11.071,10.558,32975.04,600971,-0.01423,-0.06272,-0.19029,-0.09718,-0.31154,0.12777,11.2446,11.64595,11.89368,12.66888,12.69372
2010-06-02,10.8,10.902999999999999,10.927999999999999,10.681,19551.65,600971,0.00916,-0.03556,-0.17037,-0.09878,-0.26604,0.18691,11.1642,11.53933,11.8744,12.63675,12.7007
2010-06-03,10.965,10.751,10.965,10.725999999999999,25125.54,600971,-0.01394,-0.07756,-0.21342,-0.08307,-0.23256,0.18416,10.9834,11.40043,11.85869,12.61026,12.70749
2010-06-04,10.677,10.648,10.734000000000002,10.439,23305.08,600971,-0.00958,-0.07401,-0.13459,-0.08088,-0.28161,0.06619,10.8132,11.32157,11.84358,12.57633,12.71018
2010-06-07,10.373,10.217,10.517000000000001,10.139,33275.06,600971,-0.04048,-0.06779,-0.13128,-0.12338,-0.31599,-0.02202,10.6646,11.24805,11.82039,12.53795,12.70924
2010-06-08,10.229,10.221,10.352,10.089,23819.39,600971,0.00039,-0.05396,-0.14704,-0.14239,-0.33314,-0.0647,10.548,11.16414,11.79302,12.49644,12.70637
2010-06-09,10.283,10.648,10.677,10.237,32321.28,600971,0.04178,-0.02339,-0.06866,-0.08475,-0.3036,-0.02114,10.497,11.12676,11.77711,12.4587,12.70543
2010-06-10,10.554,10.472000000000001,10.603,10.455,21931.8,600971,-0.01653,-0.02595,-0.07475,-0.09864,-0.31457,-0.01505,10.4412,11.08648,11.75863,12.41963,12.70478
2010-06-11,10.57,10.615,10.722000000000001,10.525,26707.06,600971,0.01366,-0.0031,-0.0911,-0.06919,-0.29841,0.03733,10.4346,11.03581,11.7459,12.38292,12.70634
2010-06-17,10.854000000000001,10.648,10.854000000000001,10.591,25550.9,600971,0.00311,0.04218,-0.07921,-0.04494,-0.27742,0.03098,10.5208,10.99219,11.73782,12.34968,12.70764
2010-06-18,10.64,10.603,10.759,10.484000000000002,24009.04,600971,-0.00423,0.03737,-0.04262,-0.05042,-0.28227,0.02583,10.5972,10.96971,11.72874,12.31578,12.70872
2010-06-21,10.475999999999999,10.915,10.96,10.467,26533.05,600971,0.02943,0.02508,-0.03347,-0.04254,-0.26175,0.09074,10.6506,10.95171,11.72092,12.28432,12.71241
2010-06-22,10.886,10.849,10.936,10.792,22601.95,600971,-0.00605,0.036,-0.04,-0.05513,-0.26844,0.08015,10.726,10.93019,11.71071,12.25195,12.71569
2010-06-23,10.739,10.644,10.739,10.455,18470.57,600971,-0.0189,0.00273,-0.05159,-0.08352,-0.28066,0.0782,10.7318,10.90262,11.69506,12.21819,12.71883
2010-06-24,10.603,10.582,10.661,10.495999999999999,12749.85,600971,-0.00582,-0.0062,-0.06602,-0.08917,-0.28466,0.06437,10.7186,10.867,11.67835,12.18395,12.72143
2010-06-25,10.495999999999999,10.443,10.55,10.377,8486.57,600971,-0.01314,-0.01509,-0.11055,-0.10114,-0.27267,0.04222,10.6866,10.80519,11.6594,12.15212,12.72315
2010-06-28,10.27,10.237,10.565999999999999,10.192,13235.61,600971,-0.01973,-0.06212,-0.11191,-0.11129,-0.26209,-0.017,10.551,10.74376,11.63873,12.12256,12.72243
2010-06-30,9.633,9.357999999999999,9.638,9.276,15866.69,600971,-0.08586,-0.13743,-0.17222,-0.16892,-0.32623,-0.08111,10.2528,10.65105,11.60805,12.08572,12.71907
2010-07-01,9.329,8.878,9.436,8.837,24388.38,600971,-0.05129,-0.16592,-0.23827,-0.22293,-0.32487,-0.11176,9.8996,10.51881,11.56697,12.05099,12.71453
2010-07-02,8.832,8.73,8.841000000000001,8.327,24007.8,600971,-0.01667,-0.17501,-0.2408,-0.27274,-0.34331,-0.11969,9.5292,10.38695,11.51416,12.01389,12.7097
2010-07-05,8.578,8.635,8.664,8.352,17934.99,600971,-0.01088,-0.17313,-0.21214,-0.29204,-0.38087,-0.16328,9.1676,10.27624,11.45671,11.9707,12.70285
2010-07-06,8.533,8.886000000000001,8.915,8.516,18538.06,600971,0.02907,-0.13197,-0.17753,-0.26049,-0.36173,-0.11819,8.8974,10.1849,11.40623,11.92976,12.69801
2010-07-07,8.849,8.915,8.943,8.742,16870.2,600971,0.00326,-0.04734,-0.18234,-0.27302,-0.36471,-0.12495,8.8088,10.09024,11.35223,11.88815,12.69284
2010-07-08,8.956,8.791,9.017000000000001,8.75,15134.1,600971,-0.01391,-0.0098,-0.18231,-0.30252,-0.36669,-0.15755,8.7914,9.9969,11.29073,11.84676,12.68615
2010-07-09,8.791,9.301,9.408,8.642999999999999,30778.78,600971,0.05801,0.06541,-0.1265,-0.27154,-0.33096,-0.11072,8.9056,9.93276,11.23481,11.80936,12.68145
2010-07-12,9.222999999999999,9.408,9.605,9.169,35760.0,600971,0.0115,0.08952,-0.07918,-0.25185,-0.32326,-0.11546,9.0602,9.89424,11.18373,11.77282,12.67646
2010-07-13,9.247,9.152999999999999,9.312999999999999,9.017000000000001,18228.61,600971,-0.0271,0.03005,-0.10449,-0.24932,-0.34947,-0.15571,9.1136,9.84338,11.13469,11.73285,12.66959
2010-07-14,9.235,9.301,9.568,9.235,26230.52,600971,0.01617,0.0433,-0.1265,-0.25746,-0.35517,-0.17066,9.1908,9.77924,11.08268,11.6912,12.66181
2010-07-15,9.28,9.042,9.383,9.038,17775.77,600971,-0.02785,0.02855,-0.13655,-0.26091,-0.37274,-0.18209,9.241,9.71114,11.03119,11.64751,12.65363
2010-07-16,9.017000000000001,9.214,9.276,8.956,17835.5,600971,0.01902,-0.00935,-0.13198,-0.25387,-0.34629,-0.13864,9.2236,9.64443,10.98063,11.60783,12.6476
2010-07-19,9.214,10.135,10.135,9.202,56232.55,600971,0.09996,0.07727,-0.04818,-0.18816,-0.27865,-0.08114,9.369,9.62,10.94274,11.576,12.64396
2010-07-20,10.562000000000001,10.857999999999999,11.001,10.385,141043.6,600971,0.07134,0.18628,0.02405,-0.11838,-0.24503,-0.07197,9.71,9.63214,10.91923,11.54735,12.64054
2010-07-21,10.71,10.725999999999999,10.907,10.599,110751.04,600971,-0.01216,0.15321,-0.01732,-0.06649,-0.25379,-0.08065,9.995,9.62314,10.9069,11.51769,12.63672
2010-07-22,10.595,10.890999999999998,10.907,10.55,74202.47,600971,0.01538,0.20449,0.00387,-0.05722,-0.19469,-0.03036,10.3648,9.62514,10.89624,11.49628,12.63533
2010-07-23,10.845,10.886,11.01,10.681,62998.55,600971,-0.00046,0.18146,0.02274,-0.08212,-0.20401,-0.05969,10.6992,9.63667,10.88053,11.4736,12.63252
2010-07-26,10.948,10.890999999999998,11.165999999999999,10.714,56334.48,600971,0.00046,0.07459,0.0292,-0.07437,-0.20602,-0.09887,10.8504,9.65138,10.86642,11.45063,12.62766
2010-07-27,10.751,10.804,11.043,10.599,47940.86,600971,-0.00799,-0.00497,0.03457,-0.10518,-0.23727,-0.10939,10.8396,9.66857,10.84594,11.4233,12.62227
2010-07-28,10.722000000000001,11.137,11.177999999999999,10.685,66145.85,600971,0.03082,0.03832,0.08792,-0.13606,-0.22097,-0.16533,10.9218,9.71143,10.81765,11.39762,12.6133
2010-07-29,11.092,11.474,11.745,10.936,108264.44,600971,0.03026,0.05353,0.22612,-0.14007,-0.1567,-0.21829,11.0384,9.81219,10.7875,11.38028,12.60028
2010-07-30,11.342,11.162,11.47,11.092,44896.5,600971,-0.02719,0.02535,0.25727,-0.16652,-0.15092,-0.22962,11.0936,9.92095,10.75153,11.36415,12.58675
2010-08-02,11.203,11.359000000000002,11.478,11.174000000000001,43803.58,600971,0.01765,0.04297,0.30115,-0.10665,-0.11973,-0.28735,11.1872,10.04614,10.72966,11.35159,12.56813
2010-08-03,11.440999999999999,11.26,11.745,11.255999999999998,60740.71,600971,-0.00872,0.04221,0.304,-0.15611,-0.11866,-0.30326,11.2784,10.17114,10.69606,11.33927,12.54821
2010-08-04,11.174000000000001,11.305,11.31,10.878,49991.03,600971,0.004,0.01508,0.27223,-0.13978,-0.06081,-0.30298,11.312,10.28633,10.66644,11.33332,12.52824
2010-08-05,11.235999999999999,10.96,11.273,10.936,54231.86,600971,-0.03052,-0.0448,0.22939,-0.19813,-0.08978,-0.31662,11.2092,10.38371,10.62276,11.32453,12.50759
2010-08-06,10.977,11.088,11.133,10.747,55124.97,600971,0.01168,-0.00663,0.26129,-0.09883,-0.08906,-0.31148,11.1944,10.4931,10.60315,11.31572,12.4872
2010-08-09,10.969000000000001,11.177999999999999,11.199000000000002,10.969000000000001,52731.0,600971,0.00812,-0.01593,0.20181,-0.04957,-0.08505,-0.23438,11.1582,10.58248,10.59374,11.30727,12.47329
2010-08-10,11.24,11.162,11.634,11.137,123213.82,600971,-0.00143,-0.0087,0.18644,-0.06851,-0.05359,-0.24941,11.1386,10.666,10.5805,11.30213,12.45822
2010-08-11,11.174000000000001,11.831,12.015999999999998,11.050999999999998,120204.49,600971,0.05994,0.04653,0.29258,0.03481,-0.00312,-0.2322,11.2438,10.79352,10.58692,11.30183,12.44367
2010-08-12,11.692,11.93,12.115,11.556,97199.34,600971,0.00837,0.0885,0.28266,0.05407,-0.06019,-0.22603,11.4378,10.91871,10.59679,11.29562,12.42951
2010-08-13,11.876,11.925999999999998,12.057,11.708,48532.59,600971,-0.00034,0.07558,0.31896,0.02115,-0.03229,-0.25523,11.6054,11.05605,10.60077,11.29238,12.41289
2010-08-16,11.909,12.817,12.953,11.909,104423.12,600971,0.07471,0.14663,0.39104,0.10835,0.10244,-0.15405,11.9332,11.22762,10.62098,11.30207,12.40341
2010-08-17,12.673,12.645,12.867,12.595,71115.93,600971,-0.01342,0.13286,0.24766,0.14176,0.10167,-0.11319,12.2298,11.34714,10.64631,11.31155,12.39685
2010-08-18,12.727,12.731,13.043,12.411,72890.44,600971,0.0068,0.07607,0.1725,0.12734,0.11519,-0.05808,12.4098,11.43633,10.6695,11.32224,12.39365
2010-08-19,12.797,12.636,12.857999999999999,12.242,114171.8,600971,-0.00746,0.05918,0.17807,0.11813,0.09583,-0.07354,12.551,11.52729,10.69103,11.33123,12.38958
2010-08-20,12.53,11.967,12.558,11.946,75872.88,600971,-0.05294,0.00344,0.0988,0.06629,0.02827,-0.12885,12.5592,11.57852,10.70303,11.3339,12.38238
2010-08-23,11.959000000000001,12.027999999999999,12.168,11.918,34761.13,600971,0.0051,-0.06156,0.10491,0.06161,-0.00849,-0.05306,12.4014,11.6329,10.71429,11.33307,12.37964
2010-08-24,11.946,12.074000000000002,12.225999999999999,11.77,47956.27,600971,0.00382,-0.04516,0.10862,0.02836,0.01139,-0.07663,12.2872,11.68924,10.71966,11.33417,12.37557
2010-08-25,11.946,11.745,12.033,11.741,38890.37,600971,-0.02725,-0.07745,0.0871,0.01891,0.00213,-0.11157,12.09,11.73405,10.72318,11.33437,12.36957
2010-08-26,11.975,11.937999999999999,12.234000000000002,11.831,52820.0,600971,0.01643,-0.05524,0.07192,0.05599,0.00034,-0.00616,11.9504,11.77219,10.73339,11.33441,12.36927
2010-08-27,11.934000000000001,12.16,12.263,11.831,44537.0,600971,0.0186,0.01613,0.05979,0.04333,0.01715,-0.0117,11.989,11.80486,10.74153,11.33607,12.36869
2010-08-30,12.287,12.464,12.546,12.164000000000001,62907.0,600971,0.025,0.03625,0.11665,0.08392,0.01747,0.08166,12.0762,11.86686,10.7571,11.33781,12.37251
2010-08-31,12.405999999999999,12.353,12.405999999999999,12.16,58340.0,600971,-0.00891,0.02311,0.08751,0.1271,0.03226,-0.02563,12.132,11.91419,10.77956,11.34095,12.37119
2010-09-01,12.290999999999999,12.275,12.53,12.07,53726.0,600971,-0.00631,0.04513,0.09014,0.13615,0.01463,-0.10297,12.238,11.96252,10.80329,11.34239,12.36546
2010-09-02,12.554,12.304,12.6,12.267000000000001,53419.0,600971,0.00236,0.03066,0.08837,0.1285,0.04938,-0.10249,12.3112,12.0101,10.82589,11.3471,12.35975
2010-09-03,12.365,12.123,12.427,12.049000000000001,47904.0,600971,-0.01471,-0.00304,0.10611,0.12762,0.04644,-0.07866,12.3038,12.06548,10.84802,11.35147,12.35554
2010-09-06,12.193,12.645,12.71,12.119000000000002,94280.0,600971,0.04306,0.01452,0.14042,0.18755,0.08494,-0.02716,12.34,12.13962,10.88023,11.35952,12.35411
2010-09-07,12.69,12.591,12.899000000000001,12.439,79217.0,600971,-0.00427,0.01927,0.12641,0.23236,0.05647,-0.01355,12.3876,12.2069,10.91852,11.36499,12.35341
2010-09-08,12.452,12.735,12.793,12.324000000000002,53609.0,600971,0.01144,0.03747,0.14092,0.24596,0.09464,0.04061,12.4796,12.28181,10.95906,11.37394,12.35543
2010-09-09,12.767999999999999,12.242,12.776,12.217,54900.0,600971,-0.03871,-0.00504,0.03474,0.1497,0.05371,0.11149,12.4672,12.30138,10.98477,11.37902,12.36042
2010-09-10,12.200999999999999,12.234000000000002,12.357000000000001,11.942,40031.0,600971,-0.00065,0.00916,0.02548,0.16826,0.07278,0.10256,12.4894,12.31586,11.01319,11.38576,12.36504
2010-09-13,12.275,12.32,12.48,12.185,33780.0,600971,0.00703,-0.0257,0.03304,0.16062,0.10503,0.07448,12.4244,12.33462,11.04069,11.39528,12.36852
2010-09-14,12.439,12.304,12.468,12.205,28449.0,600971,-0.0013,-0.02279,-0.04002,0.15552,0.10192,0.00441,12.367,12.31019,11.0674,11.40454,12.36874
2010-09-15,12.283,11.802999999999999,12.283,11.741,49150.0,600971,-0.04072,-0.07318,-0.06659,0.11318,0.03535,-0.02406,12.1806,12.2701,11.08676,11.40781,12.36755
2010-09-16,11.807,11.597000000000001,11.905,11.462,30130.0,600971,-0.01745,-0.05269,-0.08907,0.06248,0.01002,-0.04141,12.0516,12.2161,11.09776,11.40875,12.36552
2010-09-17,11.823,11.655,11.823,11.577,16208.0,600971,0.005,-0.04733,-0.07764,0.07429,0.00353,-0.08301,11.9358,12.16938,11.11076,11.40908,12.36123
2010-09-20,11.605,11.585,11.774000000000001,11.503,15398.0,600971,-0.00601,-0.05966,-0.03192,0.08841,-0.00284,-0.11901,11.7888,12.15119,11.12594,11.40881,12.35487
2010-09-21,11.667,11.856,11.905,11.609000000000002,17376.0,600971,0.02339,-0.03641,-0.0143,0.12039,0.02049,-0.0762,11.6992,12.143,11.14648,11.41075,12.35089
2010-09-27,11.942,12.139000000000001,12.175999999999998,11.913,27124.0,600971,0.02387,0.02847,0.00538,0.16241,0.05382,-0.0766,11.7664,12.1461,11.17384,11.41579,12.3468
2010-09-28,12.139000000000001,11.880999999999998,12.139000000000001,11.831,20548.0,600971,-0.02125,0.02449,0.01158,0.16059,0.05515,-0.10237,11.8232,12.15257,11.20035,11.42084,12.34129
2010-09-29,11.872,12.245999999999999,12.652999999999999,11.844000000000001,67514.0,600971,0.03072,0.05071,0.0258,0.30861,0.07186,-0.08585,11.9414,12.16724,11.24694,11.42751,12.33661
2010-09-30,12.242,12.719000000000001,12.722999999999999,12.16,87640.0,600971,0.03862,0.09789,0.04597,0.43264,0.05956,-0.02916,12.1682,12.19386,11.30889,11.43333,12.33506
2010-10-08,13.068,13.992,13.992,13.068,178284.0,600971,0.10009,0.18016,0.12259,0.60275,0.14717,0.05712,12.5954,12.26662,11.39376,11.44792,12.33813
2010-10-11,14.74,14.97,15.392999999999999,14.74,360623.0,600971,0.0699,0.23322,0.21185,0.73364,0.24584,0.18041,13.1616,12.39124,11.49594,11.47193,12.34743
2010-10-12,14.999,15.767000000000001,16.145,14.822000000000001,231083.0,600971,0.05324,0.32708,0.28448,0.77436,0.28574,0.23295,13.9388,12.55752,11.60692,11.50042,12.35954
2010-10-13,15.610999999999999,15.993,16.679000000000002,15.409,182699.0,600971,0.01433,0.30598,0.29982,0.79394,0.26888,0.31749,14.6882,12.73319,11.72108,11.52798,12.37521
2010-10-14,16.022000000000002,17.590999999999998,17.590999999999998,16.022000000000002,234291.0,600971,0.09992,0.38305,0.45104,1.00102,0.37774,0.51843,15.6626,12.99357,11.86302,11.56719,12.39963
2010-10-15,17.590999999999998,18.108,19.304000000000002,16.965999999999998,193479.0,600971,0.02939,0.29417,0.43203,0.94689,0.44,0.5554,16.4858,13.25371,12.00506,11.61217,12.42591
2010-10-18,17.665,16.88,18.359,16.802,185602.0,600971,-0.06782,0.12759,0.34064,0.79422,0.3844,0.46223,16.8678,13.45795,12.12558,11.65028,12.4476
2010-10-19,16.884,18.191,18.277,16.831,181275.0,600971,0.07767,0.15374,0.42843,0.98744,0.45226,0.6449,17.3526,13.71776,12.27135,11.69633,12.47659
2010-10-20,18.281,20.01,20.01,17.874000000000002,206355.0,600971,0.09999,0.25117,0.63454,1.15138,0.63561,0.8249,18.156,14.08767,12.44408,11.75955,12.51336
2010-10-21,21.116,20.047,21.263,19.924,208828.0,600971,0.00185,0.13962,0.63863,1.2171,0.62337,0.80068,18.6472,14.45971,12.62158,11.82214,12.5496
2010-10-22,20.204,20.355999999999998,21.263,19.924,152160.0,600971,0.01541,0.12414,0.65227,1.20925,0.63057,0.66226,19.0968,14.84238,12.80129,11.88614,12.58257
2010-10-25,20.335,20.971999999999998,21.263,19.730999999999998,172130.0,600971,0.03026,0.24242,0.70449,1.06926,0.70283,0.7622,19.9152,15.25514,12.97608,11.95651,12.61944
2010-10-26,21.033,20.347,21.226,20.142,135586.0,600971,-0.0298,0.11852,0.72388,0.87392,0.77084,0.66261,20.3464,15.662,13.12913,12.02852,12.6524
2010-10-27,20.335,19.834,20.725,19.430999999999997,146277.0,600971,-0.02521,-0.0088,0.71027,0.84915,0.71693,0.59553,20.3112,16.05424,13.27603,12.09585,12.6825
2010-10-28,19.554000000000002,19.752,20.269000000000002,19.522000000000002,96876.0,600971,-0.00413,-0.01472,0.69472,0.81361,0.66543,0.59098,20.2522,16.43981,13.41895,12.16002,12.71232
2010-10-29,19.76,19.430999999999997,20.055999999999997,19.349,93238.0,600971,-0.01625,-0.04544,0.67726,0.78495,0.65145,0.55237,20.0672,16.81343,13.55677,12.22233,12.74043
2010-11-01,19.3,20.861,21.221999999999998,19.144000000000002,176419.0,600971,0.07359,-0.00529,0.75953,0.91543,0.72776,0.61463,20.045,17.24224,13.71758,12.29377,12.77271
2010-11-02,20.951,19.941,21.095,19.924,179003.0,600971,-0.0441,-0.01995,0.64272,0.84571,0.54689,0.51885,19.9638,17.61376,13.86495,12.35109,12.8004
2010-11-03,19.719,18.507,19.924,18.445,138082.0,600971,-0.07191,-0.06691,0.5577,0.66176,0.38702,0.42296,19.6984,17.92929,13.98382,12.39307,12.82276
2010-11-04,18.897000000000002,19.410999999999998,19.719,18.7,121928.0,600971,0.04885,-0.01726,0.58509,0.69174,0.44945,0.48823,19.6302,18.27048,14.11184,12.44201,12.84865
2010-11-05,20.241,19.628,20.36,19.476,97038.0,600971,0.01118,0.01014,0.5432,0.75847,0.54369,0.44345,19.6696,18.59948,14.24839,12.49821,12.87316
2010-11-08,19.633,19.674,19.805,19.02,77116.0,600971,0.00234,-0.0569,0.40609,0.73202,0.47448,0.45701,19.4322,18.87005,14.3825,12.54968,12.89824
2010-11-09,19.67,20.691999999999997,20.734,19.312,127704.0,600971,0.05174,0.03766,0.38223,0.83766,0.57449,0.61492,19.5824,19.14252,14.53463,12.61107,12.93027
2010-11-10,20.372,21.009,21.07,20.335,120040.0,600971,0.01532,0.13519,0.33247,0.85838,0.53709,0.61533,20.0828,19.39214,14.69115,12.67075,12.9628
2010-11-11,20.988000000000003,22.254,23.108,20.951,222567.0,600971,0.05926,0.14646,0.39148,1.03047,0.80868,0.62485,20.6514,19.69029,14.87331,12.75164,12.99759
2010-11-12,22.389,21.268,22.837,21.148000000000003,222299.0,600971,-0.04431,0.08355,0.20903,0.91811,0.80835,0.41184,20.9794,19.86538,15.0375,12.82893,13.02281
2010-11-15,21.395,21.65,22.266,20.576999999999998,148017.0,600971,0.01796,0.10044,0.1956,0.93684,0.80673,0.41476,21.3746,20.03405,15.2064,12.90753,13.04861
2010-11-16,21.214000000000002,19.485,21.451999999999998,19.485,156554.0,600971,-0.1,-0.05833,0.15432,0.74565,0.70428,0.28225,21.1332,20.1581,15.34065,12.97299,13.06605
2010-11-17,18.486,18.24,19.255,17.910999999999998,138393.0,600971,-0.0639,-0.1318,0.00269,0.54171,0.61159,0.19803,20.5794,20.16043,15.44402,13.02927,13.0783
2010-11-18,18.486,18.289,18.733,17.809,134869.0,600971,0.00269,-0.17817,-0.08601,0.53303,0.56597,0.22441,19.7864,20.07848,15.54658,13.08301,13.09193
2010-11-19,18.477999999999998,18.273,18.477999999999998,17.369,113250.0,600971,-0.00087,-0.14082,-0.08849,0.5322,0.58016,0.22064,19.1874,19.994,15.64895,13.13755,13.10536
2010-11-22,18.035,18.749000000000002,19.025,17.71,102914.0,600971,0.02605,-0.134,-0.07894,0.46282,0.69291,0.25697,18.6072,19.91748,15.74463,13.19994,13.12094
2010-11-23,18.474,18.244,18.593,17.352999999999998,111622.0,600971,-0.02693,-0.06369,-0.13008,0.44278,0.61551,0.24464,18.359,19.78757,15.83494,13.25646,13.13552
2010-11-24,18.076,18.811,18.844,18.035,88180.0,600971,0.03108,0.0313,-0.07549,0.47757,0.66454,0.28807,18.4732,19.71443,15.933,13.31751,13.15262
2010-11-25,19.148,18.93,19.242,18.581,76382.0,600971,0.00633,0.03505,-0.04558,0.4981,0.68671,0.26175,18.6014,19.67138,16.03452,13.38017,13.16858
2010-11-26,18.955,19.144000000000002,19.768,18.733,109899.0,600971,0.0113,0.04767,-0.03078,0.59973,0.68967,0.20168,18.7756,19.64243,16.15027,13.4437,13.18164
2010-11-29,18.945999999999998,18.647000000000002,18.945999999999998,18.437,67687.0,600971,-0.02596,-0.00544,-0.04035,0.5503,0.5882,0.19356,18.7552,19.6051,16.25703,13.49985,13.19393
2010-11-30,18.548,18.355,18.979,17.583,80268.0,600971,-0.01566,0.00608,-0.12013,0.52021,0.59235,0.15629,18.7774,19.48576,16.35834,13.55536,13.20402
2010-12-01,18.199,18.441,18.733,18.035,55832.0,600971,0.00469,-0.01967,-0.07522,0.57011,0.63123,0.15632,18.7034,19.41433,16.46634,13.61337,13.21415
2010-12-02,18.93,19.172,19.590999999999998,18.774,130527.0,600971,0.03964,0.01278,0.03593,0.60596,0.64496,0.20374,18.7518,19.446,16.58302,13.67449,13.22735
2010-12-03,19.102999999999998,19.144000000000002,19.357,18.807000000000002,57571.0,600971,-0.00146,0.0,-0.01376,0.57434,0.66484,0.1998,18.7518,19.43329,16.69566,13.73664,13.2403
2010-12-06,19.378,19.23,19.570999999999998,18.774,58359.0,600971,0.00449,0.03127,-0.02028,0.54284,0.75456,0.25629,18.8684,19.41433,16.80479,13.80388,13.25625
2010-12-07,19.025,19.653,20.006,18.486,76388.0,600971,0.022,0.07072,-0.00107,0.59095,0.81905,0.25234,19.128,19.41333,16.92253,13.87582,13.27235
2010-12-08,19.637,19.14,19.719,19.111,60728.0,600971,-0.0261,0.0379,-0.075,0.55927,0.75548,0.28846,19.2678,19.33943,17.03326,13.94279,13.28977
2010-12-09,18.983,18.597,19.39,18.569000000000003,42458.0,600971,-0.02837,-0.02999,-0.11481,0.51146,0.72979,0.3275,19.1528,19.22457,17.13476,14.00658,13.30842
2010-12-10,18.445,19.352999999999998,19.637,18.293,59527.0,600971,0.04065,0.01092,-0.13036,0.59639,0.81752,0.30569,19.1946,19.08643,17.25137,14.07735,13.32684
2010-12-13,19.512999999999998,20.524,20.54,19.456,107445.0,600971,0.06051,0.06729,-0.03498,0.62309,1.00881,0.37404,19.4534,19.051,17.37845,14.16115,13.34955
2010-12-14,20.705,20.442,20.705,20.257,79085.0,600971,-0.004,0.04015,-0.0558,0.62354,1.0,0.33372,19.6112,18.99348,17.50508,14.24424,13.37034
2010-12-15,20.417,20.676,21.592,20.375999999999998,107625.0,600971,0.01145,0.08025,0.06112,0.62356,0.94177,0.35226,19.9184,19.05019,17.63316,14.32577,13.39224
2010-12-16,20.807,21.090999999999998,21.65,20.766,97787.0,600971,0.02007,0.13411,0.1563,0.72284,1.01404,0.38048,20.4172,19.18595,17.77589,14.41211,13.41587
2010-12-17,20.951,21.144000000000002,21.201999999999998,20.691999999999997,53469.0,600971,0.00251,0.09254,0.1561,0.7283,0.9919,0.39749,20.7754,19.3219,17.9196,14.49771,13.44031
2010-12-20,21.366,21.395,21.908,20.162,109118.0,600971,0.01187,0.04244,0.17085,0.73661,1.0093,0.45189,20.9496,19.47057,18.06597,14.58508,13.46738
2010-12-21,21.366,21.995,22.134,21.342,110889.0,600971,0.02804,0.07597,0.17313,0.78763,1.07441,0.48886,21.2602,19.62514,18.22227,14.6777,13.49674
2010-12-22,21.986,21.041999999999998,22.13,21.025,98407.0,600971,-0.04333,0.0177,0.15337,0.78277,0.92781,0.4232,21.3334,19.75838,18.37129,14.76003,13.52217
2010-12-23,20.964000000000002,20.586,21.235,20.535999999999998,80230.0,600971,-0.02167,-0.02394,0.09436,0.77511,0.8975,0.38813,21.2324,19.8429,18.51627,14.8392,13.54557
2010-12-24,20.393,20.167,20.631,19.764,48089.0,600971,-0.02035,-0.04621,0.06535,0.73033,0.89468,0.36291,21.037,19.90181,18.65356,14.91662,13.5674
2010-12-27,20.298,20.549,22.18,20.298,132681.0,600971,0.01894,-0.03954,0.07339,0.77376,0.94188,0.3891,20.8678,19.96871,18.79815,14.99765,13.5908
2010-12-28,20.38,20.002,20.52,19.637,62447.0,600971,-0.02662,-0.09061,0.07267,0.68708,0.91535,0.39309,20.4692,20.03324,18.92953,15.07537,13.61374
2010-12-29,19.965,19.895,20.154,19.512999999999998,52971.0,600971,-0.00535,-0.05451,0.0839,0.63893,0.94344,0.43408,20.2398,20.10657,19.05463,15.15389,13.63822
2010-12-30,19.965,20.565,20.787,19.801,62661.0,600971,0.03368,-0.00102,0.11518,0.73091,1.19758,0.48067,20.2356,20.20771,19.19469,15.245,13.66536
2010-12-31,20.651,21.346,21.682,20.545,83124.0,600971,0.03798,0.05846,0.11339,0.7431,1.40437,0.62327,20.4714,20.31124,19.34147,15.34637,13.69868
2011-01-04,21.785,21.432,22.459,21.37,132054.0,600971,0.00403,0.04297,0.11952,0.68504,1.45498,0.61216,20.648,20.42019,19.482,15.44963,13.73176
2011-01-05,20.959,22.031999999999996,22.073,20.959,98782.0,600971,0.028,0.10149,0.14571,0.57461,1.55148,0.57969,21.054,20.55362,19.61168,15.55855,13.76463
2011-01-06,21.958000000000002,21.682,22.096999999999998,21.546999999999997,60277.0,600971,-0.01589,0.08982,0.10324,0.44836,1.44002,0.55739,21.4114,20.65024,19.71994,15.66259,13.79617
2011-01-07,21.485,20.906,21.65,20.601999999999997,83031.0,600971,-0.03579,0.01658,0.09227,0.32593,1.34504,0.48977,21.4796,20.73433,19.80282,15.76007,13.82411
2011-01-10,20.914,20.364,21.272,20.335,54866.0,600971,-0.02593,-0.046,0.09502,0.27331,1.31646,0.46704,21.2832,20.81848,19.87332,15.85416,13.85046
2011-01-11,20.294,20.265,20.598000000000003,20.006,54063.0,600971,-0.00486,-0.05445,0.04712,0.15201,1.1788,0.4577,21.0498,20.8619,19.91645,15.9433,13.87633
2011-01-12,20.475,20.545,20.729,20.142,39757.0,600971,0.01382,-0.06749,0.00102,0.13458,1.18378,0.47784,20.7524,20.8629,19.95576,16.03385,13.90333
2011-01-13,20.647,20.305999999999997,20.766,20.171,28839.0,600971,-0.01163,-0.06346,-0.00665,0.20296,1.21851,0.44321,20.4772,20.85643,20.01102,16.12452,13.92868
2011-01-14,20.335,18.404,20.335,18.363,90471.0,600971,-0.09367,-0.11968,-0.10989,0.01171,0.97871,0.27593,19.9768,20.74824,20.01445,16.19853,13.94486
2011-01-17,18.486,17.907,18.486,17.755,64121.0,600971,-0.027,-0.12065,-0.15096,-0.1051,0.98042,0.24225,19.4854,20.59662,19.98053,16.2706,13.95906
2011-01-18,17.87,17.55,18.055,17.377,40275.0,600971,-0.01994,-0.13397,-0.16998,-0.12456,0.90471,0.24512,18.9424,20.42548,19.94026,16.33837,13.9731
2011-01-19,17.739,18.339000000000002,18.363,17.615,53437.0,600971,0.04496,-0.10737,-0.14284,-0.09909,0.80947,0.30527,18.5012,20.27995,19.90773,16.40507,13.99054
2011-01-20,18.158,16.835,18.178,16.637999999999998,76668.0,600971,-0.08201,-0.17093,-0.2346,-0.19726,0.55047,0.17056,17.807,20.03424,19.841,16.45367,14.00051
2011-01-21,16.63,17.04,17.459,16.515,51648.0,600971,0.01218,-0.07411,-0.19019,-0.16253,0.58866,0.18547,17.5342,19.84367,19.78766,16.505,14.01135
2011-01-24,17.098,16.252,17.131,16.219,40609.0,600971,-0.04624,-0.09242,-0.21053,-0.1806,0.49224,0.20172,17.2032,19.63729,19.72989,16.54859,14.02243
2011-01-25,16.268,16.305,16.515,16.026,25158.0,600971,0.00326,-0.07094,-0.1915,-0.17451,0.4978,0.19223,16.9542,19.45338,19.67429,16.59264,14.03312
2011-01-26,16.317,16.74,16.753,16.317,25578.0,600971,0.02668,-0.08719,-0.18536,-0.13849,0.53705,0.22038,16.6344,19.272,19.63089,16.6402,14.04541
2011-01-27,16.56,17.262,17.48,16.395,49982.0,600971,0.03118,0.02536,-0.13699,-0.17252,0.59774,0.21864,16.7198,19.14152,19.57284,16.6927,14.058
2011-01-28,17.172,17.332,17.418,16.917,35110.0,600971,0.00406,0.01714,-0.12883,-0.13084,0.55625,0.21237,16.7782,19.01948,19.53076,16.74307,14.07034
2011-01-31,17.316,17.455,17.48,17.007,46074.0,600971,0.0071,0.07402,-0.15123,-0.05684,0.52127,0.28289,17.0188,18.87138,19.51379,16.79169,14.08599
2011-02-01,17.660999999999998,17.624000000000002,17.993,17.472,42621.0,600971,0.00968,0.0809,-0.17437,-0.09206,0.57893,0.34064,17.2826,18.69414,19.48497,16.84423,14.10419
2011-02-09,17.254,16.494,17.455,16.441,50958.0,600971,-0.06412,-0.0147,-0.2304,-0.15967,0.45206,0.27821,17.2334,18.459,19.43442,16.88598,14.11878
2011-02-10,16.453,17.098,17.131,16.186,39683.0,600971,0.03662,-0.0095,-0.22395,-0.13093,0.51847,0.33829,17.2006,18.22405,19.39287,16.93344,14.13635
2011-02-11,17.192,17.299,17.496,17.012,47532.0,600971,0.01176,-0.0019,-0.20215,-0.16398,0.53021,0.43715,17.194,18.01533,19.33815,16.98217,14.15774
2011-02-14,17.381,18.133,18.359,17.336,88004.0,600971,0.04821,0.03884,-0.13264,-0.13689,0.65447,0.50594,17.3296,17.88329,19.29176,17.04049,14.18251
2011-02-15,18.26,18.067,18.4,17.956,72903.0,600971,-0.00364,0.02514,-0.1128,-0.18815,0.62942,0.48431,17.4182,17.7739,19.22423,17.09723,14.20647
2011-02-16,17.874000000000002,18.593,18.61,17.874000000000002,67930.0,600971,0.02911,0.12726,-0.08251,-0.12578,0.66336,0.5219,17.838,17.69429,19.18108,17.15751,14.23239
2011-02-17,18.651,18.445,18.651,18.076,62977.0,600971,-0.00796,0.07878,-0.10221,-0.14804,0.65248,0.56393,18.1074,17.59429,19.12939,17.21672,14.25943
2011-02-18,18.375,18.014,18.375,17.910999999999998,48331.0,600971,-0.02337,0.04133,-0.11287,-0.07549,0.52261,0.51786,18.2504,17.48514,19.10566,17.26699,14.28441
2011-02-21,17.813,18.507,18.581,17.813,47946.0,600971,0.02737,0.02063,0.0056,0.01464,0.5513,0.45793,18.3252,17.49005,19.10997,17.32046,14.30804
2011-02-22,18.733,17.973,18.848,17.87,65864.0,600971,-0.02885,-0.0052,0.00369,-0.01728,0.50704,0.45837,18.3064,17.49319,19.10487,17.36963,14.331
2011-02-23,17.961,17.977,18.125,17.817,34257.0,600971,0.00022,-0.03313,0.02433,-0.0162,0.40259,0.54628,18.1832,17.51352,19.1001,17.41158,14.35682
2011-02-24,18.08,18.441,18.63,18.076,55844.0,600971,0.02581,-0.00022,0.00556,-0.01643,0.45836,0.60664,18.1824,17.51838,19.09513,17.4587,14.38513
2011-02-25,18.445,18.314,18.445,17.956,30677.0,600971,-0.00689,0.01665,0.08785,0.00384,0.43854,0.60424,18.2424,17.58881,19.09626,17.50409,14.41317
2011-02-28,18.322,18.679000000000002,18.692,18.117,45393.0,600971,0.01993,0.00929,0.09619,-0.00702,0.47824,0.61989,18.2768,17.66686,19.09413,17.55322,14.44222
2011-03-01,18.61,18.618,18.971,18.339000000000002,62473.0,600971,-0.00327,0.03589,0.14558,-0.01648,0.55578,0.59976,18.4058,17.77952,19.0891,17.60729,14.4706
2011-03-02,18.61,18.417,18.725,18.137,44906.0,600971,-0.0108,0.02448,0.12953,-0.03798,0.53118,0.51818,18.4938,17.8801,19.07737,17.65924,14.49615
2011-03-03,18.569000000000003,18.047,18.684,18.035,39997.0,600971,-0.02009,-0.02137,0.07808,-0.03218,0.4947,0.51173,18.415,17.94233,19.06769,17.7078,14.52098
2011-03-04,18.08,18.535999999999998,18.671,17.952,54258.0,600971,0.0271,0.01212,0.0738,0.00986,0.5782,0.58157,18.4594,18.003,19.07061,17.76301,14.54869
2011-03-07,18.737000000000002,20.13,20.208,18.695999999999998,147210.0,600971,0.08599,0.07768,0.16144,0.09159,0.68621,0.68678,18.7496,18.13624,19.09785,17.82961,14.58201
2011-03-08,20.171,19.871,20.171,19.559,82134.0,600971,-0.01287,0.0673,0.13841,0.03646,0.63413,0.66215,19.0002,18.25129,19.10913,17.8923,14.61419
2011-03-09,19.801,19.793,19.949,19.559,50369.0,600971,-0.00393,0.07471,0.12307,0.0339,0.58801,0.61576,19.2754,18.35457,19.1196,17.95189,14.64485
2011-03-10,19.730999999999998,19.185,19.730999999999998,19.131,55676.0,600971,-0.03072,0.06306,0.16315,-0.00234,0.55306,0.60316,19.503,18.48271,19.11887,18.00743,14.67419
2011-03-11,19.123,20.179000000000002,20.971999999999998,19.062,132428.0,600971,0.05181,0.08864,0.1802,0.02676,0.64391,0.66796,19.8316,18.62943,19.12735,18.07169,14.70704
2011-03-14,20.031,20.976,21.066,19.596,145964.0,600971,0.0395,0.04203,0.21256,0.09592,0.70481,0.789,20.0008,18.80452,19.15697,18.1422,14.74465
2011-03-15,19.512999999999998,18.877,19.512999999999998,18.877,97759.0,600971,-0.10007,-0.05002,0.04103,0.01506,0.55712,0.62943,19.802,18.83995,19.16148,18.19711,14.77429
2011-03-16,18.092,18.482,18.7,18.092,182867.0,600971,-0.02092,-0.06624,0.02297,-0.04501,0.46161,0.58576,19.5398,18.85971,19.14744,18.24456,14.80204
2011-03-17,18.24,18.108,18.84,17.750999999999998,103733.0,600971,-0.02024,-0.05614,-0.02609,-0.11772,0.43817,0.51938,19.3244,18.83662,19.10847,18.28941,14.8272
2011-03-18,18.477999999999998,18.092,18.527,18.035,61679.0,600971,-0.00088,-0.10342,-0.01914,-0.11496,0.42065,0.5551,18.907,18.81981,19.07056,18.33297,14.85346
2011-03-21,18.162,17.919,18.317999999999998,17.788,56061.0,600971,-0.00956,-0.14574,-0.00527,-0.13334,0.46373,0.54235,18.2956,18.81529,19.0261,18.37912,14.87907
2011-03-22,17.993,17.784000000000002,18.03,17.512999999999998,49813.0,600971,-0.00753,-0.0579,-0.03907,-0.1568,0.45365,0.55945,18.077,18.78086,18.97276,18.42424,14.905
2011-03-23,17.924,18.178,18.281,17.813,57259.0,600971,0.02215,-0.01645,0.01141,-0.14028,0.47549,0.63046,18.0162,18.79062,18.92492,18.47187,14.93358
2011-03-24,18.265,17.948,18.363,17.932000000000002,46540.0,600971,-0.01265,-0.00884,-0.00161,-0.16111,0.45871,0.60738,17.9842,18.78924,18.86932,18.51776,14.96115
2011-03-25,17.948,18.01,18.199,17.817,55441.0,600971,0.00345,-0.00453,-0.02337,-0.18118,0.52588,0.57982,17.9678,18.76871,18.80505,18.56822,14.98802
2011-03-28,18.047,18.317999999999998,18.684,18.047,93684.0,600971,0.0171,0.02227,0.00022,-0.12946,0.57955,0.59537,18.0476,18.7689,18.76111,18.62286,15.0158
2011-03-29,18.281,18.01,18.544,17.952,59371.0,600971,-0.01681,0.01271,-0.03582,-0.12513,0.54526,0.55071,18.0928,18.73705,18.71956,18.67453,15.0418
2011-03-30,18.01,17.587,18.113,17.579,48566.0,600971,-0.02349,-0.03251,-0.05538,-0.12793,0.51808,0.51377,17.9746,18.68795,18.67795,18.72333,15.06607
2011-03-31,17.698,17.135,17.739,17.007,42868.0,600971,-0.0257,-0.0453,-0.06961,-0.16614,0.44526,0.47487,17.812,18.6269,18.62289,18.76624,15.0885
2011-04-01,17.295,17.993,18.006,17.139,49052.0,600971,0.05007,-0.00094,-0.00299,-0.10044,0.48225,0.56203,17.8086,18.62433,18.59048,18.81384,15.11481
2011-04-06,17.809,18.449,18.577,17.747,101974.0,600971,0.02534,0.00715,-0.00469,-0.07268,0.55282,0.63845,17.8348,18.62019,18.56716,18.86724,15.14404
2011-04-07,18.437,18.215,18.445,18.117,38600.0,600971,-0.01268,0.01138,-0.09513,-0.11427,0.48742,0.59431,17.8758,18.529,18.52926,18.91576,15.17164
2011-04-11,18.486,18.392,18.795,18.343,78042.0,600971,0.00972,0.04577,-0.07443,-0.13839,0.44603,0.53216,18.0368,18.45857,18.48161,18.96189,15.19761
2011-04-12,18.277,17.680999999999997,18.277,17.472,56799.0,600971,-0.03866,0.03186,-0.1067,-0.17502,0.26365,0.44962,18.146,18.358,18.42111,18.99188,15.2199
2011-04-13,17.583,17.858,17.862000000000002,17.287,42912.0,600971,0.01001,-0.0075,-0.06917,-0.18945,0.19292,0.48619,18.119,18.29481,18.35379,19.01536,15.24365
2011-04-14,17.776,17.442999999999998,17.776,17.299,50213.0,600971,-0.02324,-0.05453,-0.13559,-0.19551,0.1063,0.42241,17.9178,18.16452,18.28542,19.02898,15.2647
2011-04-15,17.505,17.529,17.57,17.299,26110.0,600971,0.00493,-0.03766,-0.16433,-0.16153,0.09604,0.39075,17.7806,18.00038,18.23095,19.04147,15.28472
2011-04-18,17.615,17.590999999999998,17.837,17.496,28106.0,600971,0.00354,-0.04355,-0.06813,-0.13617,0.0,0.37774,17.6204,17.93914,18.18623,19.04147,15.30433
2011-04-19,17.496,17.221,17.496,17.213,33502.0,600971,-0.02103,-0.02602,-0.06823,-0.15021,-0.04898,0.36946,17.5284,17.8791,18.13713,19.03426,15.32322
2011-04-20,17.377,17.406,17.455,17.254,21059.0,600971,0.01074,-0.02531,-0.03877,-0.15279,0.03116,0.42754,17.438,17.84567,18.0865,19.03854,15.34441
2011-04-21,17.624000000000002,17.817,17.993,17.521,47891.0,600971,0.02361,0.02144,-0.0152,-0.12257,-0.02056,0.4224,17.5128,17.83257,18.04635,19.0355,15.36591
2011-04-22,17.788,17.542,17.872,17.433,28085.0,600971,-0.01543,0.00074,-0.02104,-0.04684,-0.12334,0.43387,17.5154,17.81462,18.03245,19.01543,15.38749
2011-04-25,17.454,16.826,17.454,16.767,41700.0,600971,-0.04082,-0.04349,-0.05387,-0.06037,-0.16067,0.36254,17.3624,17.769,18.01502,18.98924,15.40569
2011-04-26,16.746,16.604,16.922,16.541,26351.0,600971,-0.01319,-0.03583,-0.08659,-0.0539,-0.18432,0.33002,17.239,17.69405,17.99976,18.95874,15.42244
2011-04-27,16.7,16.52,16.817,16.374000000000002,19988.0,600971,-0.00506,-0.0509,-0.07956,-0.09919,-0.21228,0.34134,17.0618,17.62605,17.97042,18.92254,15.43953
2011-04-28,16.675,16.227,16.692,16.198,19786.0,600971,-0.01774,-0.08924,-0.099,-0.03612,-0.20249,0.41227,16.7438,17.54114,17.96061,18.88905,15.45878
2011-04-29,16.177,16.541,16.566,16.177,16684.0,600971,0.01935,-0.05706,-0.09701,-0.02928,-0.16603,0.43187,16.5436,17.45652,17.95256,18.86228,15.47907
2011-05-03,16.554000000000002,16.399,16.575,16.211,19011.0,600971,-0.00858,-0.02538,-0.08945,0.00905,-0.16975,0.38272,16.4582,17.37981,17.95494,18.83502,15.49752
2011-05-04,16.424,15.616,16.424,15.52,33594.0,600971,-0.04775,-0.0595,-0.11207,-0.04226,-0.19634,0.32721,16.2606,17.28595,17.94382,18.804,15.51317
2011-05-05,15.532,15.574000000000002,15.729000000000001,15.499,17025.0,600971,-0.00269,-0.05726,-0.0911,-0.06965,-0.25344,0.28988,16.0714,17.21162,17.92502,18.76102,15.52739
2011-05-06,15.068,15.335999999999999,15.565999999999999,14.988,22448.0,600971,-0.01528,-0.05491,-0.14767,-0.11157,-0.23093,0.18967,15.8932,17.0851,17.89395,18.72358,15.53733
2011-05-09,15.327,15.599,15.770999999999999,15.327,17230.0,600971,0.01715,-0.05695,-0.15448,-0.09999,-0.15713,0.16908,15.7048,16.94938,17.866,18.69993,15.5465
2011-05-10,15.779000000000002,16.018,16.026,15.779000000000002,21193.0,600971,0.02686,-0.02323,-0.12061,-0.08233,-0.1748,0.19609,15.6286,16.84476,17.84282,18.67235,15.55718
2011-05-11,16.064,15.884,16.064,15.704,17235.0,600971,-0.00837,0.01716,-0.13636,-0.09873,-0.19075,0.24923,15.6822,16.72533,17.81476,18.64191,15.57006
2011-05-12,15.687000000000001,15.460999999999999,15.809000000000001,15.457,20007.0,600971,-0.02663,-0.00726,-0.12556,-0.06263,-0.21414,0.15873,15.6596,16.61962,17.7981,18.60766,15.57867
2011-05-13,15.527999999999999,15.817,15.842,15.478,17357.0,600971,0.02303,0.03136,-0.11429,-0.07492,-0.2356,0.20355,15.7558,16.52243,17.77744,18.56802,15.58954
2011-05-16,15.770999999999999,15.482000000000001,15.8,15.445,23247.0,600971,-0.02118,-0.0075,-0.11242,-0.10503,-0.26308,0.13272,15.7324,16.42905,17.74813,18.52309,15.59692
2011-05-17,15.436,16.294,16.617,15.424000000000001,52537.0,600971,0.05245,0.01723,-0.07045,-0.10142,-0.26782,0.32428,15.7876,16.37024,17.71847,18.47463,15.61314
2011-05-18,16.114,16.365,16.6,15.909,40604.0,600971,0.00436,0.03028,-0.06969,-0.0942,-0.23053,0.39146,15.8838,16.31186,17.69102,18.43477,15.63185
2011-05-19,16.42,16.152,16.575,16.148,17252.0,600971,-0.01302,0.04469,-0.06208,-0.13129,-0.25395,0.34791,16.022,16.26095,17.65165,18.39007,15.6488
2011-05-20,16.148,16.194000000000003,16.273,16.093,11998.0,600971,0.0026,0.02384,-0.06963,-0.12204,-0.1689,0.41643,16.0974,16.20324,17.61534,18.36332,15.66815
2011-05-23,16.206,15.591,16.219,15.57,26071.0,600971,-0.03724,0.00704,-0.12494,-0.13451,-0.14523,0.37754,16.1192,16.09724,17.57626,18.34178,15.68552
2011-05-24,15.495,15.65,15.725,15.485999999999999,19958.0,600971,0.00378,-0.03952,-0.10786,-0.15437,-0.14429,0.34001,15.9904,16.00714,17.53018,18.32033,15.70167
2011-05-25,15.239,15.654000000000002,15.842,15.239,17968.0,600971,0.00026,-0.04345,-0.06965,-0.12903,-0.14333,0.35368,15.8482,15.95133,17.49277,18.29903,15.71829
2011-05-26,15.863,15.574000000000002,16.031,15.537,13941.0,600971,-0.00511,-0.03579,-0.06203,-0.13367,-0.16934,0.40623,15.7326,15.90229,17.45402,18.27322,15.73658
2011-05-27,15.8,15.763,16.19,15.527999999999999,29149.0,600971,0.01214,-0.02661,-0.04582,-0.14522,-0.13599,0.39582,15.6464,15.86624,17.41082,18.25305,15.75475
2011-05-30,15.717,15.616,15.863,15.495,19304.0,600971,-0.00933,0.0016,-0.03765,-0.14732,-0.16985,0.38182,15.6514,15.83714,17.36731,18.22707,15.77229
2011-05-31,15.552999999999999,16.077,16.156,15.273,32324.0,600971,0.02952,0.02728,-0.02805,-0.1393,-0.15071,0.4325,15.7368,15.81505,17.32534,18.20388,15.79202
2011-06-01,16.102,15.993,16.156,15.905,20927.0,600971,-0.00522,0.02166,-0.02476,-0.14099,-0.16459,0.41156,15.8046,15.79571,17.283,18.17826,15.81098
2011-06-02,15.842,16.324,16.399,15.587,51934.0,600971,0.0207,0.04816,0.04534,-0.11365,-0.12458,0.39034,15.9546,15.82943,17.24924,18.15937,15.82961
2011-06-03,16.282,16.378,16.608,16.152,35377.0,600971,0.00331,0.03902,0.05162,-0.09248,-0.10771,0.42084,16.0776,15.86771,17.22232,18.1433,15.84933
2011-06-07,16.269000000000002,16.336,16.382,16.19,15865.0,600971,-0.00256,0.04611,0.06521,-0.11869,-0.11415,0.44502,16.2216,15.91533,17.18684,18.12619,15.86978
2011-06-08,16.311,16.19,16.311,16.014,16155.0,600971,-0.00894,0.00703,0.03789,-0.19573,-0.15554,0.3891,16.2442,15.94348,17.12329,18.10194,15.88822
2011-06-09,16.19,15.972000000000001,16.407,15.909,17045.0,600971,-0.01347,-0.00131,-0.00287,-0.19622,-0.16569,0.38899,16.24,15.94129,17.0604,18.07615,15.9064
2011-06-10,15.950999999999999,15.950999999999999,16.051,15.738,14579.0,600971,-0.00131,-0.02285,0.00422,-0.19411,-0.17051,0.45538,16.1654,15.94448,16.99844,18.0495,15.92669
2011-06-13,15.821,15.863,15.98,15.687000000000001,10448.0,600971,-0.00552,-0.03144,0.026,-0.17316,-0.19285,0.46825,16.0624,15.96362,16.94485,18.01868,15.94725
2011-06-14,15.863,16.19,16.230999999999998,15.784,15173.0,600971,0.02061,-0.00894,0.02358,-0.19768,-0.15413,0.48491,16.0332,15.98138,16.88052,17.9947,15.96874
2011-06-15,16.19,16.085,16.407,16.072,17703.0,600971,-0.00649,-0.00649,0.03895,-0.23317,-0.13508,0.49614,16.0122,16.0101,16.80163,17.97428,15.99043
2011-06-16,15.905,15.708,16.018,15.696,14289.0,600971,-0.02344,-0.01653,-0.03596,-0.16788,-0.18834,0.47521,15.9594,15.98219,16.75052,17.94464,16.011
2011-06-17,15.717,15.616,16.064,15.604000000000001,13034.0,600971,-0.00586,-0.021,-0.04577,-0.15507,-0.23913,0.52843,15.8924,15.94652,16.70429,17.90474,16.03294
2011-06-20,15.491,15.637,15.796,15.491,10915.0,600971,0.00134,-0.01425,-0.03188,-0.13646,-0.23506,0.52989,15.8472,15.922,16.66444,17.86567,16.05496
2011-06-21,15.712,16.093,16.173,15.712,20499.0,600971,0.02916,-0.00599,-0.00624,-0.11049,-0.22166,0.51136,15.8278,15.91719,16.63219,17.82841,16.07709
2011-06-22,16.114,15.972000000000001,16.198,15.918,10353.0,600971,-0.00752,-0.00703,0.02444,-0.10866,-0.24271,0.52521,15.8052,15.93533,16.60079,17.7868,16.09945
2011-06-23,15.850999999999999,16.265,16.361,15.834000000000001,21268.0,600971,0.01834,0.03546,0.0393,-0.08541,-0.23075,0.53227,15.9166,15.96462,16.57629,17.74713,16.12242
2011-06-24,16.219,16.495,16.608,16.072,60764.0,600971,0.01414,0.05629,0.05372,-0.09258,-0.22903,0.54912,16.0924,16.00467,16.54915,17.70729,16.14619
2011-06-27,16.52,16.65,16.847,16.437,37451.0,600971,0.0094,0.06478,0.06909,-0.07232,-0.24301,0.57031,16.295,16.0559,16.52821,17.66384,16.17077
2011-06-28,16.721,16.590999999999998,16.73,16.445,28341.0,600971,-0.00354,0.03095,0.05253,-0.07879,-0.21153,0.52002,16.3946,16.09533,16.50532,17.62765,16.19384
2011-06-29,16.590999999999998,16.625,17.014,16.590999999999998,51552.0,600971,0.00205,0.04088,0.06461,-0.09242,-0.19241,0.5324,16.5252,16.14338,16.47802,17.59545,16.21732
2011-06-30,16.742,16.893,17.027,16.608,37488.0,600971,0.01612,0.03861,0.05076,-0.06202,-0.16234,0.58709,16.6508,16.18224,16.46,17.56883,16.24272
2011-07-01,16.926,18.42,18.584,16.859,193677.0,600971,0.09039,0.1167,0.15175,0.04736,-0.10361,0.74069,17.0358,16.29781,16.47344,17.55152,16.27459
2011-07-04,18.32,18.588,18.659000000000002,18.178,125192.0,600971,0.00912,0.1164,0.13869,0.0848,-0.07069,0.77995,17.4234,16.40562,16.49687,17.54002,16.3077
2011-07-05,18.45,18.86,18.986,18.45,81004.0,600971,0.01463,0.13676,0.15154,0.04819,-0.05202,0.84234,17.8772,16.52381,16.51085,17.53161,16.34275
2011-07-06,18.759,18.538,18.831,18.324,49372.0,600971,-0.01707,0.11507,0.13479,0.00482,-0.09857,0.98098,18.2598,16.62867,16.51229,17.51513,16.38007
2011-07-07,18.563,18.349,18.91,18.340999999999998,55576.0,600971,-0.0102,0.08619,0.13335,0.00736,-0.1404,1.06679,18.551,16.73148,16.51445,17.49076,16.41857
2011-07-08,18.287,18.429000000000002,18.508,18.132,31460.0,600971,0.00436,0.00049,0.15383,0.00201,-0.14012,1.111,18.5528,16.84848,16.51505,17.46635,16.45799
2011-07-11,18.261,18.81,18.994,18.253,50174.0,600971,0.02067,0.01194,0.17924,0.06385,-0.14624,1.17834,18.5972,16.98462,16.53326,17.44015,16.49935
2011-07-14,20.689,20.689,20.689,20.689,43388.0,600971,0.09989,0.09698,0.30423,0.15853,-0.0458,1.32827,18.963,17.21443,16.57892,17.43208,16.54733
2011-07-15,21.773000000000003,21.71,22.677,21.48,307585.0,600971,0.04935,0.17111,0.34095,0.24463,0.03846,1.43522,19.5974,17.47729,16.64774,17.43862,16.59935
2011-07-18,21.730999999999998,22.48,23.004,21.730999999999998,178960.0,600971,0.03547,0.22513,0.39758,0.28245,0.10391,1.55716,20.4236,17.78181,16.7276,17.45582,16.65499
2011-07-19,22.217,22.186999999999998,22.732,22.061999999999998,107891.0,600971,-0.01303,0.20392,0.41246,0.26127,0.09484,1.38544,21.1752,18.09033,16.80173,17.47145,16.70737
2011-07-20,22.309,22.195999999999998,22.601999999999997,21.881999999999998,82879.0,600971,0.00041,0.18001,0.42136,0.28889,0.08036,1.35927,21.8524,18.40367,16.88197,17.48487,16.75936
2011-07-21,22.183000000000003,22.213,22.665,21.953000000000003,114586.0,600971,0.00077,0.07366,0.42054,0.27617,0.09391,1.42685,22.1572,18.71681,16.9595,17.50037,16.81245
2011-07-22,22.326,21.726999999999997,22.326,21.701999999999998,98397.0,600971,-0.02188,0.00078,0.35009,0.21945,0.18056,1.33599,22.1606,18.9851,17.02256,17.52739,16.86296
2011-07-25,21.668000000000003,21.031999999999996,21.848000000000003,20.969,109673.0,600971,-0.03199,-0.06441,0.3168,0.19895,0.17451,1.32603,21.871,19.22605,17.07885,17.5528,16.9117
2011-07-26,21.095,20.919,21.296,20.680999999999997,71833.0,600971,-0.00537,-0.05715,0.28614,0.24325,0.19197,1.27035,21.6174,19.44767,17.14487,17.58019,16.95928
2011-07-27,20.726999999999997,21.225,21.421,20.697,96034.0,600971,0.01463,-0.04375,0.28675,0.27831,0.15737,1.09423,21.4232,19.6729,17.2194,17.60365,17.00436
2011-07-28,20.928,21.145,21.338,20.769000000000002,81099.0,600971,-0.00377,-0.04808,0.26997,0.27996,0.25601,0.94741,21.2096,19.88695,17.294,17.63869,17.04618
2011-07-29,21.149,20.723000000000003,21.413,20.714000000000002,61382.0,600971,-0.01996,-0.04621,0.24905,0.27707,0.21614,0.93203,21.0088,20.08371,17.36652,17.66863,17.08682
2011-08-01,20.730999999999998,21.212,21.25,20.66,48161.0,600971,0.0236,0.00856,0.27591,0.28239,0.30519,0.94766,21.0448,20.30214,17.44185,17.70896,17.12877
2011-08-02,21.053,21.296,21.334,20.676,53199.0,600971,0.00396,0.01802,0.26064,0.29862,0.3061,0.95627,21.1202,20.51181,17.52084,17.74954,17.17109
2011-08-03,21.061999999999998,21.179000000000002,21.593000000000004,20.974,56812.0,600971,-0.00549,-0.00217,0.14978,0.35624,0.26517,0.94463,21.111,20.64319,17.61056,17.78563,17.21291
2011-08-04,21.162,21.438000000000002,21.555,21.162,43703.0,600971,0.01223,0.01386,0.15332,0.37652,0.24192,0.98427,21.1696,20.7789,17.70515,17.81958,17.25614
2011-08-05,20.739,20.589000000000002,21.081999999999997,20.555,68007.0,600971,-0.0396,-0.00647,0.09168,0.34253,0.18792,0.8487,21.1428,20.86124,17.78987,17.84606,17.29456
2011-08-08,20.304000000000002,19.793,20.459,19.345,87220.0,600971,-0.03866,-0.0669,0.0677,0.26886,0.13394,0.72503,20.859,20.921,17.85752,17.86507,17.32838
2011-08-09,19.295,19.923,20.132,19.253,59125.0,600971,0.00657,-0.06447,0.08578,0.24379,0.13045,0.7849,20.5844,20.99595,17.9205,17.88376,17.36399
2011-08-10,20.258,19.969,20.425,19.910999999999998,58573.0,600971,0.00231,-0.05713,0.08356,0.25718,0.21068,0.75799,20.3424,21.06929,17.98639,17.91201,17.39899
2011-08-11,19.588,20.258,20.3,19.546,39500.0,600971,0.01447,-0.05504,0.07698,0.31026,0.18482,0.79911,20.1064,21.13824,18.06376,17.9377,17.43557
2011-08-12,20.500999999999998,20.178,20.509,20.09,37835.0,600971,-0.00395,-0.01996,-0.0247,0.27572,0.16643,0.78487,20.0242,21.1139,18.1341,17.96111,17.47164
2011-08-15,20.195,20.396,20.404,20.011,31289.0,600971,0.0108,0.03047,-0.06053,0.3174,0.1248,0.86095,20.1448,21.05133,18.21335,17.9795,17.51
2011-08-16,20.496,20.701999999999998,20.881999999999998,20.387999999999998,53340.0,600971,0.015,0.0391,-0.07909,0.27053,0.14585,0.86706,20.3006,20.96667,18.28445,18.00093,17.54908
2011-08-17,20.635,20.404,20.718000000000004,20.371,24361.0,600971,-0.01439,0.02178,-0.08036,0.24681,0.0974,0.82537,20.3876,20.88176,18.3496,18.01565,17.58658
2011-08-18,20.363,19.885,20.505,19.881,29584.0,600971,-0.02544,-0.01841,-0.10412,0.23112,0.07807,0.78149,20.313,20.77171,18.40981,18.02736,17.62204
2011-08-19,19.555,19.576,19.869,19.383,29608.0,600971,-0.01554,-0.02983,-0.11871,0.20884,0.08671,0.65464,20.1926,20.64614,18.46435,18.04006,17.65352
2011-08-22,19.668,19.71,20.074,19.542,22906.0,600971,0.00685,-0.03363,-0.09283,0.26419,0.065,0.65214,20.0554,20.5501,18.53079,18.04984,17.68515
2011-08-23,19.777,20.375,20.476,19.722,41789.0,600971,0.03374,-0.0158,-0.03124,0.30192,0.13364,0.70845,19.99,20.51881,18.607,18.06937,17.7195
2011-08-24,20.425,20.296,20.551,20.212,28716.0,600971,-0.00388,-0.00529,-0.02978,0.29654,0.129,0.58352,19.9684,20.48914,18.68187,18.08822,17.7499
2011-08-25,20.320999999999998,21.342,21.493000000000002,20.215999999999998,95974.0,600971,0.05154,0.07327,0.00551,0.37036,0.15731,0.68778,20.2598,20.49471,18.7749,18.1118,17.78525
2011-08-26,21.136999999999997,21.304000000000002,21.363000000000003,21.02,40326.0,600971,-0.00178,0.08827,0.00752,0.35152,0.16326,0.6734,20.6054,20.50229,18.86427,18.13611,17.8201
2011-08-29,21.136999999999997,20.877,21.179000000000002,20.71,45333.0,600971,-0.02004,0.05921,0.00743,0.3369,0.11767,0.65218,20.8388,20.50962,18.94913,18.15398,17.8536
2011-08-30,21.066,20.275,21.388,20.262,76634.0,600971,-0.02884,-0.00491,-0.04417,0.26112,0.089,0.69424,20.8188,20.465,19.01684,18.16746,17.88737
2011-08-31,20.237000000000002,20.17,20.333,19.823,41338.0,600971,-0.00518,-0.00621,-0.05287,0.26118,0.09518,0.67692,20.7936,20.41138,19.08421,18.18171,17.92047
2011-09-01,20.132,19.785,20.3,19.756,35878.0,600971,-0.01909,-0.07295,-0.06582,0.21202,0.0963,0.63865,20.4822,20.345,19.14003,18.19584,17.95182
2011-09-02,19.839000000000002,19.869,19.923,19.425,35020.0,600971,0.00425,-0.06736,-0.07319,0.21315,0.07191,0.6917,20.1952,20.27029,19.19634,18.20667,17.98484
2011-09-05,19.588,19.287,19.756,19.262,28526.0,600971,-0.02929,-0.07616,-0.06324,0.18064,-0.04188,0.6156,19.8772,20.20829,19.24394,18.19982,18.01472
2011-09-06,19.002,18.956,19.279,18.73,33520.0,600971,-0.01716,-0.06506,-0.04229,0.17085,-0.04605,0.55888,19.6134,20.16843,19.28855,18.19238,18.04234
2011-09-07,19.086,19.496,19.563,18.96,37411.0,600971,0.02849,-0.03342,-0.02143,0.22064,-0.01501,0.56418,19.4786,20.1481,19.34539,18.18997,18.07093
2011-09-08,19.664,19.232,19.664,19.22,31226.0,600971,-0.01354,-0.02795,-0.03691,0.20569,0.00245,0.55687,19.368,20.113,19.39831,18.19035,18.09889
2011-09-09,19.245,19.136,19.555,19.069000000000003,21211.0,600971,-0.00499,-0.03689,-0.05539,0.20633,-0.05169,0.55894,19.2214,20.05957,19.4511,18.18187,18.12678
2011-09-13,18.881,19.458,19.463,18.877,26489.0,600971,0.01683,0.00887,-0.03568,0.20185,-0.07237,0.58144,19.2556,20.02529,19.50381,18.16953,18.15586
2011-09-14,19.484,19.471,19.576,19.17,33524.0,600971,0.00067,0.02717,-0.04535,0.21051,0.03147,0.60612,19.3586,19.98124,19.55842,18.17436,18.18573
2011-09-16,19.63,19.442,19.756,19.425,29446.0,600971,-0.00149,-0.00277,-0.06086,0.23771,0.05194,0.53752,19.3478,19.92124,19.61865,18.18216,18.21336
2011-09-19,18.835,18.592,19.191,18.575,28412.0,600971,-0.04372,-0.03328,-0.08881,0.19057,0.02673,0.47661,19.2198,19.83495,19.66665,18.1861,18.23776
2011-09-20,18.559,18.559,18.688,18.374000000000002,27166.0,600971,-0.00177,-0.03015,-0.06668,0.18686,0.02581,0.45732,19.1044,19.77181,19.71377,18.18989,18.26143
2011-09-21,18.625999999999998,19.622,19.747,18.521,86888.0,600971,0.05728,0.00843,0.00235,0.21929,0.09504,0.60284,19.1372,19.774,19.77069,18.20374,18.29143
2011-09-22,19.212,18.793,19.375,18.755,59653.0,600971,-0.04225,-0.03482,-0.04652,0.17662,0.05674,0.53613,19.0016,19.73033,19.81619,18.21194,18.31809
2011-09-23,18.416,19.052,19.078,18.337,38555.0,600971,0.01378,-0.02006,-0.06493,0.17135,0.04808,0.54643,18.9236,19.66733,19.86115,18.21905,18.34546
2011-09-26,19.052,19.160999999999998,19.463,18.868,50287.0,600971,0.00572,0.0306,-0.05592,0.16162,0.06758,0.5573,19.0374,19.61329,19.90415,18.22891,18.37333
2011-09-27,19.358,19.659000000000002,19.747,19.253,57126.0,600971,0.02599,0.05927,-0.07886,0.18072,0.09156,0.66559,19.2574,19.53314,19.95268,18.24232,18.40527
2011-09-28,19.789,18.868,19.817999999999998,18.835,53353.0,600971,-0.04024,-0.03843,-0.11434,0.13724,0.03003,0.62697,19.1066,19.41714,19.9894,18.24679,18.43483
2011-09-29,18.835,18.333,19.044,18.282,49505.0,600971,-0.02835,-0.02448,-0.12186,0.10274,0.01793,0.57297,19.0146,19.296,20.01695,18.24941,18.46197
2011-09-30,18.451,18.441,19.682000000000002,18.403,103905.0,600971,0.00589,-0.03207,-0.09046,0.09164,0.04856,0.5918,18.8924,19.20867,20.04192,18.25636,18.48984
2011-10-10,18.422,16.866,18.432000000000002,16.828,118384.0,600971,-0.08541,-0.11977,-0.16381,-0.08436,-0.0157,0.42257,18.4334,19.05133,20.01685,18.25417,18.51021
2011-10-11,17.468,15.74,17.544,15.234000000000002,177062.0,600971,-0.06676,-0.19935,-0.20445,-0.15322,-0.12522,0.29665,17.6496,18.85871,19.97092,18.23585,18.52485
2011-10-12,15.606,16.227,16.303,15.129000000000001,100148.0,600971,0.03094,-0.13997,-0.1833,-0.13961,-0.12044,0.36579,17.1214,18.68529,19.92845,18.21779,18.54251
2011-10-13,16.017,16.494,16.704,15.921,93271.0,600971,0.01645,-0.10031,-0.14481,-0.11026,-0.09448,0.34689,16.7536,18.55229,19.89548,18.2038,18.55978
2011-10-14,16.608,16.733,16.980999999999998,16.437,90308.0,600971,0.01449,-0.09262,-0.11727,-0.08807,-0.0902,0.31559,16.412,18.44643,19.86942,18.19031,18.5761
2011-10-17,16.847,16.512999999999998,16.99,16.340999999999998,58793.0,600971,-0.01315,-0.02093,-0.15301,-0.10397,-0.06606,0.18017,16.3414,18.30438,19.83852,18.18081,18.58635
2011-10-18,16.236,15.710999999999999,16.322,15.587,70316.0,600971,-0.04857,-0.00184,-0.18308,-0.16475,-0.12023,0.0495,16.3356,18.13671,19.78853,18.16336,18.58936
2011-10-19,15.845,15.902000000000001,16.102999999999998,15.492,46131.0,600971,0.01216,-0.02003,-0.169,-0.23138,-0.08834,0.00856,16.2706,17.98271,19.71132,18.15083,18.58991
2011-10-20,15.845,15.177,15.845,14.948,60267.0,600971,-0.04559,-0.07985,-0.22001,-0.30092,-0.13418,-0.05102,16.0072,17.77886,19.60595,18.13171,18.58659
2011-10-21,14.9,14.967,15.349,14.9,37382.0,600971,-0.01384,-0.10554,-0.23132,-0.33421,-0.14917,-0.14917,15.654,17.56438,19.48477,18.11037,18.57592
2011-10-24,15.119000000000002,15.454,15.482000000000001,14.738,61118.0,600971,0.03254,-0.06413,-0.20512,-0.30347,-0.10261,-0.14657,15.4422,17.37448,19.37618,18.09601,18.56513
2011-10-25,15.558,16.017,16.351,15.091,113711.0,600971,0.03643,0.01948,-0.1385,-0.27838,-0.0798,-0.05113,15.5034,17.25186,19.27652,18.08472,18.56163
2011-10-26,15.797,15.892999999999999,16.351,15.720999999999998,109272.0,600971,-0.00774,-0.00057,-0.14365,-0.28452,-0.10799,-0.12633,15.5016,17.1249,19.17458,18.06907,18.55228
2011-10-27,15.94,15.988,16.284000000000002,15.864,68045.0,600971,0.00598,0.05344,-0.1852,-0.26414,-0.08859,-0.201,15.6638,16.95186,19.08202,18.05644,18.53593
2011-10-28,16.389,17.285999999999998,17.324,16.236,203822.0,600971,0.08119,0.15494,-0.08019,-0.17811,0.02734,-0.13773,16.1276,16.8801,19.0216,18.06018,18.52471
2011-10-31,17.180999999999997,17.019000000000002,17.468,16.857,139228.0,600971,-0.01545,0.10127,-0.10671,-0.18643,0.02499,-0.16393,16.4406,16.78329,18.95869,18.06355,18.51115
2011-11-01,16.799,16.828,17.191,16.637,106976.0,600971,-0.01122,0.05063,-0.12176,-0.20716,0.01864,-0.1976,16.6028,16.67219,18.88777,18.06606,18.4943
2011-11-02,16.37,16.742,16.761,15.959000000000001,207911.0,600971,-0.00511,0.05342,-0.14838,-0.20823,0.03174,-0.17718,16.7726,16.53329,18.81676,18.07024,18.47965
2011-11-03,16.857,16.742,17.277,16.561,224882.0,600971,0.0,0.04716,-0.11268,-0.19211,0.01215,-0.15589,16.9234,16.43205,18.75255,18.07188,18.46708
2011-11-04,16.952,16.875999999999998,17.162,16.608,130888.0,600971,0.008,-0.02372,-0.07947,-0.20441,0.02909,-0.14561,16.8414,16.36267,18.68261,18.07576,18.45539
2011-11-07,16.761,16.608,17.133,16.523,140370.0,600971,-0.01588,-0.02415,-0.0994,-0.22014,0.06352,-0.14528,16.7592,16.27538,18.607,18.08382,18.44391
2011-11-08,16.704,17.162,17.296,16.637,231909.0,600971,0.03336,0.01985,0.01755,-0.18967,0.10196,-0.17732,16.826,16.28948,18.54221,18.09673,18.42887
2011-11-09,17.248,17.238,17.468,16.733,174301.0,600971,0.00443,0.02963,0.09517,-0.19591,0.12402,-0.13555,16.9252,16.36081,18.47447,18.1122,18.41789
2011-11-10,16.962,16.847,17.124000000000002,16.809,123961.0,600971,-0.02268,0.00627,0.03821,-0.18175,0.08001,-0.0897,16.9462,16.39033,18.41411,18.12234,18.41114
2011-11-11,17.057000000000002,16.971,17.324,16.904,142193.0,600971,0.00736,0.00563,0.02892,-0.14258,0.0595,-0.1257,16.9652,16.41305,18.3686,18.13009,18.40122
2011-11-14,17.277,17.916,18.021,17.114,249764.0,600971,0.05568,0.07876,0.0707,-0.10074,0.12793,-0.08722,17.2268,16.46938,18.33623,18.14661,18.39426
2011-11-15,17.849,17.802,17.945,17.611,145479.0,600971,-0.00636,0.03729,0.07806,-0.10852,0.15141,-0.09515,17.3548,16.53076,18.30127,18.16564,18.38665
2011-11-16,17.754,17.028,17.897000000000002,16.895,160960.0,600971,-0.04348,-0.01218,0.08383,-0.15944,0.07656,-0.17707,17.3128,16.59348,18.24918,18.17549,18.37176
2011-11-17,17.143,17.048,17.315,16.857,78485.0,600971,0.00117,0.01193,0.07207,-0.15512,0.10115,-0.18854,17.353,16.64805,18.19869,18.18822,18.35565
2011-11-18,16.857,16.389,16.895,16.179000000000002,115909.0,600971,-0.03866,-0.03429,0.07986,-0.19646,0.00583,-0.26355,17.2366,16.70576,18.13406,18.18899,18.33181
2011-11-21,16.227,16.064,16.408,15.845,93677.0,600971,-0.01983,-0.10337,0.07329,-0.22404,-0.01839,-0.24469,16.8662,16.758,18.05926,18.18654,18.31066
2011-11-22,15.902000000000001,15.998,16.112000000000002,15.654000000000002,63195.0,600971,-0.00411,-0.10134,0.0352,-0.21594,-0.00953,-0.26106,16.5054,16.7839,17.98819,18.18529,18.28768
2011-11-23,16.035999999999998,15.587,16.122,15.492,89884.0,600971,-0.02569,-0.08463,-0.02685,-0.21614,-0.03748,-0.20005,16.2172,16.76343,17.91887,18.18036,18.27184
2011-11-24,15.272,15.387,15.673,15.052999999999999,86852.0,600971,-0.01283,-0.09743,-0.03184,-0.21399,-0.01308,-0.15641,15.885,16.73933,17.85131,18.1787,18.26024
2011-11-25,15.368,15.272,15.635,15.234000000000002,50535.0,600971,-0.00747,-0.06816,-0.04478,-0.22516,-0.02415,-0.16496,15.6616,16.70524,17.77973,18.17563,18.24798
2011-11-28,15.387,15.32,15.511,15.177,50341.0,600971,0.00314,-0.04631,-0.11373,-0.2481,-0.02134,-0.1616,15.5128,16.61162,17.69819,18.17291,18.23597
2011-11-29,15.606,15.597000000000001,15.606,15.405999999999999,88086.0,600971,0.01808,-0.02507,-0.08355,-0.23152,0.00148,-0.16812,15.4326,16.5439,17.6224,18.1731,18.22316
2011-11-30,15.549000000000001,14.699000000000002,15.549000000000001,14.604000000000001,95378.0,600971,-0.05758,-0.05697,-0.12652,-0.31126,-0.0675,-0.19431,15.255,16.44252,17.51526,18.16445,18.20875
2011-12-01,15.415,14.985999999999999,15.463,14.967,111875.0,600971,0.01953,-0.02606,-0.10489,-0.29656,-0.04034,-0.20334,15.1748,16.3589,17.41335,18.15933,18.1932
2011-12-02,14.795,14.747,14.870999999999999,14.547,65073.0,600971,-0.01595,-0.03438,-0.11916,-0.29362,-0.08273,-0.22097,15.0698,16.2639,17.31448,18.14851,18.1762
2011-12-05,14.709000000000001,14.279000000000002,14.757,14.222000000000001,41784.0,600971,-0.03174,-0.06795,-0.15389,-0.29573,-0.10717,-0.25413,14.8616,16.14024,17.21777,18.13458,18.15642
2011-12-06,14.222000000000001,14.404000000000002,14.509,14.145999999999999,33869.0,600971,0.00875,-0.07649,-0.13271,-0.28587,-0.11762,-0.22754,14.623,16.03529,17.12477,18.11897,18.13917
2011-12-07,14.699000000000002,14.556,14.843,14.489,46391.0,600971,0.01055,-0.00973,-0.15185,-0.26429,-0.11125,-0.20697,14.5944,15.91119,17.04044,18.10415,18.12373
2011-12-08,14.327,14.404000000000002,14.642000000000001,14.127,48481.0,600971,-0.01044,-0.03884,-0.1644,-0.27505,-0.11827,-0.21891,14.478,15.77624,16.95229,18.08845,18.10732
2011-12-09,14.136,14.308,14.47,14.136,29329.0,600971,-0.00666,-0.02977,-0.15071,-0.25815,-0.11624,-0.2537,14.3902,15.65533,16.87198,18.07315,18.08754
2011-12-12,14.318,14.003,14.384,13.984000000000002,34650.0,600971,-0.02132,-0.01933,-0.17489,-0.26129,-0.12328,-0.26854,14.335,15.514,16.7921,18.05714,18.06665
2011-12-13,13.85,13.382,13.955,13.363,43126.0,600971,-0.04435,-0.07095,-0.25307,-0.3136,-0.16106,-0.30411,14.1306,15.2981,16.69348,18.03625,18.04287
2011-12-14,13.277000000000001,12.705,13.449000000000002,12.695,40783.0,600971,-0.05059,-0.12716,-0.28632,-0.33938,-0.19908,-0.35353,13.7604,15.05538,16.58821,18.01058,18.01463
2011-12-15,12.58,12.245999999999999,12.665999999999999,12.103,55469.0,600971,-0.03613,-0.14982,-0.28083,-0.36005,-0.24361,-0.36019,13.3288,14.82767,16.47708,17.97851,17.98661
2011-12-16,12.027000000000001,12.447000000000001,12.475,11.788,80181.0,600971,0.01641,-0.13007,-0.26989,-0.36031,-0.22617,-0.3307,12.9566,14.60857,16.364,17.94893,17.96161
2011-12-19,12.218,12.350999999999999,12.418,11.835999999999999,63077.0,600971,-0.00771,-0.11797,-0.24638,-0.36567,-0.21371,-0.3618,12.6262,14.41629,16.24916,17.92164,17.93314
2011-12-20,12.245999999999999,12.37,12.59,12.245999999999999,60593.0,600971,0.00154,-0.07562,-0.22996,-0.36375,-0.20786,-0.39729,12.4238,14.24038,16.1351,17.89525,17.9
2011-12-21,12.647,12.036,12.695,12.027000000000001,61034.0,600971,-0.027,-0.05266,-0.24766,-0.35262,-0.23029,-0.41121,12.29,14.05171,16.02935,17.86598,17.86583
2011-12-23,12.075,12.619000000000002,12.886,12.075,110166.0,600971,0.04844,0.03046,-0.19042,-0.32006,-0.21587,-0.38968,12.3646,13.91038,15.93355,17.83773,17.83307
2011-12-26,12.504000000000001,12.58,12.819,12.37,56297.0,600971,-0.00309,0.01069,-0.18243,-0.35888,-0.21237,-0.40354,12.3912,13.77671,15.81997,17.81015,17.79848
2011-12-27,12.58,12.409,12.724,12.332,39791.0,600971,-0.01359,0.0047,-0.18747,-0.3397,-0.23707,-0.41312,12.4028,13.64038,15.717,17.7788,17.76297
2011-12-28,12.265,12.37,12.447000000000001,11.922,59932.0,600971,-0.00314,0.0,-0.19256,-0.35072,-0.25008,-0.42183,12.4028,13.4999,15.60923,17.74527,17.72628
2011-12-29,12.265,12.418,12.552,12.103,45113.0,600971,0.00388,0.03174,-0.20382,-0.35191,-0.25417,-0.43542,12.4792,13.34852,15.50047,17.71086,17.68735
2011-12-30,12.59,12.628,12.770999999999999,12.475,67209.0,600971,0.01691,0.00071,-0.14089,-0.35765,-0.23886,-0.39987,12.481,13.2499,15.38706,17.67864,17.65315
2012-01-04,12.838,11.998,12.886,11.96,64126.0,600971,-0.04989,-0.04626,-0.19939,-0.36411,-0.27832,-0.41718,12.3646,13.10762,15.27626,17.64102,17.61824
2012-01-05,11.931,11.645,12.122,11.569,74609.0,600971,-0.02942,-0.06157,-0.21035,-0.36481,-0.31066,-0.42257,12.2118,12.9599,15.16839,17.59836,17.58359
2012-01-06,11.645,11.874,11.892999999999999,11.359000000000002,48966.0,600971,0.01967,-0.0401,-0.16843,-0.35611,-0.35537,-0.42216,12.1126,12.84538,15.06247,17.54514,17.54833
2012-01-09,11.835999999999999,13.058,13.058,11.664000000000001,154847.0,600971,0.09971,0.05154,-0.09345,-0.22578,-0.2975,-0.34717,12.2406,12.78129,15.00105,17.50018,17.5201
2012-01-10,13.64,14.365,14.365,13.535,332170.0,600971,0.10009,0.13755,-0.01312,-0.08736,-0.23834,-0.27796,12.588,12.77219,14.97887,17.46363,17.49762
2012-01-11,15.072000000000001,15.807,15.807,14.843,758425.0,600971,0.10038,0.31747,0.0974,-0.02588,-0.14732,-0.23136,13.3498,12.839,14.9721,17.44143,17.47828
2012-01-12,15.710999999999999,15.501,15.825999999999999,15.224,404493.0,600971,-0.01936,0.33113,0.08338,-0.0602,-0.15521,-0.27382,14.121,12.89581,14.95608,17.41828,17.45452
2012-01-13,15.357999999999999,14.985999999999999,15.616,14.661,397835.0,600971,-0.03322,0.26209,0.0702,-0.1044,-0.18683,-0.30077,14.7434,12.94262,14.9279,17.39028,17.42832
2012-01-16,14.862,14.345999999999998,15.234000000000002,14.308,275425.0,600971,-0.04271,0.09864,0.07204,-0.13123,-0.23732,-0.34886,15.001,12.98852,14.89295,17.35399,17.39707
2012-01-17,14.489,15.767999999999999,15.777999999999999,14.232000000000001,603331.0,600971,0.09912,0.09767,0.24109,0.00363,-0.23786,-0.27276,15.2816,13.13438,14.89387,17.31398,17.37303
2012-01-18,15.606,15.062000000000001,15.606,14.89,432599.0,600971,-0.04477,-0.04713,0.22995,-0.05282,-0.30622,-0.27954,15.1326,13.26848,14.88032,17.25993,17.34928
2012-01-19,15.081,15.244000000000002,15.492,14.919,231969.0,600971,0.01208,-0.01658,0.22471,0.00441,-0.32189,-0.25142,15.0812,13.40167,14.8814,17.20111,17.32846
2012-01-20,15.272,15.11,15.349,14.929,163987.0,600971,-0.00879,0.00827,0.22338,0.00955,-0.31897,-0.25438,15.106,13.53305,14.88371,17.14357,17.30751
2012-01-30,15.167,14.719000000000001,15.167,14.48,141307.0,600971,-0.02588,0.026,0.18989,-0.04756,-0.33686,-0.28357,15.1806,13.6449,14.87185,17.08278,17.28383
2012-01-31,14.652000000000001,15.234000000000002,15.616,14.604000000000001,215186.0,600971,0.03499,-0.03387,0.2657,-0.04889,-0.31419,-0.24978,15.0738,13.79719,14.85923,17.02604,17.26321
2012-02-01,14.967,14.909,15.253,14.719000000000001,140857.0,600971,-0.02133,-0.01016,0.18147,-0.06191,-0.3138,-0.1899,15.0432,13.90624,14.84335,16.97061,17.249
2012-02-02,14.9,16.236,16.398,14.843,551486.0,600971,0.08901,0.06507,0.29062,0.01551,-0.22803,-0.09332,15.2416,14.08033,14.84735,16.93162,17.24221
2012-02-03,15.921,16.15,16.284000000000002,15.702,387273.0,600971,-0.0053,0.06883,0.30147,-0.06572,-0.22797,-0.07977,15.4496,14.25848,14.82903,16.89285,17.23652
2012-02-06,16.227,16.236,16.857,16.131,380197.0,600971,0.00533,0.10306,0.31253,-0.04601,-0.23505,-0.11467,15.753,14.44257,14.8164,16.85228,17.22797
2012-02-07,16.227,16.379,16.599,15.568,316060.0,600971,0.00881,0.07516,0.31897,-0.02668,-0.2254,-0.02709,15.982,14.63119,14.80916,16.81354,17.22611
2012-02-08,16.227,17.352999999999998,17.62,15.978,491755.0,600971,0.05947,0.16393,0.37417,0.0365,-0.16262,0.01837,16.4708,14.85619,14.81902,16.78614,17.22739
2012-02-09,17.352999999999998,17.162,17.525,17.0,324052.0,600971,-0.01101,0.05703,0.43041,0.02509,-0.19093,0.05599,16.656,15.1021,14.82579,16.75321,17.23109
2012-02-10,17.009,16.952,17.363,16.799,231861.0,600971,-0.01224,0.04966,0.45573,0.0045,-0.20398,0.03968,16.8164,15.35481,14.82702,16.71789,17.23372
2012-02-13,16.723,16.99,17.248,16.608,215638.0,600971,0.00224,0.04644,0.43086,0.023,-0.19779,0.01493,16.9672,15.59843,14.83318,16.68384,17.23473
2012-02-14,16.99,17.143,17.458,16.733,252926.0,600971,0.00901,0.04665,0.31284,-0.00111,-0.20035,-0.00689,17.12,15.79295,14.83287,16.64892,17.23425
2012-02-15,17.067,17.114,17.439,16.78,278080.0,600971,-0.00169,-0.01377,0.19137,-0.00719,-0.16878,-0.01258,17.0722,15.92386,14.83087,16.62067,17.23336
2012-02-16,17.086,16.78,17.153,16.608,190087.0,600971,-0.01952,-0.02226,0.06156,-0.00398,-0.15223,-0.03867,16.9958,15.97019,14.82979,16.59617,17.23062
2012-02-17,16.838,16.637,16.99,16.427,135228.0,600971,-0.00852,-0.01858,0.07329,-0.01968,-0.16493,-0.056,16.9328,16.02429,14.8244,16.56946,17.22661
2012-02-20,16.99,16.512999999999998,17.048,16.484,173730.0,600971,-0.00745,-0.02808,0.1019,-0.07831,-0.17307,0.00115,16.8374,16.097,14.80177,16.54136,17.22668
2012-02-21,16.542,17.238,17.277,16.379,284494.0,600971,0.0439,0.00554,0.20159,-0.03168,-0.14908,0.00819,16.8564,16.23471,14.79268,16.5168,17.22725
2012-02-22,17.086,17.219,17.448,16.914,295550.0,600971,-0.0011,0.00614,0.09202,0.01122,-0.14664,-0.00462,16.8774,16.30381,14.79576,16.49275,17.22693
2012-02-23,17.172,17.248,17.42,16.99,268848.0,600971,0.00168,0.02789,0.14513,0.01173,-0.15434,-0.04881,16.971,16.4079,14.79898,16.46715,17.22333
2012-02-24,17.248,17.458,17.735,17.248,360524.0,600971,0.01218,0.04935,0.14524,0.06523,-0.1567,-0.03371,17.1352,16.51333,14.81623,16.44078,17.22085
2012-02-27,17.658,17.21,17.773,17.2,315692.0,600971,-0.01421,0.04221,0.13898,0.07134,-0.15654,-0.07438,17.2746,16.61333,14.83471,16.41481,17.21523
2012-02-28,16.99,16.99,17.143,16.847,171455.0,600971,-0.01278,-0.01439,0.15429,0.06201,-0.14559,-0.07888,17.225,16.72148,14.85071,16.39128,17.20932
2012-02-29,16.962,17.0,17.391,16.799,165362.0,600971,0.00059,-0.01272,0.11592,0.09065,-0.13159,-0.05629,17.1812,16.80557,14.8735,16.37033,17.2052
2012-03-01,16.895,16.933,17.095,16.828,102544.0,600971,-0.00394,-0.01826,0.13576,0.10047,-0.14089,-0.08505,17.1182,16.90195,14.89844,16.34776,17.1988
2012-03-02,16.971,17.391,17.649,16.971,221831.0,600971,0.02705,-0.00384,0.07114,0.13875,-0.14645,-0.03238,17.1048,16.95695,14.93261,16.3235,17.19643
2012-03-05,17.401,17.219,17.563,17.2,167767.0,600971,-0.00989,0.00052,0.06619,0.12396,-0.15161,-0.04216,17.1066,17.00786,14.96324,16.29848,17.19335
2012-03-06,17.143,16.942999999999998,17.21,16.694000000000003,165783.0,600971,-0.01603,-0.00277,0.04355,0.0863,-0.20612,-0.08123,17.0972,17.04152,14.98495,16.26272,17.18726
2012-03-07,16.704,16.637,16.99,16.599,138254.0,600971,-0.01806,-0.02135,0.01575,0.13185,-0.21907,-0.09157,17.0246,17.05381,15.01621,16.22477,17.18044
2012-03-08,16.78,16.904,17.028,16.666,106078.0,600971,0.01605,-0.00171,-0.02587,0.12799,-0.19031,-0.09503,17.0188,17.03243,15.04715,16.19247,17.17323
2012-03-09,16.942999999999998,17.372,17.525,16.942999999999998,242419.0,600971,0.02769,-0.00109,0.01224,0.178,-0.14318,-0.06692,17.015,17.04243,15.08948,16.16887,17.16816
2012-03-12,17.372,17.076,17.448,16.942999999999998,182131.0,600971,-0.01704,-0.0083,0.00731,0.19588,-0.1534,-0.07281,16.9864,17.04833,15.1346,16.14372,17.16271
2012-03-13,17.133,17.42,17.563,16.942999999999998,211848.0,600971,0.02015,0.02815,0.02531,0.20939,-0.11954,-0.03474,17.0818,17.06881,15.18324,16.12449,17.16016
2012-03-14,17.611,16.332,17.687,16.293,326672.0,600971,-0.06246,-0.01833,-0.04731,0.12201,-0.17802,-0.1189,17.0208,17.03019,15.21189,16.09573,17.1512
2012-03-15,16.303,15.931,16.445999999999998,15.702,238752.0,600971,-0.02455,-0.05756,-0.06912,0.10601,-0.174,-0.20859,16.8262,16.97386,15.23652,16.06845,17.13413
2012-03-16,15.959000000000001,16.16,16.227,15.767999999999999,130293.0,600971,0.01437,-0.06977,-0.03695,0.12944,-0.1475,-0.18675,16.5838,16.94433,15.26639,16.04572,17.11905
2012-03-19,16.035999999999998,16.599,16.628,16.017,155758.0,600971,0.02717,-0.02793,-0.00228,0.18539,-0.14859,-0.16137,16.4884,16.94252,15.30826,16.02216,17.10607
2012-03-20,16.618,16.169,16.895,16.131,172460.0,600971,-0.02591,-0.07181,-0.02083,0.20826,-0.15927,-0.15721,16.2382,16.92614,15.35321,15.99726,17.0938
2012-03-21,16.322,16.551,16.980999999999998,16.112000000000002,198774.0,600971,0.02363,0.01341,-0.03985,0.30272,-0.13509,-0.17979,16.282,16.89343,15.41524,15.97624,17.07906
2012-03-22,16.503,16.293,16.647000000000002,16.227,97503.0,600971,-0.01559,0.02272,-0.05378,0.33048,-0.16266,-0.22326,16.3544,16.84933,15.48052,15.95051,17.06002
2012-03-23,16.255,15.978,16.255,15.835,89518.0,600971,-0.01933,-0.01126,-0.07363,0.28368,-0.17939,-0.15357,16.318,16.78886,15.53747,15.92211,17.04824
2012-03-26,15.978,16.093,16.169,15.788,54420.0,600971,0.0072,-0.03048,-0.07819,0.30297,-0.17226,-0.12926,16.2168,16.72386,15.59782,15.89489,17.03852
2012-03-27,16.217,15.835,16.322,15.767999999999999,97643.0,600971,-0.01603,-0.02066,-0.0799,0.28011,-0.14829,-0.12552,16.15,16.65838,15.65371,15.87247,17.02928
2012-03-28,15.654000000000002,14.460999999999999,15.663,14.413,174664.0,600971,-0.08677,-0.12628,-0.14885,0.20148,-0.22081,-0.2007,15.732,16.53795,15.69282,15.83915,17.01452
2012-03-29,14.251,13.945,14.404000000000002,13.659,125119.0,600971,-0.03568,-0.14411,-0.17971,0.10508,-0.28932,-0.22178,15.2624,16.39248,15.71421,15.793,16.99837
2012-03-30,14.030999999999999,13.793,14.117,13.535,85287.0,600971,-0.0109,-0.13675,-0.18544,0.09642,-0.26606,-0.22442,14.8254,16.24295,15.73377,15.75235,16.98215
2012-04-05,13.859000000000002,14.537,14.585,13.793,111458.0,600971,0.05394,-0.09669,-0.16411,0.17149,-0.23698,-0.2003,14.5142,16.10705,15.7681,15.71564,16.96735
2012-04-06,14.556,14.499,14.604000000000001,14.27,110549.0,600971,-0.00261,-0.08437,-0.15797,0.17211,-0.24331,-0.19217,14.247,15.97752,15.80244,15.67774,16.95333
2012-04-09,14.318,14.089,14.460999999999999,14.079,97004.0,600971,-0.02828,-0.02572,-0.16845,0.13456,-0.28333,-0.21771,14.1726,15.84162,15.82939,15.63246,16.93739
2012-04-10,13.925999999999998,14.633,14.671,13.802,113157.0,600971,0.03861,0.04934,-0.12045,0.15877,-0.22445,-0.20117,14.3102,15.74619,15.86173,15.59802,16.92241
2012-04-11,14.318,14.537,14.69,14.222000000000001,99329.0,600971,-0.00656,0.05394,-0.14003,0.21162,-0.20706,-0.19284,14.459,15.63348,15.90268,15.56716,16.90829
2012-04-13,15.129000000000001,15.005,15.205,14.89,183189.0,600971,0.03219,0.03219,-0.13625,0.28854,-0.18632,-0.14681,14.5526,15.52076,15.95687,15.53923,16.89779
2012-04-16,14.919,15.205,15.463,14.804,126774.0,600971,0.01333,0.04869,-0.10957,0.28053,-0.09848,-0.11263,14.6938,15.43167,16.0106,15.52572,16.88995
2012-04-17,15.205,14.699000000000002,15.263,14.68,82422.0,600971,-0.03328,0.0433,-0.1562,0.12567,-0.06614,-0.18307,14.8158,15.3021,16.03706,15.51726,16.87656
2012-04-18,14.824000000000002,15.349,15.395999999999999,14.804,117205.0,600971,0.04422,0.04893,-0.06019,0.0685,-0.05411,-0.16803,14.959,15.25529,16.05294,15.51012,16.86396
2012-04-19,15.32,15.272,15.472999999999999,15.186,97513.0,600971,-0.00502,0.05056,-0.04137,-0.03385,-0.07409,-0.16157,15.106,15.2239,16.04431,15.50019,16.85199
2012-04-20,15.244000000000002,15.578,15.625,15.177,124391.0,600971,0.02004,0.03819,-0.03601,0.00497,-0.06903,-0.153,15.2206,15.19619,16.04555,15.4908,16.84055
2012-04-23,15.625,15.272,15.625,15.177,102832.0,600971,-0.01964,0.00441,-0.07994,0.01908,-0.07515,-0.13625,15.234,15.133,16.05016,15.48071,16.83076
2012-04-24,15.081,15.368,15.549000000000001,14.719000000000001,121556.0,600971,0.00629,0.04551,-0.04954,0.07124,-0.02183,-0.13943,15.3678,15.09486,16.06665,15.47792,16.82064
2012-04-25,15.329,15.663,15.749,15.1,147342.0,600971,0.0192,0.02046,-0.05365,-0.00666,-0.01503,-0.10205,15.4306,15.05257,16.06495,15.47598,16.8134
2012-04-26,15.854000000000001,16.035999999999998,16.418,15.539000000000001,202696.0,600971,0.02381,0.05003,-0.01577,0.06467,0.0566,-0.08517,15.5834,15.04033,16.08066,15.48296,16.80733
2012-04-27,15.912,15.825999999999999,16.131,15.767999999999999,106443.0,600971,-0.0131,0.01592,-0.00951,0.03818,0.05739,-0.10034,15.633,15.0331,16.09005,15.48994,16.80016
2012-05-02,16.208,16.933,17.352999999999998,16.055,322636.0,600971,0.06995,0.10876,0.0522,0.12065,0.0957,-0.01672,15.9652,15.0731,16.11945,15.50197,16.79899
2012-05-03,16.828,17.019000000000002,17.258,16.752,224145.0,600971,0.00508,0.10743,0.07477,0.15626,0.06256,-0.02223,16.2954,15.12948,16.15655,15.51011,16.79741
2012-05-04,16.99,17.162,17.277,16.723,200645.0,600971,0.0084,0.0957,0.18678,0.12656,0.07985,-0.03676,16.5952,15.2581,16.18765,15.52043,16.79475
2012-05-07,16.885,17.076,17.21,16.771,173401.0,600971,-0.00501,0.06485,0.22452,0.14535,0.06805,-0.02656,16.8032,15.40719,16.2226,15.52928,16.79286
2012-05-08,17.038,16.857,17.21,16.713,122376.0,600971,-0.01283,0.06515,0.22214,0.03825,-0.02482,0.00184,17.0094,15.5531,16.23261,15.52579,16.79298
2012-05-09,16.608,16.208,16.608,16.179000000000002,153490.0,600971,-0.0385,-0.04282,0.11495,0.00359,-0.04765,-0.02385,16.8644,15.63267,16.23355,15.5192,16.79137
2012-05-10,16.16,16.322,16.465,16.131,90361.0,600971,0.00703,-0.04095,0.12573,0.0053,-0.03007,-0.01199,16.725,15.71948,16.23494,15.51508,16.79057
2012-05-11,16.255,16.169,16.608,16.083,92737.0,600971,-0.00937,-0.05786,0.14763,-0.01282,-0.03423,-0.00357,16.5264,15.81852,16.23155,15.51042,16.79033
2012-05-14,16.408,15.720999999999998,16.494,15.663,129071.0,600971,-0.02771,-0.07935,0.07435,-0.09405,-0.06098,-0.04957,16.2554,15.87033,16.20523,15.50212,16.787
2012-05-15,15.472999999999999,15.482000000000001,15.616,15.119000000000002,137591.0,600971,-0.0152,-0.08157,0.06501,-0.09789,-0.0826,-0.05592,15.9804,15.91533,16.17813,15.49079,16.78327
2012-05-16,15.415,15.368,15.912,15.282,110381.0,600971,-0.00736,-0.05183,0.02419,-0.09344,-0.07466,-0.01588,15.8124,15.93262,16.15258,15.48071,16.78226
2012-05-17,15.357999999999999,15.663,15.720999999999998,15.349,82029.0,600971,0.0192,-0.04037,0.03012,-0.0781,-0.08734,0.00571,15.6806,15.95443,16.13118,15.46852,16.78263
2012-05-18,15.463,15.224,15.539000000000001,15.158,85449.0,600971,-0.02803,-0.05845,0.03572,-0.11194,-0.11683,-0.0073,15.4916,15.97943,16.10023,15.45215,16.78217
2012-05-21,15.1,15.463,15.702,15.043,93907.0,600971,0.0157,-0.01641,0.00743,-0.09647,-0.08215,-0.00872,15.44,15.98486,16.0736,15.44089,16.78162
2012-05-22,15.644,15.835,15.845,15.539000000000001,109775.0,600971,0.02406,0.0228,0.03686,-0.05632,-0.06694,-0.01142,15.5106,16.01167,16.05835,15.43166,16.78087
2012-05-23,15.616,15.644,15.892999999999999,15.492,82856.0,600971,-0.01206,0.01796,0.00424,-0.05969,-0.12681,-0.01511,15.5658,16.01481,16.04234,15.41319,16.7799
2012-05-24,15.654000000000002,15.482000000000001,15.873,15.463,71134.0,600971,-0.01036,-0.01156,0.01375,-0.06244,-0.13032,0.00136,15.5296,16.02481,16.02571,15.39433,16.77998
2012-05-25,15.53,15.253,15.578,15.148,61740.0,600971,-0.01479,0.0019,-0.00748,-0.11515,-0.10424,-0.03566,15.5354,16.01933,15.99369,15.37989,16.77769
2012-05-28,15.1,15.52,15.53,14.699000000000002,99715.0,600971,0.0175,0.00369,-0.00913,-0.09867,-0.08963,0.00245,15.5468,16.01252,15.96629,15.36747,16.77785
2012-05-29,15.492,15.807,15.988,15.415,140259.0,600971,0.01849,-0.00177,-0.01428,-0.08355,-0.03551,-0.02989,15.5412,16.00162,15.94305,15.36274,16.77587
2012-05-30,15.720999999999998,15.472999999999999,15.815999999999999,15.425,102857.0,600971,-0.02113,-0.01093,-0.02231,-0.1137,-0.03679,-0.05451,15.507,15.98481,15.91103,15.35793,16.77224
2012-05-31,15.31,15.405999999999999,15.558,15.177,64014.0,600971,-0.00433,-0.00491,-0.09018,-0.10482,-0.037,-0.04619,15.4918,15.9121,15.88194,15.35312,16.76921
2012-06-01,15.377,15.263,15.549000000000001,15.177,70682.0,600971,-0.00928,0.00066,-0.10318,-0.10165,-0.02079,-0.05749,15.4938,15.82848,15.85408,15.35049,16.76542
2012-06-04,14.957,14.394,14.957,14.375,129030.0,600971,-0.05694,-0.07255,-0.16129,-0.15329,-0.06453,-0.07678,15.2686,15.69667,15.81205,15.34241,16.76056
2012-06-05,14.460999999999999,14.345999999999998,14.565999999999999,14.289000000000001,66942.0,600971,-0.00333,-0.09243,-0.15987,-0.15278,-0.06063,-0.08332,14.9764,15.56667,15.77032,15.33489,16.75526
2012-06-06,14.413,14.365,14.499,14.222000000000001,61557.0,600971,0.00132,-0.07161,-0.14783,-0.174,-0.06234,-0.08234,14.7548,15.448,15.72152,15.32712,16.75002
2012-06-07,14.527999999999999,14.174000000000001,14.575,14.136,58989.0,600971,-0.0133,-0.07997,-0.12549,-0.17684,-0.09124,-0.08989,14.5084,15.35114,15.6724,15.31555,16.74433
2012-06-08,14.337,14.030999999999999,14.394,13.993,60265.0,600971,-0.01009,-0.08072,-0.14036,-0.17187,-0.04545,-0.10988,14.262,15.24205,15.62544,15.31012,16.73728
2012-06-11,14.107999999999999,14.432,14.48,14.06,56435.0,600971,0.02858,0.00264,-0.10743,-0.13254,-0.03697,-0.07582,14.2696,15.15933,15.58987,15.30562,16.73247
2012-06-12,14.241,14.107999999999999,14.27,14.003,43565.0,600971,-0.02245,-0.01659,-0.1026,-0.1654,-0.04333,-0.12247,14.222,15.08252,15.54477,15.30042,16.72447
2012-06-13,14.213,14.327,14.345999999999998,13.974,54518.0,600971,0.01552,-0.00265,-0.0746,-0.17528,0.00336,-0.10417,14.2144,15.02752,15.49566,15.30081,16.7177
2012-06-14,14.213,14.155,14.375,14.145999999999999,47304.0,600971,-0.01201,-0.00134,-0.07893,-0.17106,-0.01729,-0.13287,14.2106,14.96976,15.44855,15.29879,16.70888
2012-06-15,14.194,14.413,14.442,14.089,51978.0,600971,0.01823,0.02723,-0.07981,-0.17262,-0.00982,-0.11998,14.287,14.91024,15.40005,15.29763,16.70089
2012-06-18,14.509,14.517999999999999,14.738,14.413,66488.0,600971,0.00729,0.00596,-0.04637,-0.11107,0.00791,-0.11129,14.3042,14.87662,15.37079,15.29855,16.6935
2012-06-19,14.423,14.251,14.460999999999999,14.194,45600.0,600971,-0.01839,0.01014,-0.07838,-0.10545,-0.00398,-0.11977,14.3328,14.8189,15.34369,15.29809,16.68562
2012-06-20,14.318,14.308,14.450999999999999,14.203,43316.0,600971,0.004,-0.00133,-0.09643,-0.1146,0.02178,-0.10418,14.329,14.74619,15.31382,15.30057,16.67885
2012-06-21,14.136,13.764000000000001,14.145999999999999,13.754000000000001,67855.0,600971,-0.03802,-0.02762,-0.12017,-0.17079,0.02855,-0.13711,14.2508,14.65667,15.2681,15.30367,16.66996
2012-06-25,13.697000000000001,13.125,13.745,13.077,57531.0,600971,-0.04643,-0.08936,-0.15224,-0.18826,0.03306,-0.1726,13.9932,14.54443,15.219,15.30709,16.65883
2012-06-26,12.895,13.182,13.267999999999999,12.886,45662.0,600971,0.00434,-0.09202,-0.13578,-0.20355,0.07643,-0.18579,13.726,14.44581,15.16466,15.3147,16.64661
2012-06-27,13.22,13.354000000000001,13.697000000000001,13.077,75681.0,600971,0.01305,-0.06294,-0.13956,-0.18038,0.07287,-0.16979,13.5466,14.34267,15.11726,15.32207,16.6355
2012-06-28,13.478,13.0,13.620999999999999,12.981,61791.0,600971,-0.02651,-0.09142,-0.17758,-0.18638,0.05255,-0.1724,13.285,14.209,15.06923,15.32735,16.6245
2012-06-29,12.79,13.296,13.306,12.609000000000002,68441.0,600971,0.02277,-0.034,-0.1407,-0.1738,0.07486,-0.14857,13.1914,14.10533,15.02411,15.33488,16.61507
2012-07-02,13.554,13.363,13.888,13.287,87936.0,600971,0.00504,0.01813,-0.13261,-0.15611,0.11025,-0.14542,13.239,14.00805,14.98424,15.34567,16.60582
2012-07-03,13.382,13.22,13.610999999999999,13.105,57965.0,600971,-0.0107,0.00288,-0.13385,-0.08582,0.04763,-0.17852,13.2466,13.91076,14.96423,15.35055,16.59414
2012-07-04,13.373,13.497,13.63,13.363,79175.0,600971,0.02095,0.01071,-0.06232,-0.03213,0.07289,-0.15496,13.2752,13.86805,14.957,15.35801,16.58408
2012-07-05,13.315,13.095999999999998,13.315,12.915,54422.0,600971,-0.02971,0.00738,-0.08713,-0.05053,0.05536,-0.19484,13.2944,13.80852,14.94576,15.36359,16.5712
2012-07-06,13.125,13.459000000000001,13.554,12.943,55502.0,600971,0.02772,0.01226,-0.06307,-0.07416,0.08804,-0.18406,13.327,13.76538,14.92837,15.37245,16.55886
2012-07-09,13.267999999999999,12.724,13.296,12.705,76223.0,600971,-0.05461,-0.04782,-0.1023,-0.12242,0.02464,-0.2358,13.1992,13.69633,14.89974,15.37493,16.5429
2012-07-10,12.724,12.638,12.819,12.533,39326.0,600971,-0.00676,-0.04402,-0.09928,-0.10299,0.00079,-0.23826,13.0828,13.63,14.87634,15.37502,16.52683
2012-07-11,12.514000000000001,12.743,12.905,12.514000000000001,35686.0,600971,0.00831,-0.05586,-0.11703,-0.12916,0.06209,-0.2335,12.932,13.54957,14.84585,15.38107,16.51105
2012-07-12,12.752,13.544,13.783,12.609000000000002,144654.0,600971,0.06286,0.03421,-0.03998,-0.06831,0.16307,-0.19825,13.0216,13.52271,14.82984,15.39651,16.49743
2012-07-13,13.277000000000001,13.306,13.687999999999999,13.22,88744.0,600971,-0.01757,-0.01137,-0.07126,-0.11323,0.1206,-0.27763,12.991,13.4741,14.80244,15.40815,16.47665
2012-07-16,13.382,12.991,13.411,12.981,54301.0,600971,-0.02367,0.02098,-0.08223,-0.14561,-0.00513,-0.30111,13.0444,13.41867,14.76673,15.40761,16.45389
2012-07-17,12.867,13.22,13.315,12.867,46120.0,600971,0.01763,0.04605,-0.08277,-0.10062,-0.07971,-0.29905,13.1608,13.36186,14.74287,15.3983,16.43097
2012-07-18,13.152999999999999,13.544,13.554,13.077,78068.0,600971,0.02451,0.06286,-0.06709,-0.1176,-0.14316,-0.26939,13.321,13.31548,14.71376,15.3799,16.41067
2012-07-19,13.525,13.497,13.793,13.43,93899.0,600971,-0.00347,-0.00347,-0.05291,-0.11623,-0.12928,-0.26443,13.3116,13.27957,14.68513,15.36361,16.39094
2012-07-20,13.525,13.382,13.659,13.344000000000001,57996.0,600971,-0.00852,0.00571,-0.06472,-0.14097,-0.10703,-0.27386,13.3268,13.23548,14.64971,15.35057,16.37043
2012-07-23,13.22,13.267999999999999,13.487,12.981,50602.0,600971,-0.00852,0.02132,-0.03604,-0.13122,-0.07514,-0.29463,13.3822,13.21186,14.61739,15.3418,16.3479
2012-07-24,13.085999999999999,13.363,13.505999999999998,13.0,43609.0,600971,0.00716,0.01082,0.01813,-0.13047,-0.15252,-0.3541,13.4108,13.22319,14.58505,15.32225,16.31812
2012-07-25,13.334000000000001,13.067,13.392000000000001,13.029000000000002,38617.0,600971,-0.02215,-0.03522,-0.00872,-0.16574,-0.13245,-0.39811,13.3154,13.21771,14.54318,15.30603,16.28298
2012-07-26,13.058,13.115,13.354000000000001,13.01,33166.0,600971,0.00367,-0.0283,-0.0179,-0.18215,-0.13966,-0.41659,13.239,13.20633,14.49606,15.28872,16.24491
2012-07-27,13.152999999999999,13.267999999999999,13.42,13.095999999999998,44485.0,600971,0.01167,-0.00852,0.02062,-0.16163,-0.12191,-0.40199,13.2162,13.2191,14.45481,15.27375,16.20866
2012-07-30,13.363,13.239,13.554,13.095999999999998,47564.0,600971,-0.00219,-0.00219,-0.00429,-0.21815,-0.10055,-0.40354,13.2104,13.21638,14.39523,15.26172,16.17225
2012-07-31,13.125,12.675999999999998,13.267999999999999,12.561,56034.0,600971,-0.04253,-0.05141,-0.05141,-0.25519,-0.16791,-0.42934,13.073,13.18367,14.32518,15.24092,16.13348
2012-08-01,12.695,12.867,13.077,12.695,50939.0,600971,0.01507,-0.01531,-0.0267,-0.25026,-0.13696,-0.40779,13.033,13.16686,14.2559,15.22432,16.09746
2012-08-02,12.79,12.533,12.876,12.475,60577.0,600971,-0.02596,-0.04438,-0.07142,-0.26605,-0.22807,-0.4041,12.9166,13.12095,14.18263,15.19421,16.06291
2012-08-03,12.609000000000002,12.79,12.81,12.514000000000001,41716.0,600971,0.02051,-0.03603,-0.02337,-0.24126,-0.20805,-0.38859,12.821,13.10638,14.11703,15.16689,16.02987
2012-08-06,12.695,13.163,13.21,12.695,75201.0,600971,0.02916,-0.00574,-0.02199,-0.18787,-0.18927,-0.37984,12.8058,13.09229,14.06792,15.14191,15.9971
2012-08-07,13.163,13.125,13.22,12.981,70133.0,600971,-0.00289,0.03542,0.03152,-0.19587,-0.19867,-0.37929,12.8956,13.11138,14.01635,15.11546,15.9645
2012-08-08,13.190999999999999,13.43,13.774000000000001,13.125,128961.0,600971,0.02324,0.04376,0.06267,-0.1694,-0.22607,-0.35193,13.0082,13.1491,13.97218,15.08356,15.93485
2012-08-09,13.296,13.392000000000001,13.497,13.144,81252.0,600971,-0.00283,0.06854,0.05093,-0.14815,-0.21967,-0.36866,13.18,13.18,13.93461,15.05291,15.90306
2012-08-10,13.392000000000001,13.267999999999999,13.487,13.21,48418.0,600971,-0.00926,0.03737,-0.02038,-0.143,-0.21732,-0.37697,13.2756,13.16686,13.8989,15.02296,15.87043
2012-08-13,13.200999999999999,12.905,13.21,12.886,49990.0,600971,-0.02736,-0.0196,-0.03014,-0.16027,-0.24044,-0.39067,13.224,13.14776,13.85918,14.98975,15.83679
2012-08-14,12.829,13.02,13.029000000000002,12.628,59257.0,600971,0.00891,-0.008,0.00223,-0.16874,-0.24051,-0.39267,13.203,13.14914,13.81655,14.95623,15.80257
2012-08-15,12.915,12.752,12.981,12.695,31516.0,600971,-0.02058,-0.05048,-0.0354,-0.16238,-0.25488,-0.38064,13.0674,13.12686,13.77668,14.92076,15.77072
2012-08-16,12.675999999999998,12.8,12.886,12.675999999999998,24294.0,600971,0.00376,-0.04421,-0.05493,-0.17222,-0.23719,-0.35331,12.949,13.09143,13.73373,14.88841,15.74229
2012-08-17,12.876,12.915,12.962,12.714,32058.0,600971,0.00898,-0.02661,-0.04312,-0.1844,-0.22372,-0.35175,12.8784,13.06371,13.68663,14.85815,15.7138
2012-08-20,12.838,12.79,12.886,12.628,29304.0,600971,-0.00968,-0.00891,-0.04424,-0.18243,-0.22546,-0.35951,12.8554,13.03552,13.6406,14.82788,15.68462
2012-08-21,12.752,12.905,12.972000000000001,12.705,41086.0,600971,0.00899,-0.00883,-0.02736,-0.16645,-0.25136,-0.36297,12.8324,13.01824,13.59903,14.79265,15.65473
2012-08-22,12.867,12.705,12.943,12.638,45420.0,600971,-0.0155,-0.00369,-0.04924,-0.16705,-0.26215,-0.37035,12.823,12.9869,13.55794,14.75595,15.62435
2012-08-23,12.752,12.847999999999999,12.953,12.675999999999998,41774.0,600971,0.01126,0.00375,-0.01676,-0.17216,-0.2551,-0.37007,12.8326,12.97648,13.51484,14.72018,15.59367
2012-08-24,12.732999999999999,12.475,12.743,12.456,59309.0,600971,-0.02903,-0.03407,-0.0488,-0.21079,-0.28543,-0.3974,12.7446,12.946,13.4611,14.67967,15.56022
2012-08-27,12.447000000000001,12.046,12.447000000000001,12.027000000000001,44377.0,600971,-0.03439,-0.05817,-0.0921,-0.22148,-0.30006,-0.40963,12.5958,12.88781,13.40582,14.63768,15.52625
2012-08-28,12.036,12.199000000000002,12.38,12.027000000000001,30811.0,600971,0.0127,-0.05471,-0.07856,-0.20817,-0.28199,-0.38652,12.4546,12.83829,13.3541,14.59873,15.495
2012-08-29,12.103,11.97,12.265,11.96,27225.0,600971,-0.01877,-0.05785,-0.0557,-0.21575,-0.29588,-0.38854,12.3076,12.80467,13.30098,14.55784,15.46409
2012-08-30,11.95,12.017000000000001,12.113,11.75,28763.0,600971,0.00393,-0.06468,-0.06606,-0.16514,-0.29032,-0.39031,12.1414,12.76419,13.26265,14.51787,15.43281
2012-08-31,12.036,12.140999999999998,12.275,11.940999999999999,38533.0,600971,0.01032,-0.02677,-0.03128,-0.1537,-0.30188,-0.40412,12.0746,12.74552,13.22708,14.47519,15.39934
2012-09-03,12.046,12.275,12.38,12.036,35467.0,600971,0.01104,0.01901,-0.04027,-0.14549,-0.28712,-0.3952,12.1204,12.721,13.19337,14.43499,15.36674
2012-09-04,12.237,12.245999999999999,12.58,12.151,41756.0,600971,-0.00236,0.00385,-0.06966,-0.13602,-0.27722,-0.4262,12.1298,12.67733,13.16227,14.3968,15.32976
2012-09-05,12.094000000000001,12.255999999999998,12.350999999999999,11.979000000000001,36800.0,600971,0.00082,0.02389,-0.06621,-0.12651,-0.26333,-0.42471,12.187,12.63595,13.13365,14.36119,15.29298
2012-09-06,12.265,12.360999999999999,12.38,12.237,28623.0,600971,0.00857,0.02863,-0.0796,-0.1435,-0.26875,-0.40791,12.2558,12.58505,13.10024,14.32425,15.25836
2012-09-07,12.475,13.277000000000001,13.554,12.418,185604.0,600971,0.0741,0.09357,-0.00859,-0.0589,-0.23572,-0.34515,12.483,12.57957,13.08684,14.29096,15.22991
2012-09-10,13.190999999999999,13.325,13.505999999999998,13.085999999999999,102807.0,600971,0.00362,0.08554,0.0043,-0.06994,-0.21967,-0.33937,12.693,12.58229,13.07068,14.26046,15.20209
2012-09-11,13.22,13.190999999999999,13.22,13.085999999999999,48804.0,600971,-0.01006,0.07717,0.02216,-0.0681,-0.24277,-0.33328,12.882,12.5959,13.05513,14.22608,15.17528
2012-09-12,13.354000000000001,13.334000000000001,13.505999999999998,13.152999999999999,82273.0,600971,0.01084,0.08796,0.02412,-0.07486,-0.18357,-0.3289,13.0976,12.61086,13.03773,14.20171,15.14872
2012-09-13,13.363,13.02,13.363,13.0,52581.0,600971,-0.02355,0.05331,0.02102,-0.10318,-0.18273,-0.32493,13.2294,12.62362,13.01356,14.17804,15.12324
2012-09-14,13.344000000000001,13.21,13.544,13.125,83776.0,600971,0.01459,-0.00505,0.03203,-0.07305,-0.18255,-0.30312,13.216,12.64314,12.99677,14.15406,15.09989
2012-09-17,13.239,12.81,13.315,12.79,55533.0,600971,-0.03028,-0.03865,-0.00813,-0.1047,-0.22827,-0.34294,13.113,12.63814,12.97261,14.12325,15.07271
2012-09-18,12.675999999999998,12.58,12.867,12.504000000000001,33517.0,600971,-0.01795,-0.04632,-0.01642,-0.08602,-0.22197,-0.34588,12.9908,12.62814,12.95352,14.09407,15.04567
2012-09-19,12.6,12.780999999999999,12.838,12.485,32298.0,600971,0.01598,-0.04147,-0.00961,-0.02621,-0.22778,-0.3321,12.8802,12.62224,12.94797,14.06342,15.01983
2012-09-20,12.819,12.132,12.819,12.103,50990.0,600971,-0.05078,-0.0682,-0.0451,-0.07965,-0.25539,-0.3765,12.7026,12.59495,12.93103,14.02959,14.99005
2012-09-21,12.122,12.285,12.647,12.046,49724.0,600971,0.01261,-0.07002,-0.04382,-0.08005,-0.23113,-0.36906,12.5176,12.56814,12.91379,13.99957,14.96084
2012-09-24,12.084000000000001,12.475,12.665999999999999,12.046,45293.0,600971,0.01547,-0.02615,0.0,-0.04038,-0.22482,-0.35835,12.4506,12.56814,12.90532,13.97015,14.93252
2012-09-25,12.39,12.312999999999999,12.561,12.237,34899.0,600971,-0.01299,-0.02122,0.02217,-0.07393,-0.22242,-0.33773,12.3972,12.58086,12.88947,13.94152,14.907
2012-09-26,12.332,12.208,12.495,12.18,29216.0,600971,-0.00853,-0.04483,0.00074,-0.08643,-0.1558,-0.34221,12.2826,12.58129,12.87084,13.9232,14.88118
2012-09-27,12.208,12.857000000000001,13.125,12.208,82244.0,600971,0.05316,0.05976,0.0741,-0.02746,-0.07802,-0.34477,12.4276,12.62352,12.86498,13.91436,14.85368
2012-09-28,12.609000000000002,13.249,13.315,12.609000000000002,108599.0,600971,0.03049,0.07847,0.10252,-0.01837,-0.03944,-0.295,12.6204,12.68219,12.86098,13.90993,14.83114
2012-10-08,13.267999999999999,12.867,13.267999999999999,12.743,61550.0,600971,-0.02883,0.03142,0.0598,-0.01749,-0.11488,-0.32464,12.6988,12.71676,12.85729,13.89636,14.806
2012-10-09,12.991,13.277000000000001,13.382,12.962,87188.0,600971,0.03186,0.07829,0.08163,-0.01352,-0.08428,-0.30708,12.8916,12.76448,12.85435,13.88642,14.78208
2012-10-10,13.277000000000001,13.296,13.42,13.095999999999998,62905.0,600971,0.00143,0.08912,0.08574,0.04495,-0.05629,-0.32367,13.1092,12.81448,12.86358,13.87998,14.75622
2012-10-11,13.258,13.0,13.258,12.991,51489.0,600971,-0.02226,0.01112,0.0607,0.02864,-0.1116,-0.311,13.1378,12.8499,12.86942,13.8667,14.73236
2012-10-12,13.105,13.067,13.21,12.819,43024.0,600971,0.00515,-0.01374,0.05712,0.02543,-0.10112,-0.28724,13.1014,12.88352,12.87465,13.85475,14.71096
2012-10-15,13.048,13.115,13.23,12.895,45374.0,600971,0.00367,0.01927,-0.0122,-0.03167,-0.12596,-0.28881,13.151,12.87581,12.86773,13.83938,14.6893
2012-10-16,13.115,13.02,13.277000000000001,12.981,51887.0,600971,-0.00724,-0.01936,-0.02289,-0.02149,-0.1437,-0.22803,13.0996,12.86129,12.86311,13.82162,14.67367
2012-10-17,13.058,12.895,13.163,12.705,46729.0,600971,-0.0096,-0.03016,-0.02244,-0.00739,-0.12273,-0.18075,13.0194,12.84719,12.86156,13.80695,14.66211
2012-10-18,12.943,13.22,13.296,12.934000000000001,64634.0,600971,0.0252,0.01692,-0.00855,0.0,-0.13871,-0.18531,13.0634,12.84176,12.86156,13.78964,14.64988
2012-10-19,13.22,13.163,13.296,13.125,36730.0,600971,-0.00431,0.00735,0.01098,-0.02813,-0.1381,-0.20195,13.0826,12.84857,12.85542,13.7725,14.63634
2012-10-22,12.991,13.249,13.267999999999999,12.991,42003.0,600971,0.00653,0.01022,0.00295,-0.01837,-0.14951,-0.20821,13.1094,12.85043,12.85142,13.75356,14.62218
2012-10-23,13.267999999999999,13.067,13.277000000000001,12.991,35839.0,600971,-0.01374,0.00361,0.02006,-0.02354,-0.14438,-0.20868,13.1188,12.86267,12.84634,13.73563,14.60817
2012-10-24,12.934000000000001,12.780999999999999,13.048,12.695,63560.0,600971,-0.02189,-0.00884,0.01598,-0.0367,-0.16834,-0.18649,13.096,12.87224,12.83848,13.7146,14.59626
2012-10-25,12.780999999999999,12.523,12.886,12.504000000000001,40427.0,600971,-0.02019,-0.05272,-0.02019,-0.06286,-0.20047,-0.21249,12.9566,12.85995,12.82494,13.68907,14.58252
2012-10-26,12.552,12.294,12.58,12.245999999999999,41092.0,600971,-0.01829,-0.06602,0.01335,-0.05916,-0.23335,-0.18996,12.7828,12.86767,12.81247,13.65865,14.5708
2012-10-29,12.294,12.304,12.523,12.245999999999999,25381.0,600971,0.00081,-0.07133,0.00155,-0.06184,-0.22255,-0.17792,12.5938,12.86857,12.79939,13.63002,14.55998
2012-10-30,12.360999999999999,12.485,12.542,12.332,30623.0,600971,0.01471,-0.04454,0.0008,-0.05901,-0.26268,-0.19212,12.4774,12.86905,12.78676,13.59385,14.54791
2012-10-31,12.495,12.762,12.770999999999999,12.409,49517.0,600971,0.02219,-0.00149,0.03647,-0.03603,-0.25013,-0.20322,12.4736,12.89043,12.77906,13.55924,14.53468
2012-11-01,12.762,12.924000000000001,12.962,12.6,57717.0,600971,0.01269,0.03202,0.05865,0.01956,-0.24694,-0.18681,12.5538,12.92452,12.78306,13.52479,14.52261
2012-11-02,12.924000000000001,12.915,12.991,12.8,36648.0,600971,-0.0007,0.05051,0.00451,0.00373,-0.24368,-0.19221,12.678,12.92729,12.78384,13.49096,14.51012
2012-11-05,12.867,13.134,13.325,12.819,87613.0,600971,0.01696,0.06746,-0.00868,0.04795,-0.22086,-0.24019,12.844,12.92181,12.79353,13.46069,14.49324
2012-11-06,13.039000000000001,12.905,13.115,12.714,49710.0,600971,-0.01744,0.03364,0.00295,0.00899,-0.20379,-0.24173,12.928,12.92362,12.79539,13.43384,14.47652
2012-11-07,12.886,12.905,13.105,12.829,31420.0,600971,0.0,0.01121,-0.02802,-0.0196,-0.20935,-0.23312,12.9566,12.9059,12.79123,13.40606,14.46057
2012-11-08,12.743,12.360999999999999,12.743,12.332,60569.0,600971,-0.04215,-0.04356,-0.07032,-0.05821,-0.23551,-0.26168,12.844,12.86138,12.7789,13.3751,14.44276
2012-11-09,12.360999999999999,12.39,12.447000000000001,12.285,28843.0,600971,0.00235,-0.04065,-0.04692,-0.07744,-0.21188,-0.25995,12.739,12.83233,12.76213,13.34802,14.42507
2012-11-12,12.495,12.456,12.542,12.294,38019.0,600971,0.00533,-0.05162,-0.04676,-0.06989,-0.19545,-0.26191,12.6034,12.80324,12.74703,13.32341,14.4071
2012-11-13,12.409,12.265,12.533,12.218,26925.0,600971,-0.01533,-0.04959,-0.06481,-0.0756,-0.20191,-0.2615,12.4754,12.76276,12.73085,13.29819,14.38945
2012-11-14,12.323,12.38,12.399000000000001,12.218,21376.0,600971,0.00938,-0.04068,-0.04916,-0.04068,-0.2096,-0.27864,12.3704,12.73229,12.72239,13.2715,14.37001
2012-11-15,12.294,11.989,12.304,11.912,32536.0,600971,-0.03158,-0.03009,-0.07026,-0.07919,-0.21249,-0.3045,12.296,12.68914,12.70576,13.2452,14.34867
2012-11-16,11.97,11.616,11.97,11.445,53999.0,600971,-0.03111,-0.06247,-0.12133,-0.08908,-0.24879,-0.3105,12.1412,12.61276,12.68744,13.21392,14.32741
2012-11-19,11.645,11.607000000000001,11.683,11.435,44023.0,600971,-0.00077,-0.06816,-0.11821,-0.0932,-0.267,-0.31607,11.9714,12.53867,12.66819,13.17954,14.3056
2012-11-20,11.74,11.492,11.76,11.472999999999999,30614.0,600971,-0.00991,-0.06302,-0.13261,-0.11018,-0.26541,-0.35856,11.8168,12.455,12.64524,13.14579,14.27949
2012-11-21,11.502,11.712,11.731,11.368,39395.0,600971,0.01914,-0.05396,-0.1037,-0.08428,-0.24351,-0.3421,11.6832,12.39048,12.62785,13.11514,14.25473
2012-11-22,11.635,11.53,11.635,11.387,37266.0,600971,-0.01554,-0.03829,-0.09788,-0.10655,-0.24408,-0.32288,11.5914,12.3309,12.60568,13.08487,14.23238
2012-11-23,11.569,11.54,11.674000000000001,11.445,31440.0,600971,0.00087,-0.00654,-0.0785,-0.0917,-0.25644,-0.32309,11.5762,12.2841,12.58689,13.05251,14.20999
2012-11-26,11.472999999999999,11.359000000000002,11.559000000000001,11.349,29975.0,600971,-0.01568,-0.02137,-0.07605,-0.11589,-0.28139,-0.30691,11.5266,12.23957,12.56287,13.01635,14.18954
2012-11-27,11.311,10.939,11.311,10.929,36670.0,600971,-0.03698,-0.04812,-0.11094,-0.12313,-0.29303,-0.31904,11.416,12.17457,12.5381,12.97949,14.16871
2012-11-28,10.834000000000001,10.958,11.034,10.796,24662.0,600971,0.00174,-0.06438,-0.12231,-0.09032,-0.28872,-0.31504,11.2652,12.10186,12.52055,12.94333,14.14822
2012-11-29,10.958,10.767000000000001,11.044,10.719000000000001,19389.0,600971,-0.01743,-0.06618,-0.15632,-0.11739,-0.29457,-0.30923,11.1126,12.00686,12.49745,12.90677,14.12863
2012-11-30,10.7,10.872,10.948,10.7,18281.0,600971,0.00975,-0.05789,-0.15877,-0.09173,-0.24469,-0.29343,10.979,11.90914,12.47974,12.87814,14.11028
2012-12-03,10.853,10.051,10.929,10.013,37875.0,600971,-0.07552,-0.11515,-0.22176,-0.1636,-0.29939,-0.34187,10.7174,11.77276,12.44803,12.84322,14.08905
2012-12-04,10.051,10.193999999999999,10.29,9.956,40777.0,600971,0.01423,-0.0681,-0.22385,-0.16037,-0.29036,-0.3346,10.5684,11.63276,12.41663,12.80931,14.06822
2012-12-05,10.204,10.7,10.853,10.099,65253.0,600971,0.04964,-0.02354,-0.17086,-0.12831,-0.2451,-0.31397,10.5168,11.52776,12.39123,12.78107,14.04831
2012-12-06,10.71,10.547,10.805,10.538,33369.0,600971,-0.0143,-0.02043,-0.18272,-0.13874,-0.24831,-0.28247,10.4728,11.41548,12.36382,12.75274,14.03143
2012-12-07,10.585999999999999,10.977,11.311,10.538,82025.0,600971,0.04077,0.00966,-0.11197,-0.10436,-0.2394,-0.26752,10.4938,11.34957,12.34319,12.72465,14.01513
2012-12-10,10.977,11.091,11.13,10.805,71728.0,600971,0.01039,0.10347,-0.10484,-0.10274,-0.21385,-0.24791,10.7018,11.28771,12.32271,12.70012,14.00027
2012-12-11,11.025,11.187000000000001,11.645,10.824000000000002,106289.0,600971,0.00866,0.09741,-0.10188,-0.15742,-0.21917,-0.21654,10.9004,11.22729,12.289,12.67459,13.9877
2012-12-12,11.072000000000001,11.082,11.235,10.977,53663.0,600971,-0.00939,0.0357,-0.09645,-0.16833,-0.2171,-0.23063,10.9768,11.17095,12.25282,12.64961,13.9742
2012-12-13,11.082,10.786,11.12,10.776,58525.0,600971,-0.02671,0.02266,-0.12876,-0.18232,-0.25165,-0.259,11.0246,11.09505,12.21403,12.62012,13.95887
2012-12-14,10.776,11.349,11.405999999999999,10.776,108545.0,600971,0.0522,0.03389,-0.05338,-0.14887,-0.21828,-0.21209,11.099,11.06457,12.18202,12.59436,13.94646
2012-12-17,11.425,11.693,12.199000000000002,11.425,146741.0,600971,0.03031,0.05428,0.00663,-0.10192,-0.1795,-0.18276,11.2194,11.06824,12.16061,12.57356,13.93583
2012-12-18,11.607000000000001,11.597000000000001,11.874,11.502,91025.0,600971,-0.00821,0.03665,-0.00086,-0.1221,-0.18947,-0.17182,11.3014,11.06776,12.1346,12.55152,13.92604
2012-12-19,11.607000000000001,11.664000000000001,11.835999999999999,11.569,62103.0,600971,0.00578,0.05252,0.01497,-0.08946,-0.15257,-0.12838,11.4178,11.07595,12.11611,12.53445,13.91906
2012-12-20,11.588,11.807,11.884,11.368,102928.0,600971,0.01226,0.09466,0.00811,-0.06145,-0.10042,-0.07068,11.622,11.08048,12.10365,12.52373,13.91541
2012-12-21,11.902999999999999,11.825999999999999,12.409,11.807,166829.0,600971,0.00161,0.04203,0.02567,-0.07472,-0.10287,-0.0343,11.7174,11.09457,12.08824,12.51271,13.9137
2012-12-24,11.788,11.817,11.989,11.693,73249.0,600971,-0.00076,0.0106,0.024,-0.02596,-0.1151,-0.05061,11.7422,11.10776,12.08316,12.50021,13.91114
2012-12-25,11.798,12.140999999999998,12.237,11.645,119642.0,600971,0.02742,0.04691,0.06884,-0.01172,-0.06608,-0.017,11.851,11.145,12.08084,12.49323,13.91029
2012-12-26,12.16,12.132,12.332,12.027000000000001,87343.0,600971,-0.00074,0.04012,0.10906,-0.02749,-0.08755,-0.01924,11.9446,11.20181,12.07531,12.48376,13.90932
2012-12-27,12.199000000000002,12.113,12.504000000000001,12.094000000000001,110507.0,600971,-0.00157,0.02592,0.1054,-0.01624,-0.09354,0.0064,12.0058,11.25681,12.07208,12.4736,13.90963
2012-12-28,12.17,12.208,12.227,11.902999999999999,80220.0,600971,0.00784,0.0323,0.13383,0.0,-0.07655,-0.03257,12.0822,11.32543,12.07208,12.46537,13.90796
2012-12-31,12.208,12.294,12.360999999999999,12.075,82392.0,600971,0.00704,0.04037,0.13079,-0.04379,-0.08913,-0.02273,12.1776,11.39314,12.063,12.45559,13.9068
2013-01-04,12.485,12.113,12.58,11.998,103568.0,600971,-0.01472,-0.00231,0.20515,-0.08574,-0.07506,-0.02385,12.172,11.49133,12.04468,12.4476,13.9056
2013-01-07,12.055,12.265,12.304,12.027000000000001,88498.0,600971,0.01255,0.01096,0.20316,-0.04679,-0.08871,-0.00849,12.1986,11.58995,12.03497,12.43789,13.90517
2013-01-08,12.208,12.16,12.245999999999999,11.931,86920.0,600971,-0.00856,0.00388,0.13645,-0.08413,-0.04433,-0.02078,12.208,11.65948,12.01695,12.43331,13.90412
2013-01-09,12.122,12.542,12.58,11.979000000000001,144175.0,600971,0.03141,0.02736,0.18915,-0.05671,-0.0076,-0.00681,12.2748,11.75448,12.00479,12.43253,13.90377
2013-01-10,12.456,12.427999999999999,12.638,12.275,136698.0,600971,-0.00909,0.0109,0.13219,-0.044,-0.02472,0.03584,12.3016,11.82357,11.99556,12.42997,13.90552
2013-01-11,12.409,12.046,12.418,11.96,86352.0,600971,-0.03074,-0.00553,0.08611,-0.07814,-0.1106,0.03444,12.2882,11.86905,11.9791,12.41779,13.90715
2013-01-14,11.979000000000001,12.399000000000001,12.399000000000001,11.884,112144.0,600971,0.0293,0.01093,0.10834,-0.05459,-0.06816,0.04421,12.315,11.92676,11.96755,12.41041,13.90928
2013-01-15,12.437000000000001,12.495,12.628,12.323,131529.0,600971,0.00774,0.02755,0.1275,-0.04032,-0.03818,-0.04312,12.382,11.99405,11.95908,12.40638,13.907
2013-01-16,12.523,12.6,13.058,12.323,162634.0,600971,0.0084,0.00462,0.16818,-0.02288,-0.0469,-0.12287,12.3936,12.08043,11.95432,12.40134,13.89982
2013-01-17,12.58,12.312999999999999,12.58,12.265,108294.0,600971,-0.02278,-0.00925,0.08494,-0.06861,-0.09089,-0.22104,12.3706,12.12633,11.93969,12.39133,13.88562
2013-01-18,12.409,12.504000000000001,12.647,12.342,92110.0,600971,0.01551,0.03802,0.06936,-0.05006,-0.07357,-0.19334,12.4622,12.16495,11.92906,12.38326,13.87343
2013-01-21,12.561,12.770999999999999,12.943,12.437000000000001,145372.0,600971,0.02135,0.03,0.10123,-0.03608,-0.04566,-0.1478,12.5366,12.22086,11.92135,12.37829,13.86443
2013-01-22,12.770999999999999,12.504000000000001,12.770999999999999,12.437000000000001,117804.0,600971,-0.02091,0.00072,0.07202,-0.04309,-0.05758,-0.1284,12.5384,12.26086,11.91227,12.37208,13.85694
2013-01-23,12.475,12.323,12.475,12.055,100886.0,600971,-0.01448,-0.02198,0.0437,-0.03583,-0.07783,-0.21848,12.483,12.28543,11.90489,12.36363,13.84294
2013-01-24,12.312999999999999,12.065,12.495,11.931,86663.0,600971,-0.02094,-0.02014,0.02021,-0.03657,-0.07668,-0.19898,12.4334,12.29681,11.8975,12.35548,13.83076
2013-01-25,12.113,12.065,12.140999999999998,12.008,39424.0,600971,0.0,-0.03511,0.02099,-0.01863,-0.08006,-0.20854,12.3456,12.30862,11.89381,12.34694,13.81783
2013-01-28,12.103,12.360999999999999,12.38,12.084000000000001,58469.0,600971,0.02453,-0.0321,0.01812,0.00463,-0.06836,-0.18193,12.2636,12.3191,11.89473,12.33957,13.80666
2013-01-29,12.37,12.485,12.609000000000002,12.350999999999999,84749.0,600971,0.01003,-0.00152,0.0291,0.0,-0.05695,-0.15178,12.2598,12.3359,11.89473,12.33344,13.79758
2013-01-30,12.552,12.571,12.876,12.456,82586.0,600971,0.00689,0.02012,0.03781,-0.01497,-0.00828,-0.17481,12.3094,12.35771,11.89165,12.33259,13.78675
2013-01-31,12.58,12.8,13.058,12.533,169540.0,600971,0.01822,0.06092,0.04849,-0.00959,-0.00521,-0.14146,12.4564,12.3859,11.88965,12.33204,13.77818
2013-02-01,12.695,12.81,12.867,12.552,136799.0,600971,0.00078,0.06175,0.04197,-0.00813,0.0221,-0.21101,12.6054,12.41048,11.88795,12.33429,13.76425
2013-02-04,12.886,13.306,13.564,12.81,273703.0,600971,0.03872,0.07645,0.09849,0.0131,0.04034,-0.1761,12.7944,12.46729,11.89073,12.33849,13.75269
2013-02-05,13.23,13.42,13.716,13.048,207087.0,600971,0.00857,0.07489,0.09417,0.03991,0.01952,-0.17344,12.9814,12.52229,11.89903,12.34058,13.74124
2013-02-06,13.42,13.315,13.487,13.182,81999.0,600971,-0.00782,0.05918,0.09498,0.03177,0.01448,-0.18707,13.1302,12.57729,11.90565,12.34212,13.72879
2013-02-07,13.277000000000001,13.144,13.392000000000001,13.048,74319.0,600971,-0.01284,0.02687,0.048,0.06334,-0.0213,-0.24255,13.199,12.60595,11.91827,12.3398,13.71168
2013-02-08,13.105,13.22,13.449000000000002,13.105,76002.0,600971,0.00578,0.03201,0.06373,0.06699,-0.01284,-0.22969,13.281,12.64367,11.93166,12.3384,13.69565
2013-02-18,13.22,12.819,13.296,12.79,92261.0,600971,-0.03033,-0.0366,0.06417,0.02914,-0.03384,-0.24381,13.1836,12.68048,11.93752,12.33475,13.67885
2013-02-19,12.79,12.485,12.905,12.418,80435.0,600971,-0.02606,-0.06967,0.00694,0.01794,-0.03255,-0.26516,12.9966,12.68457,11.94106,12.33133,13.66054
2013-02-20,12.504000000000001,12.665999999999999,12.685,12.475,55694.0,600971,0.0145,-0.04874,0.01369,0.0231,-0.02719,-0.26116,12.8668,12.69271,11.94568,12.32846,13.64234
2013-02-21,12.504000000000001,12.151,12.504000000000001,12.084000000000001,94661.0,600971,-0.04066,-0.07555,-0.03563,0.01351,-0.04713,-0.29,12.6682,12.67133,11.94829,12.32357,13.62217
2013-02-22,12.132,12.132,12.218,12.046,48254.0,600971,-0.00156,-0.0823,-0.0147,0.04442,-0.05219,-0.277,12.4506,12.66271,11.95661,12.31814,13.60327
2013-02-25,12.17,12.132,12.265,12.084000000000001,38533.0,600971,0.0,-0.05359,-0.02975,0.04523,-0.06063,-0.27078,12.3132,12.645,11.96508,12.31177,13.58496
2013-02-26,12.055,11.807,12.055,11.807,63645.0,600971,-0.02679,-0.05431,-0.07548,0.02741,-0.07686,-0.28499,12.1776,12.5991,11.97016,12.30378,13.56583
2013-02-27,11.817,11.874,12.008,11.76,42415.0,600971,0.00567,-0.06253,-0.05038,0.01383,-0.07989,-0.31117,12.0192,12.5691,11.97277,12.2954,13.54402
2013-02-28,11.96,12.218,12.218,11.835999999999999,67794.0,600971,0.02897,0.00551,-0.00852,0.05967,-0.03833,-0.29043,12.0326,12.5641,11.98387,12.29144,13.5237
2013-03-01,12.140999999999998,12.036,12.199000000000002,11.845,64137.0,600971,-0.0149,-0.00791,-0.0024,0.04298,-0.0632,-0.30218,12.0134,12.56271,11.99187,12.28484,13.50251
2013-03-04,11.931,11.349,11.931,11.206,93363.0,600971,-0.05708,-0.06454,-0.05935,-0.00088,-0.09026,-0.34993,11.8568,12.52862,11.99171,12.27568,13.47767
2013-03-05,11.359000000000002,11.492,11.54,11.273,48465.0,600971,0.0126,-0.02668,-0.0703,0.05055,-0.04599,-0.33225,11.7938,12.48724,12.00063,12.27118,13.45443
2013-03-06,11.55,11.54,11.616,11.359000000000002,59730.0,600971,0.00418,-0.02813,-0.07569,0.05311,-0.05402,-0.32078,11.727,12.44224,12.01002,12.26582,13.43228
2013-03-07,11.53,11.825999999999999,12.140999999999998,11.33,115871.0,600971,0.02478,-0.03208,-0.05926,0.09836,-0.01203,-0.30435,11.6486,12.40676,12.0271,12.26465,13.41124
2013-03-08,11.779000000000002,11.693,11.979000000000001,11.597000000000001,46464.0,600971,-0.01125,-0.0285,-0.08648,0.07552,-0.02696,-0.30945,11.58,12.35405,12.04034,12.26202,13.38994
2013-03-11,11.645,11.502,11.655,11.472999999999999,30446.0,600971,-0.01633,0.01348,-0.10211,0.14436,-0.05263,-0.33862,11.6106,12.29176,12.06374,12.25682,13.366
2013-03-12,11.53,11.368,11.664000000000001,11.235,46541.0,600971,-0.01165,-0.01079,-0.14565,0.11517,-0.07389,-0.3398,11.5858,12.19948,12.08268,12.24945,13.34222
2013-03-13,11.454,11.415999999999999,11.55,11.32,36798.0,600971,0.00422,-0.01075,-0.14933,0.06692,-0.06778,-0.32621,11.561,12.10405,12.09423,12.2427,13.31975
2013-03-14,11.311,11.53,11.578,11.254000000000001,44772.0,600971,0.00999,-0.02503,-0.13406,0.0932,-0.05924,-0.30697,11.5018,12.01905,12.11008,12.2368,13.29899
2013-03-15,11.454,11.349,11.664000000000001,11.300999999999998,46109.0,600971,-0.0157,-0.02942,-0.13656,0.03389,-0.08187,-0.32862,11.433,11.93357,12.11608,12.22857,13.27641
2013-03-18,11.254000000000001,11.082,11.378,11.062999999999999,34322.0,600971,-0.02353,-0.03652,-0.16172,-0.00081,-0.16532,-0.36208,11.349,11.83176,12.11594,12.21072,13.25084
2013-03-19,11.168,11.235,11.311,11.052999999999999,30406.0,600971,0.01381,-0.0117,-0.12357,0.00429,-0.15685,-0.34206,11.3224,11.75633,12.11671,12.19373,13.2271
2013-03-20,11.263,11.511,11.520999999999999,11.187000000000001,61741.0,600971,0.02457,0.00832,-0.07801,0.03871,-0.12736,-0.33921,11.3414,11.70995,12.12363,12.18007,13.20308
2013-03-21,11.511,11.482999999999999,11.626,11.415999999999999,54215.0,600971,-0.00243,-0.00408,-0.0934,0.06462,-0.13882,-0.2969,11.332,11.65362,12.13487,12.16502,13.18337
2013-03-22,11.454,11.435,11.511,11.378,38144.0,600971,-0.00418,0.00758,-0.05893,0.00758,-0.12174,-0.28222,11.3492,11.61952,12.13626,12.15214,13.16509
2013-03-25,11.454,11.425,11.559000000000001,11.368,32164.0,600971,-0.00087,0.03095,-0.05828,-0.02292,-0.13512,-0.29301,11.4178,11.58586,12.13194,12.13763,13.14584
2013-03-26,11.378,11.12,11.378,11.062999999999999,47852.0,600971,-0.0267,-0.01024,-0.08342,-0.04113,-0.13193,-0.33008,11.3948,11.53767,12.12424,12.12389,13.12357
2013-03-27,11.12,11.139000000000001,11.244000000000002,11.034,28778.0,600971,0.00171,-0.03232,-0.05658,-0.04501,-0.11455,-0.31109,11.3204,11.50586,12.11577,12.11217,13.10312
2013-03-28,11.044,10.948,11.139000000000001,10.738,60754.0,600971,-0.01715,-0.04659,-0.07799,-0.07275,-0.14342,-0.33853,11.2134,11.46176,12.10192,12.09727,13.08035
2013-03-29,10.948,10.786,11.025,10.767000000000001,29283.0,600971,-0.0148,-0.05676,-0.1172,-0.08794,-0.11095,-0.338,11.0836,11.39357,12.08515,12.08633,13.05796
2013-04-01,10.738,10.796,10.901,10.690999999999999,22287.0,600971,0.00093,-0.05505,-0.10302,-0.0864,-0.1212,-0.32432,10.9578,11.33452,12.06868,12.07422,13.03689
2013-04-02,10.748,10.738,10.872,10.690999999999999,34916.0,600971,-0.00537,-0.03435,-0.05384,-0.11556,-0.13924,-0.33275,10.8814,11.30543,12.04605,12.0601,13.01513
2013-04-03,10.834000000000001,10.557,10.834000000000001,10.509,36276.0,600971,-0.01686,-0.05225,-0.08136,-0.12982,-0.14261,-0.33331,10.765,11.2609,12.02065,12.04582,12.99367
2013-04-08,10.452,10.414000000000001,10.460999999999999,10.242,33660.0,600971,-0.01355,-0.04878,-0.09757,-0.14026,-0.14695,-0.27986,10.6582,11.20729,11.99324,12.03124,12.97722
2013-04-09,10.470999999999998,10.49,10.642999999999999,10.404000000000002,34989.0,600971,0.0073,-0.02744,-0.11297,-0.14073,-0.1841,-0.24776,10.599,11.14367,11.96553,12.01199,12.96317
2013-04-10,10.5,10.642999999999999,10.642999999999999,10.433,35063.0,600971,0.01459,-0.01417,-0.0898,-0.13429,-0.19669,-0.22838,10.5684,11.09367,11.9389,11.9908,12.95037
2013-04-11,10.690999999999999,10.519,10.71,10.5,31904.0,600971,-0.01165,-0.02039,-0.08546,-0.13159,-0.18248,-0.2764,10.5246,11.04686,11.91319,11.97172,12.93404
2013-04-12,10.481,10.366,10.538,10.356,20963.0,600971,-0.01455,-0.01809,-0.08814,-0.15483,-0.21925,-0.28505,10.4864,10.99914,11.88256,11.94805,12.91724
2013-04-15,10.309000000000001,9.927,10.309000000000001,9.927,45666.0,600971,-0.04235,-0.04676,-0.13043,-0.18363,-0.25338,-0.29541,10.389,10.92824,11.84655,11.92066,12.90032
2013-04-16,9.908,10.022,10.08,9.679,47054.0,600971,0.00957,-0.04461,-0.13079,-0.20092,-0.22908,-0.31511,10.2954,10.85643,11.8059,11.89645,12.88157
2013-04-17,10.051,9.917,10.07,9.831,25292.0,600971,-0.01048,-0.06821,-0.12618,-0.20204,-0.24107,-0.31781,10.1502,10.78824,11.7654,11.87084,12.86279
2013-04-18,9.841000000000001,9.917,10.013,9.783999999999999,21754.0,600971,0.0,-0.05723,-0.10513,-0.17674,-0.24384,-0.33909,10.0298,10.73276,11.73106,11.84484,12.84211
2013-04-19,9.965,10.185,10.213,9.927,48317.0,600971,0.02702,-0.01746,-0.09346,-0.17856,-0.21774,-0.33015,9.9936,10.68276,11.69535,11.82179,12.8217
2013-04-22,10.041,10.099,10.146,10.022,31618.0,600971,-0.00844,0.01733,-0.12267,-0.19176,-0.21683,-0.31295,10.028,10.61552,11.65671,11.79906,12.803
2013-04-23,10.099,9.698,10.099,9.679,43230.0,600971,-0.03971,-0.03233,-0.15545,-0.23032,-0.26641,-0.36817,9.9632,10.53052,11.6099,11.77042,12.78003
2013-04-24,9.717,9.831,9.927,9.717,32968.0,600971,0.01371,-0.00867,-0.14027,-0.20158,-0.25313,-0.35627,9.946,10.45414,11.56987,11.74333,12.75791
2013-04-25,9.641,9.277999999999999,9.755,9.163,106954.0,600971,-0.05625,-0.06443,-0.18792,-0.258,-0.29972,-0.40442,9.8182,10.3519,11.51784,11.71105,12.7323
2013-04-26,9.287,8.982000000000001,9.421,8.972000000000001,56258.0,600971,-0.0319,-0.11811,-0.19227,-0.29669,-0.31262,-0.41186,9.5776,10.2501,11.45673,11.67784,12.70674
2013-05-02,8.925,8.839,8.925,8.743,48999.0,600971,-0.01592,-0.12476,-0.20648,-0.29311,-0.30843,-0.42484,9.3256,10.14057,11.39761,11.64579,12.6802
2013-05-03,8.857999999999999,8.972000000000001,9.087,8.847999999999999,49042.0,600971,0.01505,-0.07486,-0.18049,-0.27193,-0.28356,-0.42719,9.1804,10.04648,11.34356,11.61692,12.653
2013-05-06,9.049,9.106,9.144,9.03,45780.0,600971,0.01494,-0.07375,-0.15576,-0.24525,-0.25931,-0.43215,9.0354,9.96648,11.29584,11.591,12.62483
2013-05-07,9.068,9.267999999999999,9.411,8.991,63855.0,600971,0.01779,-0.00108,-0.14153,-0.23183,-0.24675,-0.41438,9.0334,9.89371,11.25073,11.56632,12.59817
2013-05-08,9.335,9.144,9.345,9.106,44718.0,600971,-0.01338,0.01804,-0.14844,-0.26025,-0.2676,-0.45999,9.0658,9.81781,11.19884,11.53915,12.5665
2013-05-09,9.163,8.896,9.211,8.82,56583.0,600971,-0.02712,0.00645,-0.15734,-0.28746,-0.30293,-0.47729,9.0772,9.73871,11.14095,11.50772,12.53348
2013-05-10,8.877,9.058,9.087,8.791,48317.0,600971,0.01821,0.00959,-0.13021,-0.27945,-0.29913,-0.47221,9.0944,9.67414,11.08429,11.47629,12.50054
2013-05-13,9.068,9.087,9.096,8.972000000000001,35258.0,600971,0.0032,-0.00209,-0.13375,-0.29008,-0.2964,-0.46785,9.0906,9.60733,11.0244,11.44517,12.46807
2013-05-14,9.154,8.867,9.154,8.857999999999999,37379.0,600971,-0.02421,-0.04327,-0.16687,-0.30781,-0.32488,-0.47399,9.0104,9.52276,10.96081,11.41048,12.43559
2013-05-15,8.839,8.906,9.068,8.829,23919.0,600971,0.0044,-0.02603,-0.15334,-0.33068,-0.30988,-0.45052,8.9628,9.44595,10.88984,11.37797,12.4059
2013-05-16,8.915,9.077,9.087,8.791,50983.0,600971,0.0192,0.02035,-0.12435,-0.32362,-0.29663,-0.44388,8.999,9.38457,10.81979,11.34685,12.37645
2013-05-17,9.068,9.984,9.984,8.887,201809.0,600971,0.09992,0.10223,0.00574,-0.25017,-0.1923,-0.38252,9.1842,9.38729,10.76606,11.32752,12.35131
2013-05-20,9.975,10.166,10.29,9.755,267031.0,600971,0.01823,0.11874,0.01437,-0.22657,-0.1795,-0.35335,9.4,9.39414,10.71803,11.30944,12.32873
2013-05-21,10.118,10.107999999999999,10.299000000000001,9.984,145559.0,600971,-0.00571,0.13996,0.01926,-0.2354,-0.1885,-0.34711,9.6482,9.40324,10.66784,11.29035,12.30688
2013-05-22,10.022,10.146,10.309000000000001,9.898,112274.0,600971,0.00376,0.13923,0.02309,-0.20852,-0.17277,-0.3398,9.8962,9.41414,10.62473,11.27312,12.28565
2013-05-23,10.032,9.812000000000001,10.118,9.802999999999999,88645.0,600971,-0.03292,0.08097,-0.03662,-0.2141,-0.20743,-0.37356,10.0432,9.39638,10.58161,11.25224,12.26187
2013-05-24,9.783999999999999,9.908,9.946,9.755,56209.0,600971,0.00978,-0.00761,-0.01891,-0.21775,-0.17358,-0.34919,10.028,9.38729,10.53713,11.23533,12.24026
2013-05-27,9.841000000000001,9.965,10.061,9.746,67284.0,600971,0.00575,-0.01977,0.02753,-0.1799,-0.14213,-0.35556,9.9878,9.4,10.50187,11.2219,12.21791
2013-05-28,9.946,10.538,10.767000000000001,9.726,191093.0,600971,0.0575,0.04254,0.07192,-0.13139,-0.0921,-0.33451,10.0738,9.43367,10.47616,11.21321,12.19638
2013-05-29,10.442,10.337,10.575999999999999,10.299000000000001,99364.0,600971,-0.01907,0.01883,0.11414,-0.14796,-0.1005,-0.33924,10.112,9.4841,10.44721,11.20382,12.1748
2013-05-30,10.242,10.337,10.519,10.213,66894.0,600971,0.0,0.05351,0.15086,-0.1245,-0.1174,-0.33232,10.217,9.54862,10.4235,11.19264,12.15389
2013-05-31,10.270999999999999,10.270999999999999,10.565999999999999,10.222999999999999,73369.0,600971,-0.00638,0.03664,0.16201,-0.135,-0.10919,-0.32662,10.2896,9.61681,10.39765,11.18241,12.13364
2013-06-03,10.175,10.261,10.557,10.032,89277.0,600971,-0.00097,0.0297,0.14367,-0.16017,-0.11083,-0.33885,10.3488,9.67819,10.36608,11.17201,12.11226
2013-06-04,10.261,9.917,10.261,9.879,59901.0,600971,-0.03352,-0.05893,0.08906,-0.17606,-0.12695,-0.37262,10.2246,9.71681,10.3319,11.16028,12.08832
2013-06-05,9.908,10.127,10.137,9.831,59405.0,600971,0.02118,-0.02032,0.09268,-0.10767,-0.07423,-0.34551,10.1826,9.75771,10.31219,11.15368,12.06659
2013-06-06,10.099,10.032,10.49,10.022,70378.0,600971,-0.00938,-0.02951,0.09711,-0.12704,-0.0845,-0.34883,10.1216,9.8,10.28865,11.14615,12.04474
2013-06-07,10.061,9.783999999999999,10.166,9.526,74804.0,600971,-0.02472,-0.04742,0.09982,-0.15217,-0.0913,-0.35897,10.0242,9.84229,10.26032,11.13816,12.02247
2013-06-13,9.631,9.125,9.641,8.972000000000001,71570.0,600971,-0.06735,-0.11071,0.0074,-0.2284,-0.16069,-0.36606,9.797,9.84548,10.21676,11.12396,12.00105
2013-06-14,9.144,9.068,9.182,8.839,88083.0,600971,-0.00625,-0.08561,-0.00209,-0.22449,-0.0978,-0.36791,9.6272,9.84457,10.17442,11.11597,11.97959
2013-06-17,9.068,8.925,9.087,8.829,56295.0,600971,-0.01577,-0.11869,0.00654,-0.22405,-0.12448,-0.3787,9.3868,9.84733,10.13285,11.10565,11.95748
2013-06-18,8.993,8.943999999999999,9.082,8.905,33038.0,600971,0.00213,-0.10845,0.00427,-0.21323,-0.16411,-0.36899,9.1692,9.84914,10.09376,11.09137,11.93622
2013-06-19,8.943999999999999,9.18,9.376,8.64,93555.0,600971,0.02639,-0.06173,0.01135,-0.19587,-0.12961,-0.34573,9.0484,9.85405,10.05769,11.08026,11.9165
2013-06-20,8.984,8.728,9.082,8.718,49803.0,600971,-0.04924,-0.04351,-0.1258,-0.24302,-0.20488,-0.39523,8.969,9.79424,10.0125,11.06198,11.89331
2013-06-21,8.542,8.709,8.934,8.463,40460.0,600971,-0.00218,-0.03959,-0.14332,-0.23262,-0.21477,-0.38269,8.8972,9.72486,9.96992,11.04261,11.87137
2013-06-24,8.64,7.962000000000001,8.699,7.952999999999999,57250.0,600971,-0.08577,-0.1079,-0.21231,-0.28154,-0.28828,-0.44427,8.7046,9.62267,9.9196,11.01639,11.84549
2013-06-25,7.874,7.737,8.1,7.197,66228.0,600971,-0.02826,-0.13495,-0.23743,-0.31135,-0.30184,-0.45341,8.4632,9.50795,9.86318,10.9892,11.8194
2013-06-26,7.746,7.697,7.864,7.412999999999999,68029.0,600971,-0.00517,-0.16155,-0.21555,-0.33134,-0.28639,-0.46597,8.1666,9.40724,9.80166,10.96408,11.7921
2013-06-27,7.707000000000001,7.511,7.922999999999999,7.462000000000001,62808.0,600971,-0.02417,-0.13944,-0.24193,-0.3459,-0.33818,-0.48264,7.9232,9.2931,9.7376,10.93288,11.76362
2013-06-28,7.372999999999999,7.56,7.8839999999999995,7.305,73567.0,600971,0.00652,-0.13193,-0.24134,-0.33887,-0.35346,-0.46951,7.6934,9.17857,9.6751,10.89928,11.73642
2013-07-01,7.382999999999999,7.4910000000000005,7.58,7.285,47165.0,600971,-0.00913,-0.05916,-0.28914,-0.34433,-0.35406,-0.47645,7.5992,9.03348,9.61165,10.86589,11.70871
2013-07-02,7.462000000000001,7.619,7.6579999999999995,7.422000000000001,47091.0,600971,0.01709,-0.01525,-0.26294,-0.31484,-0.34679,-0.44645,7.5756,8.90405,9.55518,10.83301,11.68373
2013-07-03,7.57,7.609,7.707000000000001,7.403,61773.0,600971,-0.00131,-0.01143,-0.26391,-0.3169,-0.35555,-0.42027,7.558,8.77414,9.49824,10.79888,11.6613
2013-07-04,7.501,7.864,7.982,7.364,122937.0,600971,0.03351,0.047,-0.23435,-0.2817,-0.33502,-0.40343,7.6286,8.65952,9.4485,10.76667,11.63969
2013-07-05,7.766,7.727,7.962000000000001,7.7170000000000005,68556.0,600971,-0.01742,0.02209,-0.24695,-0.28361,-0.34611,-0.42137,7.662,8.53886,9.39916,10.73341,11.61681
2013-07-08,7.58,7.127999999999999,7.58,7.098,80713.0,600971,-0.07752,-0.04846,-0.28123,-0.33976,-0.4129,-0.45169,7.5894,8.40605,9.34,10.69266,11.59294
2013-07-09,7.108,7.157,7.364,7.059,45802.0,600971,0.00407,-0.06064,-0.29328,-0.33349,-0.41007,-0.46172,7.497,8.26462,9.28224,10.65221,11.56799
2013-07-10,7.167000000000001,7.511,7.56,7.157,67090.0,600971,0.04946,-0.01288,-0.2513,-0.28853,-0.37992,-0.43793,7.4774,8.14457,9.23311,10.6148,11.5442
2013-07-11,7.501,7.825,7.952999999999999,7.501,118345.0,600971,0.04181,-0.00496,-0.20022,-0.24861,-0.35903,-0.40809,7.4696,8.05129,9.19135,10.57916,11.52227
2013-07-12,7.825,7.53,7.845,7.4910000000000005,68976.0,600971,-0.0377,-0.0255,-0.17479,-0.28217,-0.38751,-0.4421,7.4302,7.97533,9.14361,10.54043,11.49801
2013-07-15,7.56,7.57,7.707000000000001,7.382999999999999,55202.0,600971,0.00531,0.06201,-0.1652,-0.28873,-0.37505,-0.42196,7.5186,7.904,9.09405,10.5035,11.47555
2013-07-16,7.53,7.609,7.619,7.462000000000001,47681.0,600971,0.00515,0.06315,-0.14745,-0.27664,-0.37962,-0.43465,7.609,7.84133,9.04711,10.46564,11.45177
2013-07-17,7.57,7.697,8.051,7.54,117376.0,600971,0.01157,0.02476,-0.13942,-0.25748,-0.36702,-0.39508,7.6462,7.78195,9.00406,10.42936,11.43133
2013-07-18,7.6579999999999995,7.56,7.7170000000000005,7.511,46599.0,600971,-0.0178,-0.03387,-0.17647,-0.23844,-0.39723,-0.4018,7.5932,7.70481,8.96589,10.38885,11.41069
2013-07-19,7.57,7.314,7.707000000000001,7.314,51008.0,600971,-0.03254,-0.02869,-0.16201,-0.27021,-0.41149,-0.42604,7.55,7.63748,8.92221,10.34728,11.38862
2013-07-22,7.167000000000001,7.305,7.364,7.127999999999999,32092.0,600971,-0.00123,-0.03501,-0.16121,-0.26339,-0.39357,-0.46065,7.497,7.57062,8.88008,10.30873,11.36326
2013-07-23,7.305,7.521,7.648,7.305,50750.0,600971,0.02957,-0.01157,-0.05539,-0.24161,-0.39342,-0.43477,7.4794,7.54962,8.84144,10.26907,11.33974
2013-07-24,7.462000000000001,7.372999999999999,7.599,7.285,51063.0,600971,-0.01968,-0.04209,-0.04705,-0.27609,-0.40992,-0.43245,7.4146,7.53229,8.79608,10.22743,11.31691
2013-07-25,7.422000000000001,7.462000000000001,7.678,7.324,71127.0,600971,0.01207,-0.01296,-0.03053,-0.26111,-0.40778,-0.43555,7.395,7.5211,8.75355,10.18566,11.2935
2013-07-26,7.452000000000001,7.324,7.452000000000001,7.275,37453.0,600971,-0.01849,0.00137,-0.0249,-0.24479,-0.40518,-0.45924,7.397,7.51219,8.71526,10.1451,11.26822
2013-07-29,7.295,7.148,7.314,7.098,47493.0,600971,-0.02403,-0.02149,-0.0545,-0.27291,-0.42834,-0.4704,7.3656,7.49257,8.67198,10.10155,11.24241
2013-07-30,7.167000000000001,7.206,7.314,7.138,35157.0,600971,0.00811,-0.04188,-0.03805,-0.22332,-0.43575,-0.46152,7.3026,7.479,8.63856,10.05631,11.2173
2013-07-31,7.197,7.334,7.343999999999999,7.197,52874.0,600971,0.01776,-0.00529,-0.03741,-0.18348,-0.41347,-0.44724,7.2948,7.46543,8.61198,10.01428,11.19318
2013-08-01,7.343999999999999,7.4910000000000005,7.6579999999999995,7.285,94137.0,600971,0.02141,0.00389,-0.01551,-0.15251,-0.39211,-0.43942,7.3006,7.45981,8.59024,9.97499,11.16931
2013-08-02,7.481,7.53,7.688,7.412999999999999,93071.0,600971,0.00521,0.02813,-0.04247,-0.16072,-0.37588,-0.42374,7.3418,7.4439,8.56698,9.93812,11.1468
2013-08-05,7.501,8.177999999999999,8.286,7.422000000000001,229539.0,600971,0.08606,0.1441,0.05837,-0.10191,-0.32217,-0.37644,7.5478,7.46538,8.55202,9.90652,11.12673
2013-08-06,8.051,8.208,8.532,7.864,199350.0,600971,0.00367,0.13905,0.15152,-0.11437,-0.33598,-0.38137,7.7482,7.51681,8.53492,9.87276,11.10616
2013-08-07,8.1,8.129,8.404,8.002,223734.0,600971,-0.00962,0.1084,0.13581,-0.111,-0.3489,-0.38598,7.9072,7.5631,8.51855,9.83734,11.08539
2013-08-08,8.012,7.933,8.129,7.854,101910.0,600971,-0.02411,0.059,0.05618,-0.10825,-0.36894,-0.37417,7.9956,7.58319,8.50302,9.79963,11.06611
2013-08-09,7.972,8.129,8.247,7.894,158765.0,600971,0.02471,0.07955,0.03885,-0.10256,-0.36492,-0.36823,8.1154,7.59767,8.48803,9.76166,11.04685
2013-08-12,8.1,8.787,8.826,8.061,285556.0,600971,0.08094,0.07447,0.16693,-0.03301,-0.31405,-0.29889,8.2372,7.65752,8.48319,9.72895,11.03162
2013-08-13,8.64,8.493,8.718,8.453,166672.0,600971,-0.03346,0.03472,0.12193,-0.04218,-0.36172,-0.33597,8.2942,7.70148,8.47716,9.68982,11.01415
2013-08-14,8.502,8.336,8.679,8.296,125437.0,600971,-0.01849,0.02546,0.09554,-0.064,-0.37884,-0.36671,8.3356,7.7361,8.46797,9.64849,10.99453
2013-08-15,8.345,8.187999999999999,8.394,8.187999999999999,76740.0,600971,-0.01775,0.03214,0.06379,-0.09794,-0.38505,-0.37615,8.3866,7.75948,8.45363,9.6068,10.97446
2013-08-16,8.09,8.1,8.522,8.002,112651.0,600971,-0.01075,-0.00357,0.07143,-0.1887,-0.38375,-0.39687,8.3808,7.78519,8.42324,9.5658,10.9528
2013-08-19,8.021,8.208,8.296,7.943,70476.0,600971,0.01333,-0.06589,0.12223,-0.1926,-0.37912,-0.3871,8.265,7.82776,8.39166,9.52505,10.93172
2013-08-20,8.169,8.031,8.247,8.002,48450.0,600971,-0.02156,-0.0544,0.09938,-0.20548,-0.37351,-0.39471,8.1726,7.86233,8.35816,9.48612,10.91043
2013-08-21,8.129,8.169,8.306000000000001,8.041,51983.0,600971,0.01718,-0.02003,0.08616,-0.19486,-0.34569,-0.36699,8.1392,7.89319,8.32627,9.45103,10.89118
2013-08-22,8.11,8.051,8.237,8.031,40481.0,600971,-0.01444,-0.01673,0.09196,-0.17947,-0.36436,-0.38164,8.1118,7.92548,8.29787,9.41351,10.87098
2013-08-23,8.07,7.8839999999999995,8.198,7.815,66379.0,600971,-0.02074,-0.02667,0.05655,-0.20428,-0.35116,-0.38174,8.0686,7.94557,8.26523,9.37882,10.8512
2013-08-26,7.912999999999999,8.061,8.1,7.8839999999999995,54670.0,600971,0.02245,-0.01791,0.10063,-0.19107,-0.33556,-0.37023,8.0392,7.98067,8.23452,9.34572,10.83193
2013-08-27,8.07,8.12,8.169,8.031,45520.0,600971,0.00732,0.01108,0.13598,-0.22946,-0.3307,-0.37127,8.057,8.02695,8.19552,9.31311,10.81244
2013-08-28,8.09,8.228,8.375,8.031,106731.0,600971,0.0133,0.00722,0.14183,-0.20402,-0.30313,-0.35668,8.0688,8.07562,8.1615,9.28401,10.79389
2013-08-29,8.228,7.982,8.228,7.904,84280.0,600971,-0.0299,-0.00857,0.08836,-0.22782,-0.32777,-0.38148,8.055,8.10648,8.12352,9.25237,10.77388
2013-08-30,7.982,7.922999999999999,8.021,7.854,54337.0,600971,-0.00739,0.00495,0.05767,-0.2286,-0.35153,-0.37639,8.0628,8.12705,8.08565,9.21745,10.75444
2013-09-02,7.952999999999999,7.982,8.041,7.7860000000000005,43132.0,600971,0.00745,-0.0098,0.06003,-0.2221,-0.33682,-0.37874,8.047,8.14857,8.04889,9.18449,10.73466
2013-09-03,8.031,8.041,8.1,7.922999999999999,46657.0,600971,0.00739,-0.00973,-0.01675,-0.18917,-0.29148,-0.35543,8.0312,8.14205,8.01863,9.15759,10.71664
2013-09-04,8.031,8.306000000000001,8.61,7.952999999999999,171930.0,600971,0.03296,0.00948,0.01194,-0.17982,-0.27724,-0.31048,8.0468,8.14671,7.98926,9.13169,10.70143
2013-09-05,8.177999999999999,8.07,8.237,8.012,95062.0,600971,-0.02841,0.01102,-0.00726,-0.19557,-0.30069,-0.33847,8.0644,8.1439,7.95761,9.10348,10.68465
2013-09-06,8.051,8.08,8.149,8.031,47277.0,600971,0.00124,0.01982,0.01853,-0.17416,-0.31676,-0.32498,8.0958,8.1509,7.93013,9.07302,10.66884
2013-09-09,8.1,8.247,8.345,8.041,104291.0,600971,0.02067,0.0332,0.01452,-0.09622,-0.29471,-0.31372,8.1488,8.15652,7.91597,9.04501,10.65351
2013-09-10,8.247,8.414,8.493,8.218,139918.0,600971,0.02025,0.04639,-0.04245,-0.07212,-0.26848,-0.30698,8.2234,8.13876,7.90542,9.0199,10.63836
2013-09-11,8.355,8.679,8.934,8.355,236766.0,600971,0.0315,0.04491,0.0219,-0.02756,-0.23654,-0.29295,8.298,8.14762,7.90145,8.99804,10.62374
2013-09-12,8.669,8.571,8.669,8.453,97715.0,600971,-0.01244,0.06208,0.02819,-0.0417,-0.24921,-0.3001,8.3982,8.15881,7.89544,8.97491,10.6088
2013-09-13,8.512,8.336,8.61,8.257,83816.0,600971,-0.02742,0.03168,0.01808,-0.09194,-0.27702,-0.31984,8.4494,8.16586,7.88182,8.94894,10.59287
2013-09-16,8.336,8.296,8.404,8.198,64065.0,600971,-0.0048,0.00594,0.0242,-0.0495,-0.26901,-0.32886,8.4592,8.17519,7.87485,8.92412,10.57635
2013-09-17,8.257,7.982,8.296,7.972,81897.0,600971,-0.03785,-0.05134,-0.02753,-0.08348,-0.27973,-0.39881,8.3728,8.16443,7.86313,8.89892,10.55482
2013-09-18,8.012,7.992000000000001,8.041,7.864,57573.0,600971,0.00125,-0.07916,-0.00486,0.00377,-0.28865,-0.40023,8.2354,8.16257,7.86361,8.87255,10.53314
2013-09-23,8.012,8.07,8.12,8.012,52074.0,600971,0.00976,-0.05845,-0.01212,0.04304,-0.29893,-0.38822,8.1352,8.15786,7.86898,8.84458,10.51233
2013-09-24,8.061,7.933,8.07,7.854,74691.0,600971,-0.01698,-0.04834,-0.01466,0.03066,-0.30915,-0.40505,8.0546,8.15224,7.87279,8.81572,10.49037
2013-09-25,7.904,7.912999999999999,8.002,7.874,40449.0,600971,-0.00252,-0.04617,0.00368,0.05352,-0.308,-0.39224,7.978,8.15362,7.87927,8.78708,10.46961
2013-09-26,7.933,7.667999999999999,7.982,7.648,59690.0,600971,-0.03096,-0.03934,-0.04875,0.01429,-0.32884,-0.41953,7.9152,8.1349,7.88102,8.75654,10.44708
2013-09-27,7.727,7.776,7.962000000000001,7.688,49116.0,600971,0.01408,-0.02703,-0.04236,0.03805,-0.30072,-0.39297,7.872,8.11852,7.88561,8.72935,10.42662
2013-09-30,7.776,7.835,7.874,7.746,27391.0,600971,0.00759,-0.02912,-0.04776,0.02835,-0.29662,-0.37719,7.825,8.09981,7.8891,8.70249,10.40733
2013-10-08,7.805,7.8839999999999995,7.904,7.688,36426.0,600971,0.00625,-0.00618,-0.01228,0.03614,-0.27987,-0.38315,7.8152,8.09514,7.89353,8.67758,10.38742
2013-10-09,7.854,7.864,7.8839999999999995,7.7860000000000005,39113.0,600971,-0.00254,-0.00619,-0.00745,0.0,-0.27091,-0.3518,7.8054,8.09233,7.89353,8.65382,10.37007
2013-10-10,7.864,7.864,8.002,7.688,65126.0,600971,0.0,0.02556,-0.01478,0.01773,-0.27158,-0.35987,7.8446,8.08671,7.89574,8.62998,10.3521
2013-10-11,7.894,7.982,8.002,7.874,55707.0,600971,0.01501,0.02649,-0.00734,0.11981,-0.25666,-0.36016,7.8858,8.0839,7.90952,8.60758,10.33384
2013-10-14,7.982,8.051,8.149,7.922999999999999,71294.0,600971,0.00864,0.02757,-0.0307,0.12491,-0.23738,-0.34614,7.929,8.07176,7.92394,8.5872,10.31651
2013-10-15,8.07,8.002,8.129,7.922999999999999,53223.0,600971,-0.00609,0.01497,-0.00843,0.06537,-0.23161,-0.34453,7.9526,8.06852,7.93185,8.56759,10.29941
2013-10-16,7.992000000000001,7.727,7.992000000000001,7.707000000000001,53329.0,600971,-0.03437,-0.01742,-0.04369,-0.01252,-0.26339,-0.399,7.9252,8.05171,7.93027,8.54513,10.27856
2013-10-17,7.766,7.904,8.169,7.756,90025.0,600971,0.02291,0.00509,-0.04159,0.04967,-0.25735,-0.40343,7.9332,8.03538,7.93631,8.52286,10.25683
2013-10-18,7.825,7.805,7.854,7.737,37064.0,600971,-0.01253,-0.02217,-0.07238,0.03104,-0.25801,-0.39341,7.8978,8.00638,7.9401,8.5008,10.23626
2013-10-21,7.805,8.12,8.198,7.737,130457.0,600971,0.04036,0.00857,-0.06441,0.06716,-0.21667,-0.38842,7.9116,7.97976,7.94834,8.48254,10.21529
2013-10-22,8.031,8.247,8.355,7.982,178436.0,600971,0.01564,0.03062,-0.0378,0.07146,-0.16924,-0.37974,7.9606,7.96433,7.95721,8.46888,10.19477
2013-10-23,8.228,8.139,8.306000000000001,8.07,103555.0,600971,-0.0131,0.05332,-0.02363,0.07659,-0.18789,-0.37392,8.043,7.95495,7.96655,8.45357,10.17501
2013-10-24,8.061,7.8839999999999995,8.08,7.864,56268.0,600971,-0.03133,-0.00253,-0.04966,0.07793,-0.205,-0.39665,8.039,7.93533,7.97574,8.43704,10.15394
2013-10-25,7.864,7.766,7.943,7.678,44447.0,600971,-0.01497,-0.005,-0.02706,0.06311,-0.2169,-0.40785,8.0312,7.92505,7.98318,8.41955,10.1322
2013-10-28,7.756,7.54,7.815,7.442,52272.0,600971,-0.0291,-0.07143,-0.05656,0.00253,-0.2597,-0.42089,7.9152,7.90352,7.98348,8.39805,10.10992
2013-10-29,7.53,7.382999999999999,7.667999999999999,7.265,52527.0,600971,-0.02082,-0.10477,-0.08513,0.00136,-0.26894,-0.42745,7.7424,7.87081,7.98365,8.37597,10.08751
2013-10-30,7.462000000000001,7.4910000000000005,7.56,7.372999999999999,42027.0,600971,0.01463,-0.07962,-0.05572,0.00389,-0.22757,-0.43336,7.6128,7.84976,7.98411,8.35802,10.06422
2013-10-31,7.452000000000001,7.462000000000001,7.511,7.354,31507.0,600971,-0.00387,-0.05353,-0.05699,0.01884,-0.24097,-0.43311,7.5284,7.82829,7.98634,8.33876,10.04105
2013-11-01,7.4910000000000005,7.53,7.56,7.422000000000001,28990.0,600971,0.00911,-0.03039,-0.018,0.05344,-0.1884,-0.43166,7.4812,7.82171,7.9925,8.32455,10.0178
2013-11-04,7.54,7.412999999999999,7.648,7.372999999999999,32556.0,600971,-0.01554,-0.01684,-0.04668,0.02873,-0.17468,-0.43269,7.4558,7.80443,7.99584,8.3118,9.99482
2013-11-05,7.372999999999999,7.372999999999999,7.412999999999999,7.206,43890.0,600971,-0.0054,-0.00135,-0.05897,0.00532,-0.16586,-0.42313,7.4538,7.78243,7.99647,8.29988,9.97283
2013-11-06,7.314,7.364,7.5889999999999995,7.285,48927.0,600971,-0.00122,-0.01695,-0.06596,-0.01695,-0.17922,-0.41196,7.4284,7.75767,7.99442,8.2868,9.95186
2013-11-07,7.354,7.432,7.511,7.324,42421.0,600971,0.00923,-0.00402,-0.05493,-0.01301,-0.18383,-0.39548,7.4224,7.7371,7.99284,8.2732,9.9321
2013-11-08,7.403,7.275,7.481,7.246,35172.0,600971,-0.02112,-0.03386,-0.0749,-0.11042,-0.21504,-0.40873,7.3714,7.70905,7.97827,8.25699,9.91165
2013-11-11,7.285,7.256,7.334,7.197,24221.0,600971,-0.00261,-0.02118,-0.09095,-0.11598,-0.20647,-0.41882,7.34,7.67448,7.96292,8.24164,9.8904
2013-11-12,7.256,7.343999999999999,7.452000000000001,7.236000000000001,35190.0,600971,0.01213,-0.00393,-0.08782,-0.09657,-0.17446,-0.42454,7.3342,7.64081,7.95026,8.22902,9.86837
2013-11-13,7.285,7.148,7.334,7.148,34858.0,600971,-0.02669,-0.02933,-0.10672,-0.09895,-0.21086,-0.44692,7.291,7.60014,7.9376,8.2135,9.84489
2013-11-14,7.167000000000001,7.206,7.295,7.157,29045.0,600971,0.00811,-0.03041,-0.06743,-0.11354,-0.207,-0.44204,7.2458,7.57533,7.92271,8.1982,9.82169
2013-11-15,7.206,7.324,7.393,7.197,49797.0,600971,0.01638,0.00674,-0.07338,-0.1665,-0.17402,-0.44236,7.2556,7.54771,7.89911,8.18566,9.79807
2013-11-18,7.334,7.501,7.511,7.334,65048.0,600971,0.02417,0.03377,-0.03895,-0.1168,-0.15776,-0.41875,7.3046,7.53324,7.88311,8.17424,9.7761
2013-11-19,7.501,7.432,7.521,7.403,44100.0,600971,-0.0092,0.01198,-0.08473,-0.10845,-0.18123,-0.4241,7.3222,7.50048,7.86853,8.16086,9.75385
2013-11-20,7.462000000000001,7.452000000000001,7.511,7.393,40124.0,600971,0.00269,0.04253,-0.0964,-0.08989,-0.25361,-0.39714,7.383,7.46262,7.85666,8.14028,9.7339
2013-11-21,7.472,7.57,7.697,7.422000000000001,103394.0,600971,0.01583,0.05051,-0.06991,-0.06543,-0.25536,-0.38902,7.4558,7.43552,7.84811,8.11917,9.7143
2013-11-22,7.619,7.501,7.667999999999999,7.4910000000000005,55305.0,600971,-0.00911,0.02417,-0.04858,-0.08614,-0.25791,-0.3978,7.4912,7.41729,7.83671,8.09798,9.69416
2013-11-25,7.501,7.422000000000001,7.521,7.393,38444.0,600971,-0.01053,-0.01053,-0.0443,-0.07583,-0.26848,-0.39486,7.4754,7.4009,7.82689,8.07583,9.67448
2013-11-26,7.432,7.432,7.501,7.393,24346.0,600971,0.00135,0.0,-0.01432,-0.09022,-0.24256,-0.39968,7.4754,7.39576,7.815,8.05648,9.65436
2013-11-27,7.462000000000001,7.57,7.5889999999999995,7.422000000000001,50648.0,600971,0.01857,0.01583,0.02533,-0.05974,-0.23597,-0.36859,7.499,7.40467,7.80724,8.03747,9.6364
2013-11-28,7.678,7.688,7.805,7.667999999999999,96800.0,600971,0.01559,0.01559,0.0263,-0.02486,-0.2285,-0.33815,7.5226,7.41405,7.80408,8.01896,9.62043
2013-11-29,7.619,7.629,7.678,7.57,49029.0,600971,-0.00767,0.01706,0.02238,-0.05359,-0.27605,-0.34272,7.5482,7.422,7.79711,7.99531,9.60426
2013-12-02,7.501,7.314,7.638,7.305,62643.0,600971,-0.04129,-0.01455,-0.02869,-0.09926,-0.29244,-0.36356,7.5266,7.41171,7.78411,7.97073,9.58728
2013-12-03,7.314,7.452000000000001,7.472,7.305,37342.0,600971,0.01887,0.00269,0.00526,-0.09431,-0.27909,-0.36373,7.5306,7.41357,7.7716,7.94728,9.56996
2013-12-04,7.412999999999999,7.54,7.599,7.382999999999999,62488.0,600971,0.01181,-0.00396,0.02265,-0.05537,-0.26589,-0.34605,7.5246,7.42152,7.76447,7.92507,9.55374
2013-12-05,7.56,7.56,7.648,7.55,54707.0,600971,0.00265,-0.01665,0.02662,-0.04582,-0.26323,-0.34489,7.499,7.43086,7.75861,7.90311,9.53756
2013-12-06,7.54,7.619,7.629,7.521,41553.0,600971,0.0078,-0.00131,0.02516,-0.04548,-0.23172,-0.32925,7.497,7.43976,7.75276,7.88443,9.52236
2013-12-09,7.638,7.678,7.776,7.54,80500.0,600971,0.00774,0.04977,0.0554,-0.04514,-0.24183,-0.29811,7.5698,7.45895,7.7469,7.86452,9.5091
2013-12-10,7.845,7.6579999999999995,7.922999999999999,7.619,92996.0,600971,-0.0026,0.02764,0.0554,-0.07802,-0.23664,-0.30115,7.611,7.4781,7.73645,7.84522,9.49569
2013-12-11,7.58,7.4910000000000005,7.609,7.452000000000001,44671.0,600971,-0.02181,-0.0065,0.02002,-0.07175,-0.23436,-0.30426,7.6012,7.4851,7.72711,7.82658,9.48237
2013-12-12,7.432,7.432,7.55,7.403,37865.0,600971,-0.00788,-0.01693,0.03973,-0.0802,-0.18553,-0.31641,7.5756,7.49862,7.71666,7.81281,9.46839
2013-12-13,7.403,7.412999999999999,7.481,7.382999999999999,31413.0,600971,-0.00256,-0.02704,0.02873,-0.10113,-0.18251,-0.26246,7.5344,7.50848,7.70321,7.79936,9.45766
2013-12-16,7.412999999999999,7.206,7.462000000000001,7.187,54654.0,600971,-0.02792,-0.06147,-0.01611,-0.14357,-0.19261,-0.29311,7.44,7.50286,7.68373,7.78538,9.44552
2013-12-17,7.216,7.197,7.256,7.108,28388.0,600971,-0.00125,-0.0602,-0.04053,-0.17076,-0.19533,-0.32738,7.3478,7.48838,7.65982,7.77118,9.43128
2013-12-18,7.197,7.187,7.226,7.157,24445.0,600971,-0.00139,-0.04058,-0.03297,-0.16147,-0.2171,-0.31857,7.287,7.47671,7.6375,7.75498,9.41762
2013-12-19,7.216,7.148,7.295,7.127999999999999,29876.0,600971,-0.00543,-0.03821,-0.04079,-0.14251,-0.18103,-0.34882,7.2302,7.46224,7.61834,7.74213,9.40205
2013-12-20,7.226,6.961,7.226,6.9510000000000005,37774.0,600971,-0.02616,-0.06097,-0.08045,-0.16092,-0.20071,-0.37237,7.1398,7.43324,7.59681,7.72792,9.38526
2013-12-23,6.872999999999999,6.892,6.971,6.794,29485.0,600971,-0.00991,-0.04357,-0.08119,-0.13656,-0.13439,-0.38393,7.077,7.40424,7.57923,7.71922,9.3678
2013-12-24,6.872999999999999,6.912000000000001,7.0,6.853,42370.0,600971,0.0029,-0.0396,-0.06871,-0.13514,-0.10663,-0.37629,7.02,7.37995,7.56181,7.71251,9.35085
2013-12-25,6.9510000000000005,6.843,6.9510000000000005,6.765,41481.0,600971,-0.00998,-0.04786,-0.07925,-0.15204,-0.11095,-0.36557,6.9512,7.3519,7.54202,7.70557,9.33483
2013-12-26,6.832999999999999,6.647,6.843,6.529,72816.0,600971,-0.02864,-0.07009,-0.12193,-0.16211,-0.11503,-0.41431,6.851,7.30795,7.52127,7.69854,9.31571
2013-12-27,6.627000000000001,6.824,6.832999999999999,6.577999999999999,70772.0,600971,0.02663,-0.01968,-0.11238,-0.13762,-0.09735,-0.4164,6.8236,7.26681,7.50371,7.69256,9.29592
2013-12-30,6.784,7.04,7.04,6.755,69836.0,600971,0.03165,0.02147,-0.07721,-0.0819,-0.06021,-0.39295,6.8532,7.23876,7.49358,7.68889,9.27739
2013-12-31,6.941,7.0,7.246,6.922000000000001,40376.0,600971,-0.00568,0.01273,-0.04293,-0.09979,-0.08124,-0.39986,6.8708,7.22381,7.48106,7.68386,9.25843
2014-01-02,6.932,6.765,6.971,6.686,59919.0,600971,-0.03357,-0.0114,-0.09219,-0.13657,-0.11092,-0.42703,6.8552,7.1911,7.46381,7.677,9.23794
2014-01-03,6.706,6.676,6.735,6.627000000000001,27902.0,600971,-0.01316,0.00436,-0.11459,-0.15322,-0.15107,-0.43548,6.861,7.14995,7.44432,7.66734,9.217
2014-01-06,6.666,6.392,6.666,6.372000000000001,39026.0,600971,-0.04254,-0.06331,-0.1545,-0.18718,-0.17277,-0.45908,6.7746,7.09433,7.42058,7.65649,9.19495
2014-01-07,6.362,6.401,6.421,6.3229999999999995,23008.0,600971,0.00141,-0.09077,-0.15986,-0.18604,-0.10199,-0.47278,6.6468,7.03633,7.39698,7.65058,9.17162
2014-01-08,6.4110000000000005,6.254,6.441,6.244,33139.0,600971,-0.02297,-0.10657,-0.18546,-0.21649,-0.12617,-0.4845,6.4976,6.96852,7.36911,7.64324,9.14772
2014-01-09,6.234,6.263999999999999,6.3420000000000005,6.215,26696.0,600971,0.0016,-0.07406,-0.18203,-0.22196,-0.16602,-0.48287,6.3974,6.90214,7.34029,7.6331,9.12395
2014-01-10,6.244,6.166,6.292999999999999,6.117000000000001,29278.0,600971,-0.01564,-0.07639,-0.17688,-0.22944,-0.21201,-0.49492,6.2954,6.83905,7.31068,7.61961,9.09939
2014-01-13,6.126,6.156000000000001,6.284,6.126,24542.0,600971,-0.00162,-0.03692,-0.17169,-0.20331,-0.18247,-0.49927,6.2482,6.77829,7.28534,7.60844,9.07443
2014-01-14,6.166,6.234,6.254,6.087000000000001,25363.0,600971,0.01267,-0.02609,-0.15904,-0.21129,-0.17649,-0.48535,6.2148,6.72214,7.2584,7.59758,9.05054
2014-01-15,6.234,6.166,6.244,6.068,21775.0,600971,-0.01091,-0.01407,-0.14432,-0.20999,-0.18964,-0.49727,6.1972,6.67262,7.23197,7.58585,9.02574
2014-01-16,6.176,6.195,6.313,6.117000000000001,33564.0,600971,0.0047,-0.01102,-0.13922,-0.23707,-0.19514,-0.49054,6.1834,6.6249,7.20092,7.57363,9.0015
2014-01-17,6.195,6.0089999999999995,6.195,5.979,36695.0,600971,-0.03002,-0.02546,-0.16391,-0.27137,-0.20516,-0.52089,6.152,6.56881,7.16482,7.56102,8.97494
2014-01-20,6.0089999999999995,5.94,6.028,5.891,25773.0,600971,-0.01148,-0.03509,-0.169,-0.27018,-0.18786,-0.52205,6.1088,6.51129,7.12935,7.54985,8.94857
2014-01-21,5.94,5.989,6.047999999999999,5.94,19333.0,600971,0.00825,-0.0393,-0.13964,-0.24036,-0.18015,-0.50282,6.0598,6.465,7.09879,7.53915,8.92394
2014-01-22,5.989,6.146,6.156000000000001,5.94,37768.0,600971,0.02621,-0.00324,-0.10824,-0.2086,-0.18282,-0.50431,6.0558,6.42948,7.07266,7.52798,8.89852
2014-01-23,6.146,6.068,6.185,6.058,28271.0,600971,-0.01269,-0.0205,-0.12211,-0.19523,-0.177,-0.51437,6.0304,6.38929,7.04892,7.51737,8.8724
2014-01-24,6.047999999999999,6.195,6.234,6.028,35396.0,600971,0.02093,0.03095,-0.0947,-0.16091,-0.16979,-0.50833,6.0676,6.35843,7.02976,7.50707,8.84636
2014-01-27,6.146,6.185,6.263999999999999,6.097,34355.0,600971,-0.00161,0.04125,-0.06951,-0.17434,-0.15552,-0.49769,6.1166,6.33643,7.00869,7.4978,8.82145
2014-01-28,6.215,6.136,6.244,6.068,26097.0,600971,-0.00792,0.02454,-0.10082,-0.1777,-0.14158,-0.50928,6.146,6.30367,6.98731,7.48958,8.79557
2014-01-29,6.117000000000001,6.068,6.126,6.018,23833.0,600971,-0.01108,-0.01269,-0.13807,-0.19416,-0.15792,-0.52486,6.1304,6.25738,6.96373,7.48033,8.76832
2014-01-30,6.058,5.968999999999999,6.068,5.891,24263.0,600971,-0.01632,-0.01632,-0.14729,-0.19479,-0.18612,-0.52263,6.1106,6.20829,6.94044,7.46923,8.74175
2014-02-07,5.93,6.0089999999999995,6.018,5.901,17303.0,600971,0.0067,-0.03002,-0.11175,-0.185,-0.19784,-0.51238,6.0734,6.17229,6.91844,7.45718,8.71609
2014-02-10,6.068,6.126,6.166,6.018,39894.0,600971,0.01947,-0.00954,-0.08238,-0.16812,-0.18645,-0.49225,6.0616,6.1461,6.89847,7.44576,8.69194
2014-02-11,6.117000000000001,6.284,6.372000000000001,6.087000000000001,81488.0,600971,0.02579,0.02412,-0.0169,-0.15447,-0.2316,-0.47915,6.0912,6.14095,6.87995,7.43037,8.66844
2014-02-12,6.244,6.205,6.244,6.166,44806.0,600971,-0.01257,0.02258,-0.03062,-0.14708,-0.24403,-0.49802,6.1186,6.13162,6.86269,7.41408,8.64342
2014-02-13,6.176,6.215,6.292999999999999,6.136,59404.0,600971,0.00161,0.04121,-0.00624,-0.14347,-0.23545,-0.5022,6.1678,6.12976,6.8459,7.39852,8.61793
2014-02-14,6.225,6.225,6.274,6.136,48071.0,600971,0.00161,0.03595,-0.00623,-0.15237,-0.2153,-0.50481,6.211,6.1279,6.82785,7.38463,8.59213
2014-02-17,6.244,6.284,6.3229999999999995,6.195,72962.0,600971,0.00948,0.02579,0.01914,-0.12087,-0.22697,-0.50906,6.2426,6.13352,6.81392,7.36963,8.56565
2014-02-18,6.274,6.176,6.274,6.136,50443.0,600971,-0.01719,-0.01719,0.00325,-0.14294,-0.29714,-0.51788,6.221,6.13448,6.79731,7.34841,8.53868
2014-02-19,6.166,6.215,6.254,6.117000000000001,46616.0,600971,0.00631,0.00161,-0.00305,-0.15142,-0.26822,-0.53292,6.223,6.13357,6.77942,7.32989,8.50985
2014-02-20,6.234,6.195,6.3229999999999995,6.195,82074.0,600971,-0.00322,-0.00322,0.0047,-0.17411,-0.25684,-0.53838,6.219,6.13495,6.75835,7.31248,8.48048
2014-02-21,6.195,6.047999999999999,6.195,6.028,52691.0,600971,-0.02373,-0.02843,-0.02373,-0.18622,-0.26136,-0.54578,6.1836,6.12795,6.73603,7.29508,8.45094
2014-02-24,5.989,5.792999999999999,6.0089999999999995,5.792999999999999,69857.0,600971,-0.04216,-0.07813,-0.03595,-0.22262,-0.28481,-0.55927,6.0854,6.11767,6.70927,7.27633,8.42106
2014-02-25,5.822,5.636,5.861000000000001,5.586,59124.0,600971,-0.0271,-0.08744,-0.05118,-0.25548,-0.31335,-0.57368,5.9774,6.10319,6.67808,7.25541,8.39023
2014-02-26,5.596,5.626,5.645,5.507999999999999,45721.0,600971,-0.00177,-0.09477,-0.06061,-0.24997,-0.29946,-0.56112,5.8596,6.0859,6.64784,7.23586,8.36099
2014-02-27,5.6160000000000005,5.497999999999999,5.6160000000000005,5.4879999999999995,51452.0,600971,-0.02275,-0.11251,-0.10543,-0.25923,-0.32697,-0.55963,5.7202,6.05505,6.61681,7.21415,8.33259
2014-02-28,5.478,5.497999999999999,5.518,5.4,41208.0,600971,0.0,-0.09094,-0.09394,-0.26023,-0.3171,-0.56592,5.6102,6.0279,6.58561,7.19339,8.30345
2014-03-03,5.468999999999999,5.518,5.557,5.449,41551.0,600971,0.00364,-0.04747,-0.10928,-0.27107,-0.3001,-0.54588,5.5552,5.99567,6.55252,7.17415,8.27649
2014-03-04,5.497999999999999,5.468999999999999,5.518,5.4,51532.0,600971,-0.00888,-0.02963,-0.11576,-0.28863,-0.32155,-0.54921,5.5218,5.96157,6.51673,7.15308,8.2494
2014-03-05,5.478,5.537000000000001,5.704,5.449,77576.0,600971,0.01243,-0.01582,-0.09762,-0.27422,-0.3181,-0.5436,5.504,5.93305,6.48298,7.13208,8.22259
2014-03-06,5.497999999999999,5.478,5.518,5.41,37345.0,600971,-0.01066,-0.00364,-0.09723,-0.25103,-0.33422,-0.53604,5.5,5.90495,6.45337,7.10972,8.19687
2014-03-07,5.468999999999999,5.439,5.518,5.41,45916.0,600971,-0.00712,-0.01073,-0.08879,-0.27013,-0.31859,-0.54194,5.4882,5.87971,6.4209,7.08905,8.17071
2014-03-10,5.361000000000001,5.096,5.37,5.066,67019.0,600971,-0.06306,-0.07648,-0.15194,-0.32414,-0.35681,-0.58291,5.4038,5.83624,6.38148,7.06607,8.14176
2014-03-11,5.066,5.154,5.252999999999999,5.027,42078.0,600971,0.01138,-0.0576,-0.15867,-0.31825,-0.3543,-0.57178,5.3408,5.78995,6.34268,7.04307,8.11378
2014-03-12,5.105,5.184,5.282,5.056,45637.0,600971,0.00582,-0.06375,-0.17505,-0.3196,-0.3553,-0.54322,5.2702,5.73757,6.3034,7.01985,8.08872
2014-03-13,5.154,5.252999999999999,5.351,5.145,49768.0,600971,0.01331,-0.04107,-0.15342,-0.31584,-0.36757,-0.5429,5.2252,5.69224,6.26429,6.99502,8.06336
2014-03-14,5.154,5.125,5.1739999999999995,5.096,38747.0,600971,-0.02437,-0.05773,-0.17538,-0.33077,-0.36493,-0.55589,5.1624,5.64033,6.22344,6.97108,8.03728
2014-03-17,5.154,5.272,5.3020000000000005,5.096,54247.0,600971,0.02868,0.03454,-0.15309,-0.29622,-0.34752,-0.5542,5.1976,5.59495,6.18765,6.94825,8.01064
2014-03-18,5.242999999999999,5.233,5.282,5.194,33585.0,600971,-0.0074,0.01533,-0.16725,-0.29588,-0.36547,-0.55247,5.2134,5.5449,6.15218,6.92375,7.98438
2014-03-19,5.223,5.223,5.252999999999999,5.135,38023.0,600971,-0.00191,0.00752,-0.15431,-0.29543,-0.37925,-0.54591,5.2212,5.49952,6.11685,6.8978,7.95885
2014-03-20,5.204,5.096,5.2620000000000005,5.0760000000000005,43186.0,600971,-0.02432,-0.02989,-0.18005,-0.29281,-0.41284,-0.55172,5.1898,5.44624,6.08282,6.86867,7.93336
2014-03-21,5.086,5.606,5.606,5.047,235484.0,600971,0.10008,0.09385,-0.09508,-0.22106,-0.34593,-0.50893,5.286,5.41819,6.05716,6.84457,7.90974
2014-03-24,5.537000000000001,5.567,5.626,5.41,189613.0,600971,-0.00696,0.05596,-0.07953,-0.22541,-0.33217,-0.51717,5.345,5.39529,6.03103,6.82206,7.8855
2014-03-25,5.518,5.577000000000001,5.606,5.439,117037.0,600971,0.0018,0.06574,-0.03729,-0.21978,-0.32775,-0.50859,5.4138,5.385,6.00569,6.79995,7.86204
2014-03-26,5.567,5.478,5.586,5.449,70784.0,600971,-0.01775,0.04882,-0.02803,-0.21304,-0.31371,-0.50568,5.4648,5.37748,5.98177,6.77959,7.83926
2014-03-27,5.459,5.42,5.528,5.41,66780.0,600971,-0.01059,0.06358,-0.03662,-0.21358,-0.32182,-0.51758,5.5296,5.36767,5.95803,6.75868,7.81562
2014-03-28,5.38,5.42,5.507999999999999,5.37,59563.0,600971,0.0,-0.03318,-0.01419,-0.21586,-0.32838,-0.52915,5.4924,5.36395,5.93397,6.73714,7.79086
2014-03-31,5.478,5.312,5.497999999999999,5.272,44871.0,600971,-0.01993,-0.04581,-0.03383,-0.22373,-0.33039,-0.5374,5.4414,5.3551,5.90927,6.71583,7.76577
2014-04-01,5.3020000000000005,5.341,5.37,5.272,37919.0,600971,0.00546,-0.04232,-0.03208,-0.19648,-0.32503,-0.53293,5.3942,5.34667,5.88821,6.69492,7.741
2014-04-02,5.39,5.497999999999999,5.528,5.361000000000001,90057.0,600971,0.0294,0.00365,0.0053,-0.19431,-0.28299,-0.51877,5.3982,5.34805,5.86682,6.67728,7.71691
2014-04-03,5.518,5.38,5.537000000000001,5.37,48667.0,600971,-0.02146,-0.00738,-0.02835,-0.2358,-0.30813,-0.51619,5.3902,5.34057,5.84005,6.6578,7.69357
2014-04-04,5.38,5.468999999999999,5.478,5.361000000000001,31613.0,600971,0.01654,0.00904,-0.00164,-0.21871,-0.30198,-0.50902,5.4,5.34014,5.81535,6.63856,7.67052
2014-04-08,5.468999999999999,5.606,5.694,5.428999999999999,110218.0,600971,0.02505,0.05535,0.0307,-0.17132,-0.28894,-0.48794,5.4588,5.3481,5.79666,6.62004,7.64881
2014-04-09,5.6160000000000005,5.586,5.636,5.547000000000001,43242.0,600971,-0.00357,0.04587,0.09615,-0.16327,-0.28967,-0.48211,5.5078,5.37143,5.77908,6.60152,7.62767
2014-04-10,5.586,5.626,5.655,5.4879999999999995,131764.0,600971,0.00716,0.02328,0.09158,-0.11984,-0.28459,-0.47888,5.5334,5.3939,5.76673,6.58333,7.60665
2014-04-11,5.577000000000001,5.537000000000001,5.596,5.478,61153.0,600971,-0.01582,0.02918,0.06809,-0.13498,-0.30631,-0.48435,5.5648,5.41071,5.75279,6.56345,7.58551
2014-04-14,5.537000000000001,5.577000000000001,5.606,5.507999999999999,36801.0,600971,0.00722,0.01975,0.06168,-0.10825,-0.30729,-0.47172,5.5864,5.42614,5.74187,6.54333,7.56527
2014-04-15,5.547000000000001,5.449,5.6160000000000005,5.439,46041.0,600971,-0.02295,-0.02801,0.06322,-0.13011,-0.31905,-0.47676,5.555,5.44157,5.72873,6.52258,7.54509
2014-04-16,5.439,5.468999999999999,5.518,5.428999999999999,34312.0,600971,0.00367,-0.02095,0.03737,-0.11304,-0.29222,-0.47865,5.5316,5.45095,5.71748,6.50422,7.52467
2014-04-17,5.497999999999999,5.439,5.507999999999999,5.439,25437.0,600971,-0.00549,-0.03324,0.03937,-0.11647,-0.31187,-0.48896,5.4942,5.46076,5.70592,6.48418,7.50352
2014-04-18,5.41,5.468999999999999,5.557,5.4,51400.0,600971,0.00552,-0.01228,0.0471,-0.12271,-0.2993,-0.48008,5.4806,5.47248,5.69358,6.46519,7.48299
2014-04-21,5.4,5.282,5.497999999999999,5.272,55562.0,600971,-0.03419,-0.0529,0.0365,-0.14337,-0.34951,-0.49045,5.4216,5.48133,5.67932,6.44211,7.46233
2014-04-22,5.282,5.3020000000000005,5.341,5.223,31479.0,600971,0.00379,-0.02698,-0.05423,-0.14415,-0.3571,-0.4659,5.3922,5.46686,5.66492,6.41817,7.44352
2014-04-23,5.272,5.282,5.361000000000001,5.252999999999999,26666.0,600971,-0.00377,-0.03419,-0.05119,-0.12099,-0.35103,-0.47296,5.3548,5.45329,5.65319,6.39494,7.42426
2014-04-24,5.292000000000001,5.321000000000001,5.4,5.252999999999999,39146.0,600971,0.00738,-0.0217,-0.0459,-0.10421,-0.32509,-0.46345,5.3312,5.4411,5.64321,6.37411,7.40557
2014-04-25,5.351,5.164,5.361000000000001,5.154,42232.0,600971,-0.02951,-0.05577,-0.05732,-0.13775,-0.33505,-0.47928,5.2702,5.42614,5.6299,6.35295,7.38625
2014-04-28,5.154,4.988,5.1739999999999995,4.939,71659.0,600971,-0.03408,-0.05566,-0.0797,-0.18842,-0.33846,-0.51026,5.2114,5.40557,5.61123,6.3322,7.36513
2014-04-29,4.988,5.105,5.145,4.988,45091.0,600971,0.02346,-0.03716,-0.05812,-0.1587,-0.30855,-0.4945,5.172,5.39057,5.59569,6.31368,7.34483
2014-04-30,5.105,5.066,5.125,5.037,31083.0,600971,-0.00764,-0.04089,-0.04631,-0.18224,-0.32372,-0.47762,5.1288,5.37886,5.57748,6.29397,7.326
2014-05-05,5.0760000000000005,5.105,5.125,4.968,33940.0,600971,0.0077,-0.04059,-0.04419,-0.17462,-0.31587,-0.48072,5.0856,5.36762,5.56006,6.2748,7.30678
2014-05-06,5.115,5.096,5.164,5.056,36028.0,600971,-0.00176,-0.01317,-0.07312,-0.16949,-0.32324,-0.45074,5.072,5.34848,5.54329,6.25502,7.28978
2014-05-07,5.066,5.115,5.212999999999999,5.056,57674.0,600971,0.00373,0.02546,-0.04926,-0.15705,-0.31,-0.43053,5.0974,5.33586,5.52792,6.23633,7.27407
2014-05-08,5.125,5.38,5.586,5.086,149479.0,600971,0.05181,0.05387,-0.01627,-0.09868,-0.27031,-0.39133,5.1524,5.33162,5.51842,6.22013,7.26
2014-05-09,5.351,5.41,5.497999999999999,5.2620000000000005,100458.0,600971,0.00558,0.0679,-0.03496,-0.09968,-0.26534,-0.39701,5.2212,5.32229,5.50876,6.20424,7.24552
2014-05-12,5.449,5.95,5.95,5.4,177343.0,600971,0.09982,0.16552,0.06516,-0.02873,-0.19941,-0.34658,5.3902,5.33962,5.50592,6.1922,7.2327
2014-05-13,6.5489999999999995,6.166,6.5489999999999995,6.037999999999999,622660.0,600971,0.0363,0.20997,0.09598,-0.01878,-0.15244,-0.3347,5.6042,5.36533,5.50402,6.18318,7.22009
2014-05-14,6.0089999999999995,5.94,6.136,5.881,358115.0,600971,-0.03665,0.16129,0.07278,-0.04271,-0.18137,-0.35039,5.7692,5.38452,5.49974,6.17248,7.20706
2014-05-15,5.93,5.626,5.968999999999999,5.6160000000000005,217212.0,600971,-0.05286,0.04572,0.00879,-0.09477,-0.23393,-0.36758,5.8184,5.38686,5.49024,6.15851,7.19377
2014-05-16,5.655,5.665,5.773,5.518,186601.0,600971,0.00693,0.04713,0.03964,-0.08996,-0.20747,-0.37459,5.8694,5.39714,5.48121,6.14646,7.17998
2014-05-19,5.6160000000000005,5.586,5.665,5.449,110852.0,600971,-0.01395,-0.06118,0.02139,-0.11108,-0.22481,-0.38528,5.7966,5.40271,5.46995,6.13328,7.16574
2014-05-20,5.6160000000000005,5.497999999999999,5.655,5.468999999999999,94294.0,600971,-0.01575,-0.10834,0.01085,-0.10978,-0.24932,-0.37995,5.663,5.40552,5.45902,6.11844,7.15205
2014-05-21,5.468999999999999,5.7139999999999995,5.792999999999999,5.468999999999999,230559.0,600971,0.03929,-0.03805,0.0448,-0.08061,-0.23823,-0.35841,5.6178,5.41719,5.45094,6.10391,7.13907
2014-05-22,5.626,5.547000000000001,5.694,5.518,142071.0,600971,-0.02923,-0.01404,0.05017,-0.1046,-0.25363,-0.3889,5.602,5.42981,5.44048,6.08859,7.12472
2014-05-23,5.586,5.557,5.6160000000000005,5.478,76709.0,600971,0.0018,-0.01906,0.0481,-0.08118,-0.25429,-0.44341,5.5804,5.44195,5.43256,6.07318,7.10673
2014-05-26,5.586,5.577000000000001,5.636,5.528,71077.0,600971,0.0036,-0.00161,0.05585,-0.03729,-0.26328,-0.45141,5.5786,5.456,5.42908,6.05698,7.08807
2014-05-27,5.567,5.478,5.577000000000001,5.459,69534.0,600971,-0.01775,-0.00364,0.02951,-0.02803,-0.2697,-0.45805,5.5746,5.46348,5.42653,6.04053,7.06925
2014-05-28,5.478,5.537000000000001,5.586,5.449,88458.0,600971,0.01077,-0.03098,0.07223,-0.01582,-0.25397,-0.45427,5.5392,5.48124,5.4251,6.0252,7.05052
2014-05-29,5.537000000000001,5.331,5.557,5.331,129886.0,600971,-0.0372,-0.03894,0.06877,-0.03037,-0.2827,-0.45669,5.496,5.49757,5.4224,6.00812,7.0323
2014-05-30,5.312,5.331,5.41,5.292000000000001,81818.0,600971,0.0,-0.04067,0.04427,-0.03037,-0.29577,-0.46195,5.4508,5.50833,5.41971,5.98992,7.0137
2014-06-03,5.351,5.341,5.478,5.331,79939.0,600971,0.00188,-0.04232,0.05428,-0.03208,-0.30528,-0.46402,5.4036,5.52143,5.41685,5.97084,6.9949
2014-06-04,5.312,5.282,5.4,5.233,64814.0,600971,-0.01105,-0.03578,0.03467,-0.03419,-0.30764,-0.49877,5.3644,5.52986,5.41384,5.95176,6.97353
2014-06-05,5.321000000000001,5.3020000000000005,5.321000000000001,5.212999999999999,69765.0,600971,0.00379,-0.04244,0.04042,-0.04244,-0.27509,-0.48709,5.3174,5.53967,5.41005,5.9354,6.95307
2014-06-06,5.282,5.2620000000000005,5.3020000000000005,5.212999999999999,44552.0,600971,-0.00754,-0.01294,0.02874,-0.03943,-0.29388,-0.49095,5.3036,5.54667,5.40656,5.91759,6.93243
2014-06-09,5.272,5.223,5.292000000000001,5.212999999999999,39063.0,600971,-0.00741,-0.02026,-0.02918,-0.03971,-0.30729,-0.49148,5.282,5.53919,5.40308,5.89876,6.91191
2014-06-10,5.223,5.312,5.321000000000001,5.212999999999999,67679.0,600971,0.01704,-0.00543,-0.01811,0.04239,-0.29735,-0.48231,5.2762,5.53452,5.40656,5.88048,6.8918
2014-06-11,5.3020000000000005,5.292000000000001,5.312,5.233,52647.0,600971,-0.00377,0.00189,-0.11059,0.02678,-0.30542,-0.46637,5.2782,5.50319,5.40879,5.86156,6.873
2014-06-12,5.282,5.252999999999999,5.341,5.233,56714.0,600971,-0.00737,-0.00924,-0.14807,0.01331,-0.31584,-0.48129,5.2684,5.45971,5.4099,5.84185,6.85318
2014-06-13,5.242999999999999,5.272,5.341,5.233,111622.0,600971,0.00362,0.0019,-0.11246,0.00362,-0.31157,-0.47448,5.2704,5.4279,5.41021,5.82245,6.83383
2014-06-16,5.292000000000001,5.3020000000000005,5.321000000000001,5.252999999999999,70646.0,600971,0.00569,0.01513,-0.05759,0.03454,-0.29222,-0.45809,5.2862,5.41248,5.41306,5.80465,6.81561
2014-06-17,5.2620000000000005,5.204,5.3020000000000005,5.204,64591.0,600971,-0.01848,-0.02033,-0.08138,-0.0129,-0.29978,-0.4297,5.2646,5.39052,5.41197,5.78654,6.79967
2014-06-18,5.204,5.272,5.331,5.164,89206.0,600971,0.01307,-0.00378,-0.05621,0.00745,-0.28882,-0.41861,5.2606,5.37557,5.4126,5.76913,6.78424
2014-06-19,5.223,5.056,5.242999999999999,5.027,69939.0,600971,-0.04097,-0.0375,-0.08039,-0.03197,-0.29836,-0.4335,5.2212,5.35452,5.4099,5.75165,6.76852
2014-06-20,5.047,5.105,5.1739999999999995,5.047,44062.0,600971,0.00969,-0.03168,-0.10658,0.00177,-0.29068,-0.42923,5.1878,5.32552,5.41005,5.73464,6.75291
2014-06-23,5.145,5.184,5.223,5.0760000000000005,57469.0,600971,0.01548,-0.02226,-0.06544,-0.07528,-0.2787,-0.43529,5.1642,5.30824,5.40324,5.71836,6.73667
2014-06-24,5.164,5.223,5.2620000000000005,5.125,55030.0,600971,0.00752,0.00365,-0.0601,-0.06179,-0.26931,-0.40158,5.168,5.29233,5.39769,5.70271,6.72242
2014-06-25,5.223,5.204,5.37,5.105,86218.0,600971,-0.00364,-0.0129,-0.06688,-0.06688,-0.25241,-0.40246,5.1544,5.27457,5.39168,5.68842,6.70817
2014-06-26,5.194,5.204,5.252999999999999,5.154,64939.0,600971,0.0,0.02927,-0.05002,-0.05002,-0.24492,-0.3464,5.184,5.26152,5.38726,5.6747,6.69696
2014-06-27,5.204,5.184,5.242999999999999,5.1739999999999995,49477.0,600971,-0.00384,0.01548,-0.06375,-0.04354,-0.25,-0.32997,5.1998,5.24471,5.38345,5.66065,6.68658
2014-06-30,5.194,5.242999999999999,5.312,5.184,74097.0,600971,0.01138,0.01138,-0.01651,-0.03266,-0.23382,-0.31883,5.2116,5.24052,5.3806,5.64764,6.67661
2014-07-01,5.242999999999999,5.282,5.331,5.223,69733.0,600971,0.00744,0.0113,-0.00919,-0.00565,-0.20536,-0.29676,5.2234,5.23819,5.38011,5.63654,6.66754
2014-07-02,5.282,5.39,5.468999999999999,5.252999999999999,116532.0,600971,0.02045,0.03574,0.00917,0.00917,-0.21014,-0.28704,5.2606,5.24052,5.3809,5.62489,6.65872
2014-07-03,5.4,5.39,5.42,5.321000000000001,72589.0,600971,0.0,0.03574,0.02045,-0.01964,-0.23438,-0.28047,5.2978,5.24567,5.37916,5.61147,6.65018
2014-07-04,5.41,5.57,5.58,5.34,154857.0,600971,0.0334,0.07446,0.05055,0.03532,-0.20429,-0.26893,5.375,5.25843,5.38223,5.59985,6.64185
2014-07-07,5.51,5.57,5.72,5.51,209364.0,600971,0.0,0.06237,0.05853,0.01847,-0.17664,-0.26797,5.4404,5.2731,5.38385,5.59013,6.63357
2014-07-08,6.08,5.7,6.08,5.6,250323.0,600971,0.02334,0.07914,0.09133,0.01677,-0.1462,-0.27518,5.524,5.29581,5.38537,5.5822,6.62477
2014-07-09,5.75,5.71,5.85,5.61,224283.0,600971,0.00175,0.05937,0.07492,0.0222,-0.1067,-0.26103,5.588,5.31476,5.38737,5.57665,6.61657
2014-07-10,5.66,5.67,5.8,5.59,206672.0,600971,-0.00701,0.05195,0.07143,0.00782,-0.1142,-0.20455,5.644,5.33276,5.38808,5.57071,6.61064
2014-07-11,5.64,5.69,5.74,5.58,154281.0,600971,0.00353,0.02154,0.08319,0.02763,-0.09018,-0.20497,5.668,5.35357,5.39055,5.56612,6.60468
2014-07-14,5.64,5.72,5.72,5.62,126362.0,600971,0.00527,0.02693,0.08498,0.02564,-0.08685,-0.23845,5.698,5.3749,5.39285,5.5617,6.5974
2014-07-15,5.74,5.77,5.88,5.7,171454.0,600971,0.00874,0.01228,0.08827,0.05891,-0.06422,-0.26262,5.712,5.39719,5.39803,5.55848,6.58904
2014-07-16,5.76,5.65,5.78,5.64,80265.0,600971,-0.0208,-0.01051,0.0857,0.0331,-0.0822,-0.24967,5.7,5.41843,5.40095,5.55437,6.5814
2014-07-17,5.65,5.55,5.67,5.53,67519.0,600971,-0.0177,-0.02116,0.05273,0.02041,-0.10972,-0.26684,5.676,5.43167,5.40274,5.5488,6.57319
2014-07-18,5.54,5.56,5.63,5.52,60652.0,600971,0.0018,-0.02285,0.09968,0.01664,-0.09828,-0.26929,5.65,5.45567,5.40421,5.54388,6.56486
2014-07-21,5.55,5.51,5.59,5.51,45510.0,600971,-0.00899,-0.03671,0.07933,0.04317,-0.11057,-0.28414,5.608,5.47495,5.40789,5.53831,6.55597
2014-07-22,5.5,5.63,5.68,5.5,108335.0,600971,0.02178,-0.02426,0.08603,0.06186,-0.06307,-0.25529,5.58,5.49619,5.41318,5.53523,6.54813
2014-07-23,5.62,5.66,5.8,5.6,115221.0,600971,0.00533,0.00177,0.08367,0.07156,-0.04714,-0.22614,5.582,5.517,5.41927,5.53295,6.5414
2014-07-24,5.68,5.87,5.93,5.66,194547.0,600971,0.0371,0.05766,0.12798,0.10318,-0.01987,-0.19644,5.646,5.54871,5.42813,5.53198,6.53557
2014-07-25,5.85,5.94,6.04,5.78,178754.0,600971,0.01193,0.06835,0.14143,0.15027,-0.03352,-0.21021,5.722,5.58376,5.44065,5.53031,6.52914
2014-07-28,5.96,6.12,6.36,5.93,228868.0,600971,0.0303,0.11071,0.18056,0.22694,0.00857,-0.16994,5.844,5.62833,5.4589,5.53073,6.52405
2014-07-29,6.12,6.08,6.17,6.01,144218.0,600971,-0.00654,0.07993,0.15964,0.19099,-0.01856,-0.18521,5.934,5.66819,5.47463,5.5298,6.51843
2014-07-30,6.09,6.16,6.37,6.06,196707.0,600971,0.01316,0.08834,0.16622,0.21595,-0.00404,-0.15893,6.034,5.71,5.49227,5.52959,6.5137
2014-07-31,6.15,6.28,6.33,6.1,151479.0,600971,0.01948,0.06985,0.16512,0.23017,0.02347,-0.12143,6.116,5.75238,5.51123,5.53076,6.51017
2014-08-01,6.2,6.27,6.5,6.16,246472.0,600971,-0.00159,0.05556,0.16327,0.23038,0.03329,-0.12989,6.182,5.79429,5.53016,5.53241,6.50637
2014-08-04,6.24,6.41,6.44,6.18,209186.0,600971,0.02233,0.04739,0.15081,0.25318,0.07388,-0.12599,6.24,5.83429,5.55105,5.53599,6.50261
2014-08-05,6.42,6.47,6.8,6.39,331413.0,600971,0.00936,0.06414,0.16158,0.2026,0.07672,-0.1363,6.318,5.87714,5.56863,5.53974,6.49846
2014-08-06,6.45,6.47,6.53,6.31,151262.0,600971,0.0,0.05032,0.13509,0.19593,0.05615,-0.14077,6.38,5.91381,5.58573,5.54254,6.49415
2014-08-07,6.48,6.26,6.54,6.25,131463.0,600971,-0.03246,-0.00318,0.09632,0.0521,-0.00382,-0.23453,6.376,5.94,5.59073,5.54234,6.48635
2014-08-08,6.26,6.25,6.31,6.18,93268.0,600971,-0.0016,-0.00319,0.10229,0.01362,0.00725,-0.23855,6.372,5.96762,5.59208,5.54271,6.47839
2014-08-11,6.26,6.31,6.35,6.22,99055.0,600971,0.0096,-0.0156,0.10896,0.06229,0.01529,-0.22377,6.352,5.99714,5.59805,5.54348,6.471
2014-08-12,6.28,6.24,6.32,6.2,81636.0,600971,-0.01109,-0.03555,0.09091,0.10914,0.00241,-0.21341,6.306,6.0219,5.60795,5.5436,6.46412
2014-08-13,6.24,6.38,6.41,6.13,224226.0,600971,0.02244,-0.01391,0.10572,0.12621,0.01528,-0.21516,6.288,6.05095,5.61948,5.54438,6.45701
2014-08-14,6.34,6.19,6.34,6.17,107893.0,600971,-0.02978,-0.01118,0.09558,0.10813,0.00227,-0.29555,6.274,6.07667,5.62923,5.5445,6.44645
2014-08-15,6.18,6.29,6.36,6.18,109223.0,600971,0.01616,0.0064,0.13333,0.14405,0.01207,-0.25939,6.282,6.1119,5.642,5.54511,6.4375
2014-08-18,6.25,6.37,6.44,6.25,85321.0,600971,0.01272,0.00951,0.14568,0.11481,0.02825,-0.23584,6.294,6.15048,5.65258,5.54653,6.4295
2014-08-19,6.37,6.45,6.62,6.35,153682.0,600971,0.01256,0.03365,0.1706,0.16279,0.06647,-0.21226,6.336,6.19524,5.66715,5.5498,6.42244
2014-08-20,6.45,6.38,6.46,6.35,95751.0,600971,-0.01085,0.0,0.13321,0.1481,0.10133,-0.21235,6.336,6.23095,5.68042,5.55457,6.41545
2014-08-21,6.36,6.28,6.43,6.22,98377.0,600971,-0.01567,0.01454,0.10954,0.12605,0.11427,-0.23489,6.354,6.26048,5.69176,5.5598,6.40761
2014-08-22,6.28,6.28,6.31,6.18,96601.0,600971,0.0,-0.00159,0.06985,0.1464,0.11625,-0.21803,6.352,6.28,5.70469,5.56512,6.40049
2014-08-25,6.28,6.16,6.28,6.12,80002.0,600971,-0.01911,-0.03297,0.03704,0.11252,0.12041,-0.24593,6.31,6.29048,5.71474,5.5705,6.39233
2014-08-26,6.16,5.97,6.22,5.96,86734.0,600971,-0.03084,-0.07442,-0.02451,0.11986,0.08585,-0.25848,6.214,6.28333,5.72505,5.57434,6.38387
2014-08-27,5.96,5.97,6.04,5.95,57637.0,600971,0.0,-0.06426,-0.01809,0.11986,0.08191,-0.24277,6.132,6.2781,5.73535,5.57802,6.37609
2014-08-28,5.98,5.98,6.1,5.96,65606.0,600971,0.00168,-0.04777,-0.02922,0.11964,0.09344,-0.25816,6.072,6.26952,5.74566,5.58217,6.36763
2014-08-29,5.99,6.04,6.05,5.87,48286.0,600971,0.01003,-0.03822,-0.03822,0.14351,0.09084,-0.25616,6.024,6.2581,5.75789,5.58626,6.35917
2014-09-01,6.07,6.1,6.12,6.0,51191.0,600971,0.00993,-0.00974,-0.02711,0.15051,0.11355,-0.25863,6.012,6.25,5.77076,5.59132,6.35052
2014-09-02,6.1,6.2,6.21,6.09,82719.0,600971,0.01639,0.03853,-0.03276,0.17826,0.13992,-0.22325,6.058,6.24,5.78589,5.5975,6.34328
2014-09-03,6.23,6.24,6.35,6.21,113161.0,600971,0.00645,0.04523,-0.03555,0.19472,0.22449,-0.21242,6.112,6.22905,5.80229,5.6068,6.33643
2014-09-04,6.24,6.31,6.33,6.23,89895.0,600971,0.01122,0.05518,-0.02473,0.18788,0.22429,-0.20947,6.178,6.22143,5.81839,5.6162,6.32964
2014-09-05,6.33,6.32,6.36,6.25,130328.0,600971,0.00158,0.04636,0.00958,0.19426,0.21914,-0.21403,6.234,6.22429,5.83497,5.62544,6.32264
2014-09-09,6.32,6.32,6.43,6.23,133945.0,600971,0.0,0.03607,0.0112,0.20312,0.20312,-0.2391,6.278,6.22762,5.85218,5.63411,6.31457
2014-09-10,6.28,6.26,6.29,6.2,93033.0,600971,-0.00949,0.00968,-0.00792,0.18741,0.22146,-0.22429,6.29,6.22524,5.86811,5.64334,6.30721
2014-09-11,6.26,6.25,6.37,6.21,108012.0,600971,-0.0016,0.0016,0.0016,0.1788,0.18551,-0.22649,6.292,6.22571,5.8834,5.65129,6.29977
2014-09-12,6.23,6.33,6.33,6.22,73573.0,600971,0.0128,0.00317,-0.00784,0.21637,0.20963,-0.23245,6.296,6.22333,5.90156,5.66021,6.29198
2014-09-15,6.33,6.45,6.49,6.32,165580.0,600971,0.01896,0.02057,0.042,0.22344,0.23492,-0.23342,6.322,6.23571,5.92056,5.67019,6.284
2014-09-16,6.49,6.25,6.52,6.25,152303.0,600971,-0.03101,-0.01108,-0.00636,0.23616,0.22645,-0.27987,6.308,6.23381,5.93982,5.67957,6.27412
2014-09-17,6.23,6.23,6.3,6.14,108511.0,600971,-0.0032,-0.00479,-0.02198,0.22037,0.11131,-0.27313,6.302,6.22714,5.95797,5.68464,6.26461
2014-09-18,6.23,6.37,6.45,6.21,150784.0,600971,0.02247,0.0192,-0.0124,0.22878,0.14424,-0.23584,6.326,6.22333,5.9771,5.69117,6.25661
2014-09-19,6.35,6.55,6.57,6.33,222350.0,600971,0.02826,0.03476,0.02665,0.25407,0.17447,-0.21046,6.37,6.23143,5.9985,5.69908,6.24952
2014-09-22,6.55,6.76,7.2,6.42,382315.0,600971,0.03206,0.04806,0.07643,0.299,0.23403,-0.15309,6.432,6.25429,6.0236,5.7095,6.24455
2014-09-23,6.68,6.77,6.84,6.6,206215.0,600971,0.00148,0.0832,0.07803,0.30092,0.24908,-0.1529,6.536,6.27762,6.04885,5.72048,6.23958
2014-09-24,6.71,7.0,7.09,6.63,333634.0,600971,0.03397,0.1236,0.13636,0.35031,0.29151,-0.13259,6.69,6.31762,6.07815,5.73333,6.23523
2014-09-25,6.95,6.86,7.05,6.79,248177.0,600971,-0.02,0.07692,0.14908,0.30841,0.29142,-0.13526,6.788,6.36,6.10423,5.74591,6.23087
2014-09-26,6.81,6.8,6.9,6.76,122856.0,600971,-0.00875,0.03817,0.13903,0.28739,0.27317,-0.14065,6.838,6.39952,6.12871,5.75777,6.22635
2014-09-29,6.8,6.86,6.95,6.75,182485.0,600971,0.00882,0.01479,0.14716,0.27273,0.24773,-0.10537,6.858,6.44143,6.15242,5.76885,6.22306
2014-09-30,7.04,6.88,7.14,6.86,270125.0,600971,0.00292,0.01625,0.13907,0.27644,0.27881,-0.11523,6.88,6.48143,6.17645,5.78104,6.21942
2014-10-08,6.85,6.91,6.94,6.72,166667.0,600971,0.00436,-0.01286,0.13279,0.24057,0.26349,-0.11806,6.862,6.52,6.19806,5.79276,6.21566
2014-10-09,6.9,7.08,7.09,6.78,224446.0,600971,0.0246,0.03207,0.14194,0.2711,0.26293,-0.10198,6.906,6.5619,6.22242,5.80474,6.21239
2014-10-10,7.16,7.14,7.38,7.02,240354.0,600971,0.00847,0.05,0.14423,0.25263,0.2782,-0.09207,6.974,6.60476,6.24565,5.81737,6.20945
2014-10-13,7.13,7.56,7.75,7.08,401722.0,600971,0.05882,0.10204,0.1981,0.32399,0.34376,-0.03866,7.114,6.66429,6.27548,5.8331,6.20821
2014-10-14,7.5,7.46,7.75,7.32,296472.0,600971,-0.01323,0.0843,0.18038,0.3157,0.3473,-0.0654,7.23,6.71857,6.30435,5.84873,6.20609
2014-10-15,7.41,7.31,7.46,7.23,152445.0,600971,-0.02011,0.05789,0.15665,0.28471,0.31074,-0.09204,7.31,6.76571,6.33048,5.86282,6.20308
2014-10-16,7.26,7.0,7.34,6.97,170505.0,600971,-0.04241,-0.0113,0.11821,0.22378,0.28464,-0.12522,7.294,6.80095,6.35113,5.87543,6.199
2014-10-17,6.95,6.85,7.0,6.76,131225.0,600971,-0.02143,-0.04062,0.096,0.18718,0.25251,-0.1135,7.236,6.82952,6.36855,5.88666,6.19544
2014-10-20,6.86,6.9,6.93,6.81,65482.0,600971,0.0073,-0.0873,0.09005,0.22124,0.26862,-0.12702,7.104,6.85667,6.38871,5.89854,6.19136
2014-10-21,6.91,6.69,6.94,6.68,102075.0,600971,-0.03043,-0.10322,0.03721,0.20541,0.22326,-0.14286,6.95,6.8681,6.4071,5.90846,6.18683
2014-10-22,6.66,6.64,6.82,6.61,86825.0,600971,-0.00747,-0.09166,0.0624,0.19424,0.2571,-0.18227,6.816,6.88667,6.42452,5.9195,6.18081
2014-10-23,6.61,6.55,6.69,6.49,86157.0,600971,-0.01355,-0.06429,0.05136,0.18875,0.23538,-0.20577,6.726,6.9019,6.44129,5.92965,6.17391
2014-10-24,6.57,6.59,6.64,6.53,61633.0,600971,0.00611,-0.03796,0.03454,0.17052,0.24763,-0.19032,6.674,6.91238,6.45677,5.94028,6.16761
2014-10-27,6.59,6.53,6.62,6.48,63009.0,600971,-0.0091,-0.05362,-0.00305,0.15371,0.22721,-0.17174,6.6,6.91143,6.47081,5.95011,6.16211
2014-10-28,6.54,6.71,6.72,6.54,85681.0,600971,0.02757,0.00299,-0.0074,0.1431,0.29938,-0.13598,6.604,6.90905,6.48435,5.96268,6.15782
2014-10-29,6.73,6.81,6.88,6.65,122423.0,600971,0.0149,0.0256,0.00591,0.14646,0.36528,-0.09682,6.638,6.91095,6.49839,5.9775,6.15485
2014-10-30,6.81,6.84,6.9,6.73,159420.0,600971,0.00441,0.04427,-0.02286,0.11765,0.33986,-0.07355,6.696,6.90333,6.51,5.9916,6.15264
2014-10-31,6.83,7.02,7.12,6.79,247805.0,600971,0.02632,0.06525,0.02332,0.15461,0.38571,-0.06288,6.782,6.91095,6.52516,6.00749,6.15073
2014-11-03,7.04,7.05,7.2,6.99,204274.0,600971,0.00427,0.07963,0.03676,0.14448,0.381,-0.05521,6.886,6.92286,6.53952,6.0233,6.14905
2014-11-04,7.01,7.15,7.22,7.0,251862.0,600971,0.01418,0.06557,0.04227,0.13854,0.40306,-0.05046,6.974,6.93667,6.55355,6.04,6.14751
2014-11-05,7.16,6.96,7.16,6.94,168896.0,600971,-0.02657,0.02203,0.01163,0.11005,0.3607,-0.06111,7.004,6.94048,6.56468,6.055,6.14567
2014-11-06,6.96,7.02,7.05,6.91,101956.0,600971,0.00862,0.02632,0.01592,0.09516,0.30483,-0.04788,7.04,6.94571,6.57452,6.06833,6.14423
2014-11-07,7.03,6.88,7.15,6.82,132461.0,600971,-0.01994,-0.01994,-0.02825,0.06337,0.27172,-0.06573,7.012,6.93619,6.58113,6.08028,6.14226
2014-11-10,6.89,6.99,7.02,6.88,103602.0,600971,0.01599,-0.00851,-0.02101,0.08037,0.17479,-0.05947,7.0,6.92905,6.58952,6.08874,6.14047
2014-11-11,7.03,7.11,7.23,6.89,351461.0,600971,0.01717,-0.00559,-0.05952,0.13578,0.1531,-0.02268,6.992,6.90762,6.60323,6.09641,6.1398
2014-11-12,7.11,7.41,7.42,7.06,373207.0,600971,0.04219,0.06466,-0.0067,0.1856,0.24747,0.02122,7.082,6.90524,6.62194,6.10837,6.14042
2014-11-13,7.43,7.3,7.44,7.23,186368.0,600971,-0.01484,0.03989,-0.00137,0.15689,0.29755,-0.00599,7.138,6.90476,6.6379,6.12198,6.14024
2014-11-14,7.27,7.27,7.39,7.18,116741.0,600971,-0.00411,0.05669,0.03857,0.16506,0.28332,0.01707,7.216,6.91762,6.65452,6.13502,6.14074
2014-11-17,7.33,7.16,7.34,7.13,82365.0,600971,-0.01513,0.02432,0.04526,0.12226,0.28178,-0.00638,7.25,6.93238,6.6671,6.14782,6.14055
2014-11-18,7.11,7.02,7.17,6.97,98875.0,600971,-0.01955,-0.01266,0.01739,0.13409,0.27683,-0.04151,7.232,6.9381,6.68048,6.1602,6.13932
2014-11-19,7.04,7.05,7.07,6.99,55911.0,600971,0.00427,-0.04858,0.05381,0.12083,0.23381,-0.06013,7.16,6.95524,6.69274,6.17106,6.13748
2014-11-20,7.02,7.01,7.12,7.0,71046.0,600971,-0.00567,-0.03973,0.05572,0.10047,0.26375,-0.05678,7.102,6.97286,6.70306,6.18295,6.13577
2014-11-21,7.01,7.05,7.06,6.91,82129.0,600971,0.00571,-0.03026,0.07634,0.09302,0.26867,-0.05395,7.058,6.99667,6.71274,6.19509,6.13413
2014-11-24,7.07,7.26,7.38,7.07,195285.0,600971,0.02979,0.01397,0.10167,0.13793,0.30178,-0.04095,7.078,7.02857,6.72694,6.20877,6.13287
2014-11-25,7.28,7.43,7.47,7.23,218877.0,600971,0.02342,0.0584,0.13783,0.18312,0.35633,-0.00947,7.16,7.07143,6.74548,6.22464,6.13259
2014-11-26,7.41,7.4,7.49,7.29,172223.0,600971,-0.00404,0.04965,0.10283,0.17834,0.33646,-0.00296,7.23,7.10429,6.76355,6.23979,6.1325
2014-11-27,7.44,7.44,7.67,7.35,235177.0,600971,0.00541,0.06134,0.09251,0.20779,0.39561,0.00108,7.316,7.13429,6.78419,6.25693,6.13253
2014-11-28,7.44,7.36,7.46,7.17,209271.0,600971,-0.01075,0.04397,0.07602,0.23283,0.3806,-0.02774,7.378,7.15905,6.80661,6.27343,6.13167
2014-12-01,7.29,7.46,7.75,7.26,360064.0,600971,0.01359,0.02755,0.06268,0.24958,0.39674,-0.02966,7.418,7.18,6.83065,6.29066,6.13075
2014-12-02,7.51,7.55,7.63,7.36,213632.0,600971,0.01206,0.01615,0.07092,0.26254,0.42938,-0.01036,7.442,7.20381,6.85597,6.3091,6.13043
2014-12-03,7.55,7.84,7.99,7.53,380584.0,600971,0.03841,0.05946,0.0965,0.29801,0.47869,0.07192,7.53,7.23667,6.885,6.32973,6.13257
2014-12-04,7.95,8.62,8.62,7.95,566012.0,600971,0.09949,0.1586,0.23851,0.41311,0.63816,0.15674,7.766,7.31571,6.92565,6.35703,6.13731
2014-12-05,8.7,8.29,8.79,8.0,728064.0,600971,-0.03828,0.12636,0.18091,0.3371,0.58721,0.09947,7.952,7.37619,6.95935,6.38197,6.14036
2014-12-08,8.01,8.33,8.54,7.91,421777.0,600971,0.00483,0.11662,0.21076,0.33494,0.56815,0.10185,8.126,7.44524,6.99306,6.4065,6.14349
2014-12-09,8.16,7.85,8.7,7.8,478237.0,600971,-0.05762,0.03974,0.12303,0.24406,0.48337,0.03032,8.186,7.48619,7.0179,6.4273,6.14443
2014-12-10,7.81,8.03,8.07,7.62,214699.0,600971,0.02293,0.02423,0.1294,0.27057,0.52865,0.04585,8.224,7.53,7.04548,6.44988,6.14586
2014-12-11,7.9,8.01,8.12,7.83,184216.0,600971,-0.00249,-0.07077,0.08097,0.26741,0.51935,0.04597,8.102,7.55857,7.07274,6.47214,6.14729
2014-12-12,8.02,8.11,8.18,7.88,180262.0,600971,0.01248,-0.02171,0.11096,0.29553,0.52961,0.08263,8.066,7.59714,7.10258,6.49497,6.14981
2014-12-15,8.09,7.97,8.09,7.82,157277.0,600971,-0.01726,-0.04322,0.09629,0.2752,0.53151,0.07239,7.994,7.63048,7.13032,6.51746,6.152
2014-12-16,7.89,8.29,8.34,7.8,361321.0,600971,0.04015,0.05605,0.15782,0.30964,0.57246,0.11831,8.082,7.68429,7.16194,6.54199,6.15556
2014-12-17,8.22,8.07,8.23,7.97,218442.0,600971,-0.02654,0.00498,0.14957,0.25116,0.59612,0.1199,8.09,7.73429,7.18806,6.5665,6.15907
2014-12-18,8.05,8.03,8.3,8.0,178902.0,600971,-0.00496,0.0025,0.13901,0.2848,0.57297,0.11574,8.094,7.78095,7.21677,6.59028,6.16246
2014-12-19,7.96,8.43,8.6,7.9,390566.0,600971,0.04981,0.03946,0.20257,0.35313,0.62616,0.17295,8.158,7.84857,7.25226,6.61667,6.16751
2014-12-22,8.45,8.77,9.05,8.44,496011.0,600971,0.04033,0.10038,0.24397,0.37677,0.67911,0.22692,8.318,7.93048,7.29097,6.6455,6.17411
2014-12-23,8.6,8.19,8.64,8.0,216478.0,600971,-0.06613,-0.01206,0.1281,0.25038,0.57379,0.17656,8.298,7.97476,7.31742,6.66978,6.1791
2014-12-24,8.1,8.2,8.39,8.08,152681.0,600971,0.00122,0.01611,0.10363,0.21302,0.57571,0.18979,8.324,8.01143,7.34065,6.69414,6.18442
2014-12-25,8.3,8.58,8.59,8.23,187275.0,600971,0.04634,0.06849,0.15946,0.26736,0.65509,0.24132,8.434,8.06762,7.36984,6.72175,6.1912
2014-12-26,8.57,8.81,8.89,8.44,358860.0,600971,0.02681,0.04508,0.18414,0.25857,0.68034,0.28745,8.51,8.13286,7.39903,6.75075,6.1992
2014-12-29,8.84,8.64,9.11,8.5,323969.0,600971,-0.0193,-0.01482,0.17391,0.25948,0.63574,0.29983,8.484,8.19381,7.42774,6.77805,6.2073
2014-12-30,8.6,8.38,8.64,8.37,175639.0,600971,-0.03009,0.0232,0.12332,0.23235,0.55473,0.22802,8.522,8.23762,7.45323,6.80236,6.21362
2014-12-31,8.38,8.73,8.74,8.32,169258.0,600971,0.04177,0.06463,0.15629,0.27259,0.61967,0.24006,8.628,8.29381,7.48339,6.82951,6.22049
2015-01-05,8.73,9.6,9.6,8.7,766129.0,600971,0.09966,0.11888,0.22449,0.39535,0.72352,0.37143,8.832,8.37762,7.52726,6.86228,6.23106
2015-01-06,9.71,9.23,9.9,9.13,862661.0,600971,-0.03854,0.04767,0.07077,0.33575,0.65709,0.36438,8.916,8.40667,7.56468,6.89203,6.24108
2015-01-07,9.0,9.25,9.32,8.95,334501.0,600971,0.00217,0.0706,0.1158,0.3065,0.62281,0.38556,9.038,8.45238,7.59968,6.92089,6.25154
2015-01-08,9.19,9.01,9.4,8.91,276489.0,600971,-0.02595,0.07518,0.08163,0.2619,0.57793,0.40957,9.164,8.48476,7.62984,6.94772,6.26219
2015-01-09,8.93,8.79,9.13,8.77,228683.0,600971,-0.02442,0.00687,0.11975,0.1627,0.55026,0.37322,9.176,8.52952,7.64968,6.97309,6.2719
2015-01-12,8.7,8.52,8.7,8.41,184256.0,600971,-0.03072,-0.1125,0.06102,0.14209,0.49736,0.36233,8.96,8.55286,7.66677,6.9961,6.28111
2015-01-13,8.47,8.52,8.65,8.42,91044.0,600971,0.0,-0.07692,0.06367,0.16553,0.48951,0.36015,8.818,8.57714,7.68629,7.01886,6.29028
2015-01-14,8.53,8.23,8.58,8.19,164050.0,600971,-0.03404,-0.11027,0.0148,0.17571,0.42634,0.33474,8.614,8.58286,7.70613,7.03886,6.29867
2015-01-15,8.25,8.48,8.49,8.16,109738.0,600971,0.03038,-0.05882,0.06399,0.23796,0.50088,0.37752,8.508,8.60714,7.73242,7.06187,6.30812
2015-01-16,8.46,8.47,8.6,8.39,115626.0,600971,-0.00118,-0.03641,0.02171,0.22754,0.52613,0.35868,8.444,8.61571,7.75774,7.08561,6.31721
2015-01-19,8.07,7.86,8.7,7.76,293818.0,600971,-0.07202,-0.07746,-0.02602,0.17489,0.41367,0.27473,8.312,8.60571,7.77661,7.10431,6.32409
2015-01-20,7.88,8.13,8.17,7.88,160640.0,600971,0.03435,-0.04577,0.01245,0.2244,0.4755,0.31235,8.234,8.61048,7.80065,7.12561,6.33196
2015-01-21,8.12,8.38,8.4,8.05,211666.0,600971,0.03075,0.01823,-0.00593,0.27939,0.48845,0.39457,8.264,8.6081,7.83016,7.14797,6.3416
2015-01-22,8.39,8.42,8.6,8.28,153291.0,600971,0.00477,-0.00708,-0.03991,0.27769,0.48763,0.41751,8.252,8.59143,7.85968,7.17041,6.35168
2015-01-23,8.47,8.4,8.6,8.28,208938.0,600971,-0.00238,-0.00826,0.02564,0.28637,0.43101,0.40257,8.238,8.60143,7.88984,7.19098,6.36148
2015-01-26,8.36,8.6,8.73,8.26,247299.0,600971,0.02381,0.09415,0.04878,0.28167,0.44781,0.39928,8.386,8.62048,7.92032,7.2126,6.37146
2015-01-27,8.54,8.57,8.81,8.36,145556.0,600971,-0.00349,0.05412,-0.00117,0.25844,0.40033,0.41233,8.474,8.62,7.94871,7.23252,6.38163
2015-01-28,8.52,8.38,8.54,8.35,101510.0,600971,-0.02217,0.0,-0.04881,0.22515,0.37829,0.3527,8.474,8.59952,7.97355,7.25122,6.39051
2015-01-29,8.25,8.27,8.44,8.16,124370.0,600971,-0.01313,-0.01781,-0.04282,0.17806,0.34253,0.33711,8.444,8.5819,7.99371,7.26837,6.39898
2015-01-30,8.26,8.07,8.34,8.05,79933.0,600971,-0.02418,-0.03929,-0.03699,0.14468,0.28503,0.31519,8.378,8.56714,8.01016,7.28293,6.40685
2015-02-02,8.02,7.91,8.08,7.9,68817.0,600971,-0.01983,-0.08023,-0.09393,0.10629,0.26156,0.30356,8.24,8.5281,8.02242,7.29626,6.41433
2015-02-03,7.98,8.09,8.09,7.92,68598.0,600971,0.02276,-0.05601,-0.15729,0.16236,0.26209,0.35534,8.144,8.45619,8.04065,7.30992,6.42296
2015-02-04,8.2,8.08,8.35,8.08,103025.0,600971,-0.00124,-0.0358,-0.12459,0.151,0.24884,0.34465,8.084,8.40143,8.05774,7.32301,6.43137
2015-02-05,8.17,7.87,8.21,7.85,79770.0,600971,-0.02599,-0.04837,-0.14919,0.1439,0.21638,0.28469,8.004,8.33571,8.07371,7.33439,6.43846
2015-02-06,7.82,7.49,7.9,7.37,128235.0,600971,-0.04828,-0.07187,-0.1687,0.07153,0.19649,0.19192,7.888,8.26333,8.08177,7.34439,6.44337
2015-02-09,7.47,7.47,7.56,7.39,89256.0,600971,-0.00267,-0.05563,-0.15017,0.05063,0.1952,0.20387,7.8,8.20048,8.08758,7.35431,6.44851
2015-02-10,7.46,7.56,7.57,7.45,54955.0,600971,0.01205,-0.06551,-0.11268,0.02024,0.1981,0.21641,7.694,8.15476,8.09,7.36447,6.45398
2015-02-11,7.56,7.59,7.65,7.52,54202.0,600971,0.00397,-0.06064,-0.10915,0.03973,0.21635,0.21928,7.596,8.11048,8.09468,7.37545,6.45952
2015-02-12,7.59,7.72,7.75,7.46,80309.0,600971,0.01713,-0.01906,-0.06197,0.0619,0.21003,0.22852,7.566,8.08619,8.10194,7.38634,6.46536
2015-02-13,7.75,7.74,7.85,7.7,80837.0,600971,0.00259,0.03338,-0.08726,0.08101,0.2504,0.25324,7.616,8.05095,8.11129,7.39894,6.47172
2015-02-16,7.68,7.85,7.85,7.62,87301.0,600971,0.01421,0.05087,-0.0732,0.11823,0.24801,0.26307,7.692,8.02143,8.12468,7.41163,6.47837
2015-02-17,8.2,7.92,8.29,7.91,366790.0,600971,0.00892,0.04762,0.00763,0.1234,0.24333,0.27845,7.764,8.02429,8.13871,7.42423,6.48538
2015-02-25,7.89,7.9,7.96,7.84,52416.0,600971,-0.00253,0.04084,-0.02829,0.12696,0.22481,0.30622,7.826,8.01333,8.15306,7.43602,6.49291
2015-02-26,7.89,8.18,8.2,7.84,110394.0,600971,0.03544,0.05959,-0.02387,0.16028,0.28213,0.41205,7.918,8.00381,8.17129,7.45065,6.50261
2015-02-27,8.09,8.11,8.23,8.04,106158.0,600971,-0.00856,0.0478,-0.03682,0.11708,0.2914,0.43896,7.992,7.98905,8.185,7.46553,6.51267
2015-03-02,8.12,8.66,8.92,8.05,558489.0,600971,0.06782,0.10318,0.03095,0.16555,0.37898,0.53928,8.154,8.00143,8.20484,7.48488,6.525
2015-03-03,8.5,8.58,8.78,8.41,233498.0,600971,-0.00924,0.08333,-0.00233,0.15946,0.39286,0.56057,8.286,8.00048,8.22387,7.50455,6.53753
2015-03-04,8.51,8.63,8.71,8.5,229123.0,600971,0.00583,0.09241,0.007,0.15995,0.44556,0.56966,8.432,8.00333,8.24306,7.52618,6.55026
2015-03-05,8.88,8.32,8.99,8.3,256449.0,600971,-0.03592,0.01711,-0.00716,0.13043,0.39363,0.50779,8.46,8.00048,8.25855,7.54528,6.56165
2015-03-06,8.5,8.97,9.15,8.47,816742.0,600971,0.07813,0.10604,0.08464,0.20241,0.5,0.64015,8.632,8.03381,8.2829,7.56959,6.57588
2015-03-09,8.7,8.8,8.85,8.41,387179.0,600971,-0.01895,0.01617,0.09046,0.16556,0.45695,0.58931,8.66,8.06857,8.30306,7.59203,6.58915
2015-03-10,8.98,8.74,8.98,8.64,325884.0,600971,-0.00682,0.01865,0.10493,0.1148,0.43279,0.59547,8.692,8.1081,8.31758,7.6135,6.60241
2015-03-11,8.68,8.58,8.77,8.47,168373.0,600971,-0.01831,-0.00579,0.06057,-0.00464,0.38387,0.5775,8.682,8.13143,8.31694,7.63285,6.61517
2015-03-12,8.56,8.77,8.86,8.46,362352.0,600971,0.02214,0.05409,0.0854,0.0579,0.40545,0.72096,8.772,8.16429,8.32468,7.65341,6.63011
2015-03-13,8.7,8.72,9.02,8.63,495245.0,600971,-0.0057,-0.02787,0.10801,0.04682,0.38193,0.69189,8.722,8.20476,8.33097,7.67301,6.64461
2015-03-16,8.68,8.83,8.87,8.59,311913.0,600971,0.01261,0.00341,0.17891,0.12484,0.39715,0.70332,8.728,8.26857,8.34677,7.69341,6.65943
2015-03-17,8.83,8.95,8.98,8.76,327950.0,600971,0.01359,0.02403,0.19813,0.11457,0.41614,0.70379,8.77,8.33905,8.36161,7.7148,6.67446
2015-03-18,8.92,9.11,9.13,8.92,362657.0,600971,0.01788,0.06177,0.20503,0.13733,0.45527,0.77756,8.876,8.41286,8.37935,7.73797,6.69065
2015-03-19,9.12,9.11,9.24,9.0,297105.0,600971,0.0,0.03877,0.20026,0.1233,0.4576,0.728,8.944,8.48524,8.39548,7.76122,6.70626
2015-03-20,9.1,9.04,9.18,8.96,303591.0,600971,-0.00768,0.0367,0.17098,0.13425,0.42812,0.7275,9.008,8.5481,8.41274,7.78325,6.72173
2015-03-23,9.1,9.23,9.36,9.03,437546.0,600971,0.02102,0.0453,0.19251,0.11339,0.43101,0.76718,9.088,8.61905,8.4279,7.80585,6.73802
2015-03-24,9.2,9.01,9.23,8.74,324377.0,600971,-0.02384,0.0067,0.14777,0.11648,0.4416,0.76805,9.1,8.67429,8.44306,7.82829,6.75393
2015-03-25,8.92,8.91,9.0,8.82,181910.0,600971,-0.0111,-0.02195,0.125,0.10959,0.43018,0.58937,9.06,8.72143,8.45726,7.85008,6.76736
2015-03-26,8.9,9.15,9.24,8.84,284922.0,600971,0.02694,0.00439,0.15823,0.08541,0.43642,0.64361,9.068,8.78095,8.46887,7.87268,6.78193
2015-03-27,9.14,9.2,9.34,9.12,261554.54,600971,0.00546,0.0177,0.12469,0.04903,0.40458,0.64963,9.1,8.82952,8.47581,7.89423,6.79665
2015-03-30,9.24,9.39,9.65,9.17,441152.0,600971,0.02065,0.01733,0.15783,0.14652,0.38905,0.71413,9.132,8.89048,8.49516,7.91561,6.81256
2015-03-31,9.41,9.11,9.49,9.09,286144.0,600971,-0.02982,0.0111,0.05196,0.11098,0.34564,0.68081,9.152,8.9119,8.50984,7.93463,6.82756
2015-04-01,9.13,9.3,9.42,9.02,333372.0,600971,0.02086,0.04377,0.08392,0.08392,0.32857,0.71587,9.23,8.94619,8.52145,7.95333,6.84333
2015-04-02,9.35,9.41,9.48,9.18,269864.0,600971,0.01183,0.02842,0.09038,0.0681,0.37172,0.77146,9.282,8.98333,8.53113,7.97407,6.85999
2015-04-03,9.35,9.51,9.58,9.28,296225.0,600971,0.01063,0.0337,0.14303,0.10069,0.39853,0.78057,9.344,9.04,8.54516,7.9961,6.87693
2015-04-07,9.55,9.76,9.85,9.52,359582.0,600971,0.02629,0.0394,0.08807,0.16468,0.42274,0.77519,9.418,9.07762,8.56742,8.01967,6.89426
2015-04-08,9.7,9.53,9.74,9.35,315724.0,600971,-0.02357,0.0461,0.08295,0.09164,0.38517,0.77138,9.502,9.11238,8.58032,8.04122,6.91113
2015-04-09,9.48,9.3,9.5,9.0,261768.0,600971,-0.02413,0.0,0.06407,-0.03125,0.34588,0.70049,9.502,9.13905,8.57548,8.06065,6.9267
2015-04-10,9.34,9.57,9.63,9.24,260771.0,600971,0.02903,0.017,0.11538,0.03684,0.35169,0.7071,9.534,9.18619,8.58097,8.08089,6.94282
2015-04-13,9.53,9.71,9.82,9.53,328593.0,600971,0.01463,0.02103,0.10718,0.04973,0.35994,0.73827,9.574,9.23095,8.58839,8.10179,6.95958
2015-04-14,9.72,9.63,9.98,9.58,349898.0,600971,-0.00824,-0.01332,0.10436,0.06881,0.27381,0.7117,9.548,9.27429,8.59839,8.11862,6.97586
2015-04-15,9.73,9.22,9.86,9.2,266511.0,600971,-0.04258,-0.03253,0.04417,0.04892,0.23592,0.66516,9.486,9.29286,8.60532,8.13293,6.99083
2015-04-16,9.17,9.47,9.57,9.09,225912.0,600971,0.02711,0.01828,0.0581,0.1115,0.29549,0.69805,9.52,9.31762,8.62065,8.15049,7.00665
2015-04-17,9.53,9.68,9.82,9.51,393312.0,600971,0.02218,0.01149,0.06257,0.13615,0.38286,0.77647,9.542,9.34476,8.63935,8.17228,7.02385
2015-04-20,9.71,9.7,10.58,9.57,838931.0,600971,0.00207,-0.00103,0.06476,0.17861,0.41606,0.77363,9.54,9.37286,8.66306,8.19545,7.04105
2015-04-21,9.7,10.06,10.17,9.6,464926.0,600971,0.03711,0.04465,0.11283,0.18632,0.45797,0.8496,9.626,9.42143,8.68855,8.22114,7.05984
2015-04-22,10.07,10.23,10.41,10.02,491881.0,600971,0.0169,0.10954,0.10834,0.20779,0.52915,0.87054,9.828,9.46905,8.71694,8.24992,7.07919
2015-04-23,10.25,10.47,10.8,10.11,616179.0,600971,0.02346,0.1056,0.16204,0.33206,0.57681,0.9822,10.028,9.53857,8.75903,8.28106,7.10028
2015-04-24,10.25,10.49,10.84,10.15,466600.0,600971,0.00191,0.08368,0.17733,0.29028,0.60153,0.9785,10.19,9.61381,8.7971,8.31309,7.12137
2015-04-27,10.49,10.73,10.87,10.38,425061.0,600971,0.02288,0.10619,0.17268,0.28043,0.62822,1.03143,10.396,9.68905,8.835,8.34675,7.14352
2015-04-28,10.7,10.28,10.86,10.11,358933.0,600971,-0.04194,0.02187,0.11739,0.2209,0.57427,0.93197,10.44,9.74048,8.865,8.37724,7.16367
2015-04-29,10.18,10.4,10.43,9.95,442871.0,600971,0.01167,0.01662,0.10756,0.2381,0.54993,1.01394,10.474,9.78857,8.89726,8.40724,7.18496
2015-04-30,10.32,10.0,10.38,9.98,295197.0,600971,-0.03846,-0.04489,0.09769,0.16279,0.46843,1.00481,10.38,9.83095,8.91984,8.43317,7.20533
2015-05-04,9.98,10.03,10.15,9.86,220952.0,600971,0.003,-0.04385,0.07849,0.17036,0.46637,0.96474,10.288,9.86571,8.94339,8.45911,7.22535
2015-05-05,10.05,9.53,10.22,9.3,286225.0,600971,-0.04985,-0.11184,0.01275,0.13723,0.35755,0.88117,10.048,9.87143,8.96194,8.47951,7.2435
2015-05-06,9.47,9.05,9.57,8.98,267480.0,600971,-0.05037,-0.11965,-0.04837,0.09432,0.28369,0.77277,9.802,9.84952,8.97452,8.49577,7.25954
2015-05-07,9.02,8.75,9.08,8.66,196693.0,600971,-0.03315,-0.15865,-0.10348,0.08426,0.22378,0.71703,9.472,9.80143,8.98548,8.50878,7.27439
2015-05-08,8.86,8.98,8.99,8.75,165778.0,600971,0.02629,-0.102,-0.05771,0.13527,0.29023,0.75562,9.268,9.77524,9.00274,8.5252,7.2901
2015-05-11,9.07,9.24,9.26,8.9,244512.0,600971,0.02895,-0.07876,-0.00645,0.14215,0.31624,0.71747,9.11,9.77238,9.02129,8.54325,7.30579
2015-05-12,9.24,9.19,9.26,9.09,214265.0,600971,-0.00541,-0.03568,-0.03971,0.13738,0.33576,0.69871,9.042,9.75429,9.03919,8.56203,7.32116
2015-05-13,9.15,9.2,9.3,9.05,244791.0,600971,0.00109,0.01657,-0.05252,0.169,0.31617,0.54622,9.072,9.73,9.06065,8.58,7.33437
2015-05-14,9.14,9.12,9.21,9.01,209144.0,600971,-0.0087,0.04229,-0.05296,0.21762,0.2827,0.47908,9.146,9.70571,9.08694,8.59634,7.34638
2015-05-15,9.11,8.86,9.13,8.82,164251.0,600971,-0.02851,-0.01336,-0.03905,0.18608,0.19568,0.49158,9.122,9.68857,9.10935,8.60813,7.35825
2015-05-18,8.77,8.98,9.06,8.71,152779.0,600971,0.01354,-0.02814,-0.05174,0.18783,0.23014,0.59616,9.07,9.66524,9.13226,8.62179,7.37188
2015-05-19,8.96,9.18,9.19,8.93,182609.0,600971,0.02227,-0.00109,-0.05165,0.20949,0.26272,0.62048,9.068,9.64143,9.1579,8.63732,7.38617
2015-05-20,9.2,9.14,9.29,9.11,244652.0,600971,-0.00436,-0.00652,-0.05773,0.18394,0.27654,0.63623,9.056,9.61476,9.18081,8.65341,7.40062
2015-05-21,9.14,9.26,9.33,9.02,266009.0,600971,0.01313,0.01535,-0.07952,0.19638,0.31909,0.68425,9.084,9.57667,9.20532,8.67163,7.41591
2015-05-22,9.31,9.73,9.77,9.26,402757.0,600971,0.05076,0.09819,-0.04888,0.23949,0.38014,0.70284,9.258,9.55286,9.23565,8.69341,7.43224
2015-05-25,9.65,9.9,9.95,9.59,465464.0,600971,0.01747,0.10245,-0.05444,0.25,0.41227,0.78475,9.442,9.52571,9.26758,8.71691,7.44993
2015-05-26,9.94,10.07,10.14,9.73,432166.0,600971,0.01717,0.09695,-0.04004,0.27468,0.42837,0.81213,9.62,9.50571,9.30258,8.74146,7.46828
2015-05-27,10.1,10.42,10.63,9.95,630885.0,600971,0.03476,0.14004,-0.02889,0.27384,0.43526,0.86839,9.876,9.49095,9.33871,8.76715,7.48796
2015-05-28,10.4,9.68,10.71,9.66,556899.0,600971,-0.07102,0.04536,-0.05837,0.19359,0.30283,0.76707,9.96,9.46238,9.36403,8.78545,7.50504
2015-05-29,9.7,9.65,10.0,9.42,402296.0,600971,-0.0031,-0.00822,-0.07212,0.11432,0.30405,0.74282,9.944,9.42667,9.38,8.80374,7.52176
2015-06-01,9.72,10.62,10.62,9.64,654605.0,600971,0.10052,0.07273,0.062,0.23776,0.42742,0.99212,10.088,9.45619,9.4129,8.82959,7.54326
2015-06-02,10.67,10.62,10.8,10.27,759340.0,600971,0.0,0.05462,0.05882,0.23059,0.44293,0.99212,10.198,9.48429,9.445,8.8561,7.56476
2015-06-03,10.78,10.7,11.15,10.39,620957.0,600971,0.00753,0.02687,0.12277,0.28606,0.43432,1.00337,10.254,9.54,9.48339,8.88244,7.58655
2015-06-04,10.7,11.53,11.67,10.11,704413.0,600971,0.07757,0.19112,0.27403,0.2854,0.52715,1.18289,10.624,9.6581,9.52468,8.9148,7.61195
2015-06-05,11.56,11.44,11.95,11.21,799596.0,600971,-0.00781,0.18549,0.30743,0.3,0.45918,1.15768,10.982,9.78619,9.56726,8.94407,7.6369
2015-06-08,11.37,11.43,11.63,11.12,547245.0,600971,-0.00087,0.07627,0.27283,0.30778,0.32599,1.17218,11.144,9.90286,9.61065,8.96691,7.66197
2015-06-09,11.4,11.69,12.0,11.22,650785.0,600971,0.02275,0.10075,0.26515,0.36247,0.41013,1.23818,11.358,10.01952,9.66081,8.99455,7.68826
2015-06-10,11.48,11.46,11.92,11.3,449236.0,600971,-0.01967,0.07103,0.24701,0.30673,0.37575,1.15738,11.51,10.12762,9.70419,9.02,7.71325
2015-06-11,11.57,11.37,11.57,11.13,372999.0,600971,-0.00785,-0.01388,0.23587,0.3039,0.44841,1.14853,11.478,10.23095,9.74694,9.04862,7.73796
2015-06-12,11.3,11.68,11.98,11.27,512230.0,600971,0.02726,0.02098,0.2807,0.32276,0.45455,1.22349,11.526,10.35286,9.7929,9.07829,7.76409
2015-06-15,11.69,11.68,12.1,11.49,502397.0,600971,0.0,0.02187,0.31828,0.30503,0.45818,1.21548,11.576,10.48714,9.83694,9.10813,7.79013
2015-06-16,11.5,11.37,11.87,11.3,445809.0,600971,-0.02654,-0.02737,0.26615,0.24808,0.40197,1.14447,11.512,10.60095,9.87339,9.13463,7.8148
2015-06-17,11.24,11.64,11.78,10.77,393762.0,600971,0.02375,0.01571,0.26797,0.27772,0.46048,1.23674,11.548,10.7181,9.91419,9.16447,7.84096
2015-06-18,11.69,11.15,11.79,11.08,294570.0,600971,-0.0421,-0.01935,0.21991,0.23341,0.34499,1.11495,11.504,10.81381,9.94823,9.18772,7.86486
2015-06-19,10.86,10.04,11.08,10.04,325631.0,600971,-0.09955,-0.14041,0.08423,0.08776,0.24411,0.98576,11.176,10.85095,9.96129,9.20374,7.88512
2015-06-23,10.04,10.15,10.28,9.5,261669.0,600971,0.01096,-0.13099,0.04317,0.12653,0.26401,0.98825,10.87,10.87095,9.97968,9.22098,7.90563
2015-06-24,10.28,10.62,10.66,10.19,365391.0,600971,0.04631,-0.06596,0.07273,0.19192,0.25979,1.04861,10.72,10.90524,10.00726,9.23878,7.92772
2015-06-25,10.68,10.12,10.77,10.0,285183.0,600971,-0.04708,-0.13058,0.00497,0.10601,0.15393,0.93758,10.416,10.90762,10.0229,9.24976,7.94763
2015-06-26,9.8,9.11,10.09,9.11,304179.0,600971,-0.0998,-0.18296,-0.12572,-0.00978,0.11233,0.75058,10.008,10.84524,10.02145,9.25724,7.96351
2015-06-29,9.08,8.7,9.5,8.2,426180.0,600971,-0.04501,-0.13347,-0.10124,-0.07348,0.06098,0.67179,9.74,10.79857,10.01032,9.2613,7.97772
2015-06-30,8.66,9.15,9.27,8.01,344905.0,600971,0.05172,-0.09852,-0.05181,0.00439,0.06643,0.76505,9.54,10.77476,10.01097,9.26593,7.99384
2015-07-01,9.0,8.38,9.27,8.37,271543.0,600971,-0.08415,-0.21092,-0.21092,-0.09892,-0.04881,0.59832,9.092,10.6681,9.99613,9.26244,8.00659
2015-07-02,8.42,7.54,8.53,7.54,350326.0,600971,-0.10024,-0.25494,-0.29002,-0.19872,-0.12731,0.42749,8.576,10.52143,9.96597,9.2535,8.01577
2015-07-03,7.38,6.79,7.6,6.79,350192.0,600971,-0.09947,-0.25467,-0.36542,-0.28601,-0.18974,0.25974,8.112,10.33524,9.9221,9.24057,8.02146
2015-07-06,7.47,6.48,7.47,6.11,452356.0,600971,-0.04566,-0.25517,-0.43799,-0.33607,-0.25773,0.20223,7.668,10.09476,9.86919,9.22228,8.02589
2015-07-07,6.2,5.85,6.29,5.83,353765.0,600971,-0.09722,-0.36066,-0.48864,-0.38615,-0.39062,0.05027,7.008,9.82857,9.80984,9.19179,8.02703
2015-07-08,5.27,5.56,5.82,5.27,736480.0,600971,-0.04957,-0.33652,-0.51356,-0.40215,-0.39762,-0.0018,6.444,9.54905,9.74952,9.16195,8.02699
2015-07-09,5.49,6.12,6.12,5.47,225232.0,600971,0.10072,-0.18833,-0.47648,-0.3605,-0.33838,0.07368,6.16,9.28381,9.69387,9.1365,8.0287
2015-07-10,6.35,6.73,6.73,6.22,195966.0,600971,0.09967,-0.00884,-0.41274,-0.3069,-0.25305,0.17863,6.148,9.05857,9.64581,9.11797,8.03285
2015-07-13,7.1,7.4,7.4,6.8,510129.0,600971,0.09955,0.14198,-0.34916,-0.23157,-0.15813,0.30511,6.332,8.86952,9.60984,9.10667,8.03988
2015-07-14,7.29,7.14,7.7,7.01,424050.0,600971,-0.03514,0.22051,-0.3887,-0.2256,-0.16197,0.25483,6.59,8.65333,9.57629,9.09545,8.04577
2015-07-15,6.98,6.43,6.99,6.43,284638.0,600971,-0.09944,0.15647,-0.44949,-0.32101,-0.24531,0.12413,6.764,8.40333,9.52726,9.07846,8.04866
2015-07-16,6.43,6.69,6.82,6.19,201116.0,600971,0.04044,0.09314,-0.41161,-0.30888,-0.18712,0.15945,6.878,8.18048,9.47903,9.06593,8.0524
2015-07-17,6.69,7.09,7.18,6.69,225927.0,600971,0.05979,0.05349,-0.39089,-0.26907,-0.16392,0.25487,6.95,7.96381,9.43694,9.05463,8.05825
2015-07-20,7.08,7.08,7.3,6.94,234157.0,600971,-0.00141,-0.04324,-0.36502,-0.29622,-0.16411,0.27568,6.886,7.77,9.38887,9.04333,8.06447
2015-07-21,7.0,7.12,7.18,6.83,200710.0,600971,0.00565,-0.0028,-0.29084,-0.30401,-0.09415,0.28058,6.882,7.63095,9.33871,9.03732,8.07081
2015-07-22,7.07,7.12,7.18,6.83,221183.0,600971,0.0,0.10731,-0.29852,-0.31996,-0.12423,0.2922,7.02,7.48667,9.28468,9.02911,8.07736
2015-07-23,7.03,7.34,7.42,7.02,308793.0,600971,0.0309,0.09716,-0.30885,-0.30029,-0.12411,0.30373,7.15,7.33048,9.23387,9.02065,8.08431
2015-07-24,7.28,7.28,7.8,7.2,450268.0,600971,-0.00817,0.0268,-0.28063,-0.32153,-0.13539,0.28622,7.188,7.19524,9.17823,9.01138,8.09089
2015-07-27,7.05,6.55,7.21,6.55,265653.0,600971,-0.10027,-0.07486,-0.28101,-0.36284,-0.22024,0.11584,7.082,7.07333,9.11806,8.99634,8.09366
2015-07-28,6.38,6.44,6.58,5.91,284340.0,600971,-0.01679,-0.09551,-0.25977,-0.38077,-0.25116,0.08418,6.946,6.96571,9.05419,8.97878,8.09569
2015-07-29,6.6,6.77,6.8,6.32,180784.0,600971,0.05124,-0.04916,-0.26011,-0.323,-0.21004,0.10621,6.876,6.85238,9.0021,8.96415,8.09833
2015-07-30,6.7,6.49,6.86,6.46,158285.0,600971,-0.04136,-0.1158,-0.22554,-0.35294,-0.22554,0.06743,6.706,6.76238,8.945,8.94878,8.1
2015-07-31,6.36,6.49,6.57,6.36,103652.0,600971,0.0,-0.10852,-0.13926,-0.31899,-0.21524,0.05357,6.548,6.71238,8.89597,8.93431,8.10134
2015-08-03,6.47,6.74,6.76,6.3,196819.0,600971,0.03852,0.02901,-0.00736,-0.25525,-0.16481,0.07325,6.586,6.71,8.85871,8.9235,8.10321
2015-08-04,6.73,7.2,7.23,6.62,264723.0,600971,0.06825,0.11801,0.11111,-0.17714,-0.08976,0.14833,6.738,6.74429,8.83371,8.91772,8.10699
2015-08-05,7.09,7.02,7.18,6.9,164375.0,600971,-0.025,0.03693,0.2,-0.21826,-0.13226,0.09516,6.788,6.8,8.8021,8.90902,8.10947
2015-08-06,6.85,7.17,7.44,6.82,174200.0,600971,0.02137,0.10478,0.28957,-0.22403,-0.11262,0.10819,6.924,6.87667,8.76871,8.90163,8.11232
2015-08-07,7.1,7.27,7.33,7.09,164951.0,600971,0.01395,0.12018,0.18791,-0.20892,-0.07624,0.12365,7.08,6.93143,8.73774,8.89675,8.11557
2015-08-10,7.3,7.53,7.59,7.21,243686.0,600971,0.03576,0.11721,0.11887,-0.18152,0.00534,0.20288,7.238,6.96952,8.71081,8.89707,8.12073
2015-08-11,7.46,7.43,7.58,7.34,201627.0,600971,-0.01328,0.03194,0.00405,-0.18531,-0.00535,0.1888,7.284,6.97095,8.68355,8.89675,8.12553
2015-08-12,7.3,7.41,7.63,7.27,249813.0,600971,-0.00269,0.05556,0.03782,-0.16366,-0.01984,0.17433,7.362,6.98381,8.66016,8.89553,8.13
2015-08-13,7.36,7.52,7.56,7.25,155570.0,600971,0.01484,0.04881,0.16952,-0.16258,-0.00922,0.20513,7.432,7.03571,8.63661,8.89496,8.1352
2015-08-14,7.56,7.44,7.74,7.43,198214.0,600971,-0.01064,0.02338,0.11211,-0.18954,-0.03627,0.16614,7.466,7.07143,8.60855,8.89268,8.13951
2015-08-17,7.42,7.56,7.62,7.27,225007.0,600971,0.01613,0.00398,0.06629,-0.17287,-0.02326,0.22132,7.472,7.09381,8.58306,8.89122,8.14508
2015-08-18,7.56,6.86,7.71,6.8,287514.0,600971,-0.09259,-0.07672,-0.03107,-0.25918,-0.12611,0.09062,7.358,7.08333,8.54435,8.88317,8.1474
2015-08-19,6.7,7.09,7.16,6.5,188076.0,600971,0.03353,-0.04318,-0.00421,-0.27133,-0.1048,0.11303,7.294,7.0819,8.50177,8.87642,8.15033
2015-08-20,7.08,6.98,7.22,6.96,151104.0,600971,-0.01551,-0.07181,-0.01966,-0.29495,-0.11646,0.08217,7.186,7.07524,8.45468,8.86894,8.15248
2015-08-21,6.8,6.56,6.91,6.47,163827.0,600971,-0.06017,-0.11828,-0.10627,-0.34856,-0.19804,0.02821,7.01,7.0381,8.39806,8.85577,8.15321
2015-08-24,6.35,5.9,6.39,5.9,140761.0,600971,-0.10061,-0.21958,-0.18956,-0.43378,-0.2725,-0.06051,6.678,6.97238,8.32516,8.8378,8.15167
2015-08-25,5.38,5.31,5.57,5.31,142715.0,600971,-0.1,-0.22595,-0.18931,-0.45145,-0.38684,-0.15446,6.368,6.91333,8.25468,8.81057,8.14772
2015-08-26,5.38,5.52,5.63,5.06,195890.0,600971,0.03955,-0.22144,-0.14286,-0.42798,-0.35664,-0.1039,6.054,6.86952,8.18806,8.78569,8.14512
2015-08-27,5.54,5.78,5.82,5.43,124801.0,600971,0.0471,-0.17192,-0.14623,-0.45574,-0.33024,-0.03183,5.814,6.82238,8.11,8.76252,8.14435
2015-08-28,5.81,6.06,6.09,5.71,174898.0,600971,0.04844,-0.07622,-0.06626,-0.42938,-0.27163,0.01508,5.714,6.8019,8.03645,8.74415,8.14472
2015-08-31,5.92,5.76,5.93,5.73,103408.0,600971,-0.0495,-0.02373,-0.11248,-0.46168,-0.35786,-0.03679,5.686,6.76714,7.95677,8.71805,8.14382
2015-09-01,5.8,5.63,5.9,5.57,110845.0,600971,-0.02257,0.06026,-0.16469,-0.51171,-0.36023,-0.06788,5.75,6.71429,7.86161,8.69228,8.14215
2015-09-02,5.26,5.37,5.68,5.25,83202.0,600971,-0.04618,-0.02717,-0.25417,-0.53059,-0.38558,-0.11967,5.72,6.62714,7.76371,8.66488,8.13919
2015-09-07,5.44,5.45,5.66,5.4,63180.0,600971,0.0149,-0.05709,-0.22365,-0.52318,-0.3648,-0.12097,5.654,6.55238,7.66726,8.63943,8.13614
2015-09-08,5.43,5.67,5.7,5.39,64417.0,600971,0.04037,-0.06436,-0.20921,-0.51497,-0.35348,-0.09135,5.576,6.48095,7.57016,8.61423,8.13382
2015-09-09,5.7,5.88,5.94,5.63,116695.0,600971,0.03704,0.02083,-0.1912,-0.48691,-0.32569,-0.06815,5.6,6.41476,7.48016,8.59114,8.13207
2015-09-10,5.75,5.81,5.9,5.67,104718.0,600971,-0.0119,0.03197,-0.22842,-0.48901,-0.34202,-0.0807,5.636,6.33286,7.39048,8.56659,8.13
2015-09-11,5.79,5.78,5.83,5.67,69197.0,600971,-0.00516,0.07635,-0.22207,-0.50514,-0.35419,-0.08544,5.718,6.25429,7.29532,8.54081,8.1278
2015-09-14,5.78,5.44,5.83,5.2,109897.0,600971,-0.05882,-0.00183,-0.26586,-0.53425,-0.40285,-0.13099,5.716,6.16048,7.19468,8.51098,8.12447
2015-09-15,5.33,5.38,5.77,5.23,176544.0,600971,-0.01103,-0.05115,-0.28457,-0.52682,-0.40944,-0.1392,5.658,6.05857,7.09806,8.48065,8.12093
2015-09-16,5.35,5.88,5.91,5.18,192040.0,600971,0.09294,0.0,-0.20968,-0.49485,-0.34956,-0.07109,5.658,5.98429,7.00516,8.45496,8.11911
2015-09-17,5.77,5.65,5.97,5.64,193068.0,600971,-0.03912,-0.02754,-0.25265,-0.49327,-0.38787,-0.12403,5.626,5.89333,6.91645,8.42585,8.11585
2015-09-18,5.64,5.61,5.71,5.5,83563.0,600971,-0.00708,-0.02941,-0.18222,-0.44124,-0.37736,-0.1024,5.592,5.83381,6.845,8.39821,8.11325
2015-09-21,5.56,5.79,5.83,5.47,122858.0,600971,0.03209,0.06434,-0.18336,-0.42956,-0.35017,-0.07063,5.662,5.7719,6.77468,8.37285,8.11146
2015-09-22,5.76,5.85,5.99,5.76,140431.0,600971,0.01036,0.08736,-0.16189,-0.44915,-0.36066,-0.08163,5.756,5.7181,6.69774,8.34602,8.10935
2015-09-23,5.73,5.6,5.79,5.55,105253.0,600971,-0.04274,-0.04762,-0.14634,-0.44664,-0.3913,-0.14504,5.7,5.67238,6.62484,8.31675,8.10549
2015-09-24,5.65,6.16,6.16,5.61,445205.0,600971,0.1,0.09027,0.04407,-0.32382,-0.34398,-0.08876,5.802,5.68476,6.57726,8.29049,8.10305
2015-09-25,6.17,6.78,6.78,5.94,503203.0,600971,0.10065,0.20856,0.27684,-0.22069,-0.25576,0.00148,6.036,5.75476,6.54629,8.27154,8.10309
2015-09-28,6.9,6.93,7.03,6.24,496781.0,600971,0.02212,0.19689,0.25543,-0.24262,-0.25484,-0.01,6.264,5.8219,6.51048,8.25228,8.1028
2015-09-29,6.5,6.24,6.65,6.24,317051.0,600971,-0.09957,0.06667,0.07958,-0.25537,-0.33688,-0.09038,6.342,5.84381,6.47597,8.2265,8.10028
2015-09-30,6.13,6.24,6.37,6.04,197403.0,600971,0.0,0.11429,0.0297,-0.17241,-0.34385,-0.08235,6.47,5.85238,6.455,8.19992,8.09801
2015-10-08,6.46,6.29,6.49,6.25,334181.0,600971,0.00801,0.0211,0.09201,-0.07364,-0.35553,-0.08309,6.496,5.87762,6.44694,8.17171,8.09569
2015-10-09,6.23,6.27,6.43,6.15,326422.0,600971,-0.00318,-0.07522,0.11368,-0.03241,-0.34208,-0.08866,6.394,5.9081,6.44355,8.1452,8.09321
2015-10-12,6.29,6.47,6.69,6.24,485446.0,600971,0.0319,-0.06638,0.20484,0.10598,-0.3043,-0.06368,6.302,5.96048,6.45355,8.1222,8.09142
2015-10-13,6.36,6.56,6.61,6.26,433487.0,600971,0.01391,0.05128,0.20367,0.17986,-0.31452,-0.07345,6.366,6.01333,6.46968,8.09772,8.08931
2015-10-14,6.5,6.39,6.74,6.32,403317.0,600971,-0.02591,0.02404,0.12698,0.04412,-0.34192,-0.10504,6.396,6.04762,6.47403,8.07073,8.08626
2015-10-15,6.32,6.54,6.55,6.22,304842.0,600971,0.02347,0.03975,0.11224,-0.02823,-0.32087,-0.13492,6.446,6.07905,6.47097,8.04561,8.08211
2015-10-16,6.57,6.7,6.77,6.47,381593.0,600971,0.02446,0.06858,0.15318,-0.09459,-0.27332,-0.10188,6.532,6.12143,6.45968,8.02512,8.07902
2015-10-19,6.7,6.9,7.01,6.56,464379.0,600971,0.02985,0.06646,0.19377,-0.03361,-0.27138,-0.05609,6.618,6.17476,6.45581,8.00423,8.07736
2015-10-20,6.89,7.06,7.29,6.75,477958.0,600971,0.02319,0.07622,0.29779,0.09798,-0.27066,0.00857,6.718,6.2519,6.46597,7.98293,8.0776
2015-10-21,6.96,6.35,6.96,6.35,445221.0,600971,-0.10057,-0.00626,0.1803,-0.05082,-0.34536,-0.07299,6.71,6.2981,6.46048,7.95569,8.07557
2015-10-22,6.29,6.46,6.51,6.16,229985.0,600971,0.01732,-0.01223,0.09864,-0.08886,-0.35785,-0.06377,6.694,6.32571,6.45032,7.92642,8.07378
2015-10-23,6.4,6.55,6.6,6.35,228858.0,600971,0.01393,-0.02239,0.15929,-0.07486,-0.35973,-0.02093,6.664,6.36857,6.44177,7.8965,8.07321
2015-10-26,6.58,6.49,6.65,6.42,187372.0,600971,-0.00916,-0.05942,0.15686,-0.08848,-0.38013,-0.02259,6.582,6.41048,6.43161,7.86415,8.0726
2015-10-27,6.44,6.35,6.44,6.09,191835.0,600971,-0.02157,-0.10057,0.09672,-0.10815,-0.39466,-0.03053,6.44,6.43714,6.41919,7.83049,8.07179
2015-10-28,6.26,6.19,6.39,6.17,193868.0,600971,-0.0252,-0.0252,0.05812,-0.15668,-0.42311,-0.0607,6.408,6.45333,6.40065,7.79358,8.07016
2015-10-29,6.22,6.28,6.34,6.18,141600.0,600971,0.01454,-0.02786,0.12143,-0.13736,-0.38911,-0.03828,6.372,6.48571,6.38452,7.76106,8.06915
2015-10-30,6.24,6.16,6.26,6.12,125668.0,600971,-0.01911,-0.05954,0.0,-0.05954,-0.40769,-0.08197,6.294,6.48571,6.37823,7.72659,8.06691
2015-11-02,6.1,6.06,6.18,6.04,96341.0,600971,-0.01623,-0.06626,-0.10619,-0.05901,-0.394,-0.11013,6.208,6.45143,6.3721,7.69455,8.06386
2015-11-03,6.1,6.09,6.12,6.01,73291.0,600971,0.00495,-0.04094,-0.12121,-0.10044,-0.39282,-0.10965,6.156,6.41143,6.36113,7.66252,8.06081
2015-11-04,6.09,6.32,6.35,6.08,162537.0,600971,0.03777,0.021,0.01282,-0.02619,-0.33683,-0.09972,6.182,6.41524,6.35839,7.63642,8.05797
2015-11-05,6.33,6.45,6.58,6.3,268281.0,600971,0.02057,0.02707,0.03365,-0.00616,-0.28729,-0.08511,6.216,6.42524,6.35774,7.61528,8.05553
2015-11-06,6.45,6.51,6.55,6.4,223169.0,600971,0.0093,0.05682,0.03498,-0.03412,-0.256,-0.08951,6.286,6.43571,6.35403,7.59707,8.05293
2015-11-09,6.47,6.69,6.85,6.42,331302.0,600971,0.02765,0.10396,0.06699,-0.07083,-0.25501,-0.03879,6.412,6.45571,6.34581,7.57846,8.05183
2015-11-10,6.6,6.77,6.82,6.52,329421.0,600971,0.01196,0.11166,0.04637,-0.03561,-0.26732,-0.03561,6.548,6.47,6.34177,7.55837,8.05081
2015-11-11,6.7,6.7,6.83,6.63,195622.0,600971,-0.01034,0.06013,0.02134,-0.06555,-0.27095,-0.02616,6.624,6.47667,6.33419,7.53813,8.05008
2015-11-12,6.73,6.63,6.8,6.62,182944.0,600971,-0.01045,0.02791,0.03756,-0.08803,-0.27935,-0.0515,6.66,6.4881,6.32387,7.51724,8.04862
2015-11-13,6.58,6.39,6.62,6.36,159086.0,600971,-0.0362,-0.01843,-0.02294,-0.15139,-0.29934,-0.10127,6.636,6.48095,6.30548,7.49504,8.04569
2015-11-16,6.3,6.5,6.5,6.2,106591.0,600971,0.01721,-0.0284,-0.02985,-0.12517,-0.26637,-0.12281,6.598,6.47143,6.29048,7.47585,8.04199
2015-11-17,6.52,6.55,6.72,6.5,174498.0,600971,0.00769,-0.0325,-0.05072,-0.11606,-0.2706,-0.10274,6.554,6.45476,6.27661,7.4561,8.03894
2015-11-18,6.57,6.43,6.6,6.4,104538.0,600971,-0.01832,-0.0403,-0.08924,-0.14495,-0.29956,-0.11554,6.5,6.42476,6.25903,7.43374,8.03553
2015-11-19,6.45,6.6,6.65,6.4,132082.0,600971,0.02644,-0.00452,0.03937,-0.1129,-0.2779,-0.07821,6.494,6.43667,6.24548,7.41309,8.03325
2015-11-20,6.56,6.57,6.63,6.53,133538.0,600971,-0.00455,0.02817,0.01703,-0.13095,-0.2905,-0.0641,6.53,6.4419,6.22952,7.39122,8.03142
2015-11-23,6.56,6.39,6.59,6.38,124957.0,600971,-0.0274,-0.01692,-0.02443,-0.06851,-0.34327,-0.09362,6.508,6.43429,6.22194,7.36407,8.02874
2015-11-24,6.36,6.33,6.43,6.23,107317.0,600971,-0.00939,-0.03359,-0.02465,-0.10719,-0.36061,-0.097,6.464,6.42667,6.20968,7.33504,8.02598
2015-11-25,6.31,6.41,6.42,6.3,91646.0,600971,0.01264,-0.00311,0.00945,-0.08166,-0.36346,-0.09078,6.46,6.42952,6.20048,7.30528,8.02337
2015-11-26,6.41,6.47,6.58,6.41,139091.0,600971,0.00936,-0.0197,0.04523,-0.01372,-0.37908,-0.10882,6.434,6.44286,6.19903,7.27317,8.02016
2015-11-27,6.42,5.91,6.46,5.83,161145.0,600971,-0.08655,-0.10046,-0.05892,0.00169,-0.38946,-0.20458,6.302,6.42524,6.19919,7.24252,8.01398
2015-11-30,5.94,5.84,5.97,5.64,98900.0,600971,-0.01184,-0.08607,-0.05195,0.09981,-0.39482,-0.21081,6.192,6.41,6.20774,7.21154,8.00764
2015-12-01,5.8,5.85,5.93,5.78,106835.0,600971,0.00171,-0.07583,-0.03465,0.05978,-0.44915,-0.21371,6.096,6.4,6.21306,7.17276,8.00118
2015-12-02,5.86,6.0,6.01,5.8,106936.0,600971,0.02564,-0.06396,-0.01478,0.03806,-0.43503,-0.18478,6.014,6.39571,6.21661,7.1352,7.99565
2015-12-03,5.96,6.06,6.12,5.94,97779.0,600971,0.01,-0.06337,-0.04114,0.0,-0.43364,-0.18767,5.932,6.38333,6.21661,7.09748,7.98996
2015-12-04,6.03,6.0,6.1,5.93,97649.0,600971,-0.0099,0.01523,-0.06977,0.04167,-0.47962,-0.2053,5.95,6.3619,6.22048,7.05252,7.98366
2015-12-07,5.99,6.07,6.08,5.98,63681.0,600971,0.01167,0.03938,-0.06759,0.07815,-0.46941,-0.22577,5.996,6.34095,6.22758,7.00886,7.97646
2015-12-08,6.03,5.93,6.03,5.87,93576.0,600971,-0.02306,0.01368,-0.1136,0.10428,-0.48119,-0.31206,6.012,6.30476,6.23661,6.96415,7.96553
2015-12-09,5.88,6.05,6.06,5.8,76491.0,600971,0.02024,0.00833,-0.10635,0.11009,-0.48246,-0.27021,6.022,6.27048,6.24629,6.91829,7.95642
2015-12-10,6.26,6.12,6.5,6.11,144611.0,600971,0.01157,0.0099,-0.08657,0.07937,-0.46597,-0.26531,6.034,6.24286,6.25355,6.87488,7.94744
2015-12-11,5.96,6.05,6.1,5.91,81422.0,600971,-0.01144,0.00833,-0.08748,0.02891,-0.4679,-0.2293,6.044,6.21524,6.25629,6.83163,7.94012
2015-12-14,6.0,6.33,6.33,5.96,113546.0,600971,0.04628,0.04283,-0.00939,0.0895,-0.45805,-0.21171,6.096,6.21238,6.26468,6.78813,7.93321
2015-12-15,6.33,6.2,6.33,6.12,103143.0,600971,-0.02054,0.04553,-0.04615,0.07266,-0.46918,-0.22597,6.15,6.1981,6.27145,6.74358,7.92585
2015-12-16,6.22,6.19,6.28,6.13,71568.0,600971,-0.00161,0.02314,-0.05496,0.13787,-0.45558,-0.23674,6.178,6.18095,6.28355,6.70146,7.91805
2015-12-17,6.2,6.28,6.33,6.19,106535.0,600971,0.01454,0.02614,-0.02333,0.16729,-0.46048,-0.21205,6.21,6.17381,6.29806,6.65789,7.91118
2015-12-18,6.25,6.25,6.28,6.17,98124.0,600971,-0.00478,0.03306,-0.05303,0.06293,-0.43946,-0.24608,6.25,6.15714,6.30403,6.61805,7.90289
2015-12-21,6.24,6.42,6.48,6.2,182347.0,600971,0.0272,0.01422,-0.02283,0.13628,-0.36056,-0.20446,6.268,6.15,6.31645,6.58862,7.89618
2015-12-22,6.41,6.42,6.46,6.36,112258.0,600971,0.0,0.03548,0.00469,0.14439,-0.36749,-0.2005,6.312,6.15143,6.32952,6.55829,7.88963
2015-12-23,6.4,6.57,6.58,6.39,209083.0,600971,0.02336,0.06139,0.03791,0.13472,-0.38136,-0.22064,6.388,6.16286,6.3421,6.52537,7.88207
2015-12-24,6.69,6.57,6.76,6.43,177958.0,600971,0.0,0.04618,0.02496,0.12308,-0.35079,-0.25086,6.446,6.17048,6.35371,6.4965,7.87313
2015-12-25,6.5,6.5,6.55,6.4,98706.0,600971,-0.01065,0.04,0.00464,0.16071,-0.2865,-0.20635,6.496,6.1719,6.36823,6.47528,7.86626
2015-12-28,6.5,6.28,6.55,6.26,121684.0,600971,-0.03385,-0.02181,0.06261,0.01948,-0.27816,-0.23415,6.468,6.18952,6.37016,6.45561,7.85846
2015-12-29,6.28,6.35,6.37,6.17,104181.0,600971,0.01115,-0.0109,0.08733,-0.06342,-0.30601,-0.25991,6.454,6.21381,6.36323,6.43285,7.84939
2015-12-30,6.35,6.38,6.41,6.27,86753.0,600971,0.00472,-0.02892,0.0906,-0.07937,-0.23866,-0.27582,6.416,6.23905,6.35435,6.41659,7.83951
2015-12-31,6.38,6.29,6.45,6.29,79487.0,600971,-0.01411,-0.04262,0.04833,0.00801,-0.16578,-0.27199,6.36,6.25286,6.35516,6.40642,7.82996
2016-01-04,6.25,5.75,6.29,5.74,77346.0,600971,-0.08585,-0.11538,-0.05116,-0.07853,-0.15317,-0.31384,6.21,6.2381,6.34726,6.39797,7.81927
2016-01-05,5.75,5.81,5.92,5.6,106438.0,600971,0.01043,-0.07484,-0.03167,-0.07631,-0.1034,-0.33448,6.116,6.22905,6.33952,6.39252,7.8074
2016-01-06,5.82,6.39,6.39,5.81,272481.0,600971,0.09983,0.0063,0.05272,0.01914,0.09231,-0.33438,6.124,6.24429,6.34145,6.39691,7.79435
2016-01-07,6.3,5.76,6.45,5.75,90513.0,600971,-0.09859,-0.09718,-0.02867,-0.10974,0.03597,-0.37595,6.0,6.23619,6.33,6.39854,7.78024
2016-01-08,6.07,6.34,6.34,6.0,257336.0,600971,0.10069,0.00795,0.04793,-0.03354,0.03595,-0.31459,6.01,6.25,6.32645,6.40033,7.76841
2016-01-11,6.81,6.58,6.97,6.5,839041.0,600971,0.03785,0.14435,0.07516,0.02973,-0.02229,-0.2697,6.176,6.2719,6.32952,6.39911,7.75854
2016-01-12,6.29,6.42,6.7,5.92,447218.0,600971,-0.02432,0.10499,0.06116,-0.01835,-0.13243,-0.26962,6.298,6.28952,6.32758,6.39114,7.7489
2016-01-13,6.18,6.19,6.75,6.04,398033.0,600971,-0.03583,-0.0313,-0.02212,-0.07612,-0.13305,-0.27347,6.258,6.28286,6.31935,6.38341,7.73943
2016-01-14,5.75,6.38,6.58,5.57,345866.0,600971,0.03069,0.10764,0.02903,-0.07536,-0.00778,-0.25117,6.382,6.29143,6.31097,6.38301,7.73073
2016-01-15,6.21,5.75,6.33,5.74,390746.0,600971,-0.09875,-0.09306,-0.07108,-0.18555,-0.14051,-0.30134,6.264,6.27048,6.28984,6.37537,7.72065
2016-01-18,5.52,5.4,5.62,5.2,232247.0,600971,-0.06087,-0.17933,-0.14013,-0.14961,-0.23836,-0.36321,6.028,6.22857,6.27452,6.36163,7.70813
2016-01-19,5.37,5.48,5.58,5.3,219543.0,600971,0.01481,-0.14642,-0.1232,-0.1517,-0.22599,-0.35301,5.84,6.1919,6.25871,6.34862,7.69598
2016-01-20,5.48,5.43,5.55,5.23,177800.0,600971,-0.00912,-0.12278,-0.15421,-0.17099,-0.23736,-0.30916,5.688,6.14476,6.24065,6.33488,7.6861
2016-01-21,5.3,5.25,5.6,5.21,186544.0,600971,-0.03315,-0.17712,-0.18224,-0.19106,-0.26264,-0.35424,5.462,6.08905,6.22065,6.31967,7.67439
2016-01-22,5.39,5.46,5.63,5.28,184598.0,600971,0.04,-0.05043,-0.16895,-0.14016,-0.25613,-0.34845,5.404,6.03619,6.20629,6.30439,7.66252
2016-01-25,5.56,5.59,5.69,5.45,200143.0,600971,0.02381,0.03519,-0.14916,-0.09693,-0.23214,-0.3361,5.442,5.98952,6.19661,6.29065,7.65102
2016-01-26,5.48,5.19,5.49,5.1,195092.0,600971,-0.07156,-0.05292,-0.20154,-0.17357,-0.20763,-0.38214,5.384,5.92714,6.17903,6.27959,7.63797
2016-01-27,5.18,5.26,5.4,5.07,207184.0,600971,0.01349,-0.03131,-0.16242,-0.1461,-0.18323,-0.38837,5.35,5.87857,6.16452,6.27,7.62439
2016-01-28,5.15,4.96,5.22,4.95,123134.0,600971,-0.05703,-0.05524,-0.2189,-0.18152,-0.26736,-0.42124,5.292,5.81238,6.14677,6.25528,7.60972
2016-01-29,4.96,5.03,5.11,4.91,132453.0,600971,0.01411,-0.07875,-0.2116,-0.17406,-0.22496,-0.39976,5.206,5.7481,6.12968,6.24341,7.5961
2016-02-01,4.99,4.68,5.0,4.6,147920.0,600971,-0.06958,-0.16279,-0.25596,-0.25949,-0.27889,-0.4341,5.024,5.67143,6.10323,6.2287,7.5815
2016-02-02,4.68,4.76,4.8,4.65,103497.0,600971,0.01709,-0.08285,-0.17217,-0.26202,-0.29377,-0.41016,4.938,5.62429,6.07597,6.2126,7.56805
2016-02-03,4.71,4.74,4.76,4.56,115342.0,600971,-0.0042,-0.09886,-0.18417,-0.27189,-0.34167,-0.40076,4.834,5.57333,6.04742,6.1926,7.55516
2016-02-04,4.77,4.83,4.86,4.73,94846.0,600971,0.01899,-0.02621,-0.24413,-0.27803,-0.31197,-0.40297,4.808,5.49905,6.01742,6.1748,7.54191
2016-02-05,4.84,4.81,4.88,4.77,67058.0,600971,-0.00414,-0.04374,-0.16493,-0.28951,-0.32915,-0.4047,4.764,5.45381,5.98581,6.15561,7.52862
2016-02-15,4.67,4.83,4.87,4.67,65605.0,600971,0.00416,0.03205,-0.23817,-0.2791,-0.33563,-0.38628,4.794,5.3819,5.95565,6.13577,7.51626
2016-02-16,4.83,4.97,5.04,4.83,110215.0,600971,0.02899,0.04412,-0.24468,-0.25038,-0.33997,-0.33645,4.836,5.30524,5.92887,6.11496,7.50602
2016-02-17,4.94,5.05,5.12,4.93,116638.0,600971,0.0161,0.0654,-0.2134,-0.2097,-0.32032,-0.32396,4.898,5.24,5.90726,6.09561,7.49618
2016-02-18,5.07,5.07,5.23,5.0,143470.0,600971,0.00396,0.04969,-0.18094,-0.22,-0.31579,-0.32937,4.946,5.18667,5.88419,6.07659,7.48606
2016-02-19,5.04,5.05,5.1,5.01,64679.0,600971,-0.00394,0.0499,-0.20846,-0.22901,-0.32846,-0.33465,4.994,5.12333,5.86,6.0565,7.47573
2016-02-22,5.1,5.56,5.56,5.06,281048.0,600971,0.10099,0.15114,-0.03304,-0.1353,-0.25269,-0.27979,5.14,5.11429,5.84597,6.04122,7.46695
2016-02-23,5.59,5.69,5.78,5.4,388590.0,600971,0.02338,0.14487,0.0537,-0.13788,-0.24735,-0.26486,5.284,5.1281,5.83129,6.02602,7.45862
2016-02-24,5.53,5.53,5.62,5.45,209222.0,600971,-0.02812,0.09505,0.00912,-0.1583,-0.19388,-0.29554,5.38,5.13048,5.81452,6.0152,7.44919
2016-02-25,5.53,4.99,5.63,4.98,252806.0,600971,-0.09765,-0.01578,-0.08103,-0.21909,-0.29619,-0.36995,5.364,5.10952,5.79194,5.99813,7.43728
2016-02-26,5.09,5.2,5.35,4.94,218784.0,600971,0.04208,0.0297,-0.00952,-0.17852,-0.25501,-0.34177,5.394,5.10714,5.77371,5.98366,7.4263
2016-02-29,5.12,5.01,5.33,4.68,214356.0,600971,-0.03654,-0.09892,-0.08242,-0.21841,-0.23628,-0.38753,5.284,5.08571,5.75113,5.97106,7.41341
2016-03-01,4.97,5.18,5.23,4.93,173371.0,600971,0.03393,-0.08963,-0.07335,-0.19938,-0.12203,-0.36128,5.182,5.06619,5.73032,5.9652,7.4015
2016-03-02,5.13,5.49,5.53,5.12,231658.0,600971,0.05985,-0.00723,0.0578,-0.07107,0.0339,-0.36605,5.174,5.08048,5.72355,5.96667,7.38862
2016-03-03,5.42,5.43,5.61,5.37,241866.0,600971,-0.01093,0.08818,0.03232,-0.07021,-0.0163,-0.36713,5.262,5.08857,5.71694,5.96593,7.37581
2016-03-04,5.41,5.46,5.69,5.21,278023.0,600971,0.00552,0.05,0.10081,-0.06667,-0.05536,-0.36732,5.314,5.11238,5.71065,5.96333,7.36293
2016-03-07,5.61,5.72,5.75,5.47,289869.0,600971,0.04762,0.14172,0.13718,-0.04667,-0.05611,-0.3125,5.456,5.14524,5.70613,5.96057,7.35236
2016-03-08,5.9,5.62,5.96,5.5,236417.0,600971,-0.01748,0.08494,0.20085,-0.07261,-0.02431,-0.37347,5.544,5.19,5.69903,5.95943,7.33874
2016-03-09,5.38,5.26,5.38,5.16,165234.0,600971,-0.06406,-0.04189,0.10504,-0.12333,-0.06572,-0.40227,5.498,5.21381,5.6871,5.95642,7.32435
2016-03-10,5.28,5.1,5.33,5.08,107093.0,600971,-0.03042,-0.06077,0.07595,-0.1598,-0.05028,-0.41648,5.432,5.23095,5.67145,5.95423,7.30955
2016-03-11,5.09,5.11,5.19,5.01,78041.0,600971,0.00196,-0.0641,0.05797,-0.13828,-0.06239,-0.40443,5.362,5.24429,5.65823,5.95146,7.29545
2016-03-14,5.15,5.25,5.34,5.13,95322.0,600971,0.0274,-0.08217,0.09148,-0.13223,-0.07407,-0.40137,5.268,5.26524,5.64532,5.94805,7.28114
2016-03-15,5.24,5.18,5.25,5.11,73551.0,600971,-0.01333,-0.07829,0.07246,-0.15359,-0.11905,-0.40596,5.18,5.2819,5.63016,5.94236,7.26675
2016-03-16,5.18,5.09,5.24,5.06,63959.0,600971,-0.01737,-0.03232,0.02414,-0.15868,-0.12392,-0.42356,5.146,5.28762,5.61468,5.9365,7.25154
2016-03-17,5.13,5.2,5.22,5.07,136823.0,600971,0.02161,0.01961,0.0297,-0.17852,-0.10035,-0.41899,5.166,5.29476,5.59645,5.93179,7.2363
2016-03-18,5.22,5.34,5.36,5.19,182423.0,600971,0.02692,0.04501,0.05325,-0.13871,-0.01838,-0.41383,5.212,5.30762,5.58258,5.93098,7.22098
2016-03-21,5.37,5.51,5.52,5.3,211708.0,600971,0.03184,0.04952,0.09109,-0.10985,0.02416,-0.39517,5.264,5.32952,5.57161,5.93203,7.20634
2016-03-22,5.45,5.39,5.45,5.33,127908.0,600971,-0.02178,0.04054,-0.03058,-0.14172,-0.08333,-0.40376,5.306,5.32143,5.55726,5.92805,7.1915
2016-03-23,5.39,5.41,5.46,5.37,101552.0,600971,0.00371,0.06287,-0.04921,-0.1344,-0.04248,-0.41387,5.37,5.3081,5.54371,5.9261,7.17598
2016-03-24,5.34,5.2,5.35,5.2,111121.0,600971,-0.03882,0.0,-0.05967,-0.19003,-0.07308,-0.42286,5.37,5.29238,5.52403,5.92276,7.16049
2016-03-25,5.22,5.27,5.27,5.19,69761.0,600971,0.01346,-0.01311,0.05611,-0.17913,-0.08981,-0.40853,5.356,5.30571,5.50548,5.91854,7.14569
2016-03-28,5.27,5.21,5.33,5.18,86434.0,600971,-0.01139,-0.05445,0.00192,-0.207,-0.1094,-0.4306,5.296,5.30619,5.48355,5.91333,7.12967
2016-03-29,5.22,5.18,5.24,5.12,58126.0,600971,-0.00576,-0.03896,0.03393,-0.21157,-0.075,-0.43696,5.254,5.31429,5.46113,5.90992,7.11333
2016-03-30,5.22,5.31,5.31,5.2,82692.0,600971,0.0251,-0.01848,0.0251,-0.18308,-0.13799,-0.4345,5.234,5.32048,5.44194,5.90301,7.09675
2016-03-31,5.31,5.32,5.37,5.25,112693.0,600971,0.00188,0.02308,-0.03097,-0.15287,-0.21534,-0.41603,5.258,5.31238,5.42645,5.89114,7.08134
2016-04-01,5.3,5.37,5.4,5.29,134318.0,600971,0.0094,0.01898,-0.01105,-0.15433,-0.22511,-0.42258,5.278,5.30952,5.41065,5.87846,7.06537
2016-04-05,5.37,5.46,5.47,5.34,111714.0,600971,0.01676,0.04798,0.0,-0.1442,-0.125,-0.41977,5.328,5.30952,5.39581,5.87211,7.04931
2016-04-06,5.42,5.5,5.53,5.36,120560.0,600971,0.00733,0.06178,-0.03846,-0.1256,-0.11859,-0.42166,5.392,5.29905,5.38306,5.8661,7.03301
2016-04-07,5.51,5.48,5.62,5.46,177208.0,600971,-0.00364,0.03202,-0.02491,-0.04696,-0.12878,-0.43852,5.426,5.29238,5.37871,5.85951,7.01561
2016-04-08,5.45,5.68,5.69,5.44,157284.0,600971,0.0365,0.06767,0.07985,-0.02238,-0.0941,-0.40399,5.498,5.31238,5.37661,5.85472,6.99996
2016-04-11,5.7,6.25,6.25,5.7,416605.0,600971,0.10035,0.16387,0.22549,-0.02191,-0.034,-0.32796,5.674,5.36714,5.37435,5.85293,6.98756
2016-04-12,6.2,6.84,6.88,6.08,479022.0,600971,0.0944,0.25275,0.33855,0.1875,0.04268,-0.28527,5.95,5.44952,5.39177,5.8552,6.97646
2016-04-13,7.1,7.14,7.31,6.8,1218340.0,600971,0.04386,0.29818,0.36,0.12618,0.11737,-0.26468,6.278,5.53952,5.40468,5.8613,6.96602
2016-04-14,7.04,6.65,7.05,6.51,943252.0,600971,-0.06863,0.2135,0.28378,0.01064,0.01682,-0.30945,6.512,5.60952,5.40581,5.8622,6.9539
2016-04-15,6.58,6.47,6.59,6.36,551911.0,600971,-0.02707,0.13908,0.27112,0.00779,-0.03433,-0.29826,6.67,5.67524,5.40661,5.86033,6.94272
2016-04-18,6.39,6.43,6.51,6.25,586055.0,600971,-0.00618,0.0288,0.23654,0.03877,-0.06812,-0.32101,6.706,5.73381,5.41048,5.8565,6.93037
2016-04-19,6.45,6.34,6.48,6.26,466862.0,600971,-0.014,-0.0731,0.18727,-0.00627,-0.10198,-0.34504,6.606,5.78143,5.40984,5.85065,6.91679
2016-04-20,6.4,6.03,6.45,5.83,561607.0,600971,-0.0489,-0.15546,0.09437,0.0487,-0.05039,-0.37835,6.384,5.80619,5.41435,5.84805,6.90187
2016-04-21,6.1,6.13,6.33,6.03,549110.0,600971,0.01658,-0.0782,0.13729,0.13519,-0.05108,-0.39066,6.28,5.84143,5.42613,5.84537,6.88589
2016-04-22,5.97,6.15,6.17,5.86,335855.0,600971,0.00326,-0.04946,0.13678,0.12226,-0.06107,-0.39883,6.216,5.87667,5.43694,5.84211,6.86931
2016-04-25,6.06,6.23,6.28,6.03,339939.0,600971,0.01301,-0.0311,0.19808,0.14733,-0.04006,-0.40497,6.176,5.92571,5.44984,5.84,6.85207
2016-04-26,6.2,6.13,6.39,6.01,289275.0,600971,-0.01605,-0.03312,0.16319,0.16762,-0.03465,-0.41563,6.134,5.96667,5.46403,5.83821,6.83435
2016-04-27,6.13,5.98,6.15,5.94,236233.0,600971,-0.02447,-0.00829,0.14779,0.09524,-0.03393,-0.44268,6.124,6.00333,5.47242,5.8365,6.81504
2016-04-28,5.96,6.0,6.01,5.78,213754.0,600971,0.00334,-0.02121,0.1583,0.07335,-0.04459,-0.41634,6.098,6.04238,5.47903,5.83423,6.79764
2016-04-29,5.96,6.05,6.09,5.92,230454.0,600971,0.00833,-0.01626,0.13936,0.1657,-0.01786,-0.41827,6.078,6.07762,5.4929,5.83333,6.77996
2016-05-03,6.06,6.13,6.14,5.95,258425.0,600971,0.01322,-0.01605,0.15226,0.1654,0.01155,-0.387,6.058,6.11619,5.50694,5.8339,6.76423
2016-05-04,6.12,6.04,6.12,5.98,177237.0,600971,-0.01468,-0.01468,0.12477,0.21774,-0.00821,-0.39781,6.04,6.1481,5.52435,5.8335,6.74801
2016-05-05,6.05,6.09,6.13,5.95,209055.0,600971,0.00828,0.01839,0.11538,0.21074,-0.03639,-0.36097,6.062,6.1781,5.54145,5.83163,6.73402
2016-05-06,6.06,5.7,6.09,5.67,280245.0,600971,-0.06404,-0.05,0.03636,0.21795,-0.11628,-0.37017,6.002,6.18762,5.5579,5.82553,6.72041
2016-05-09,5.62,5.33,5.67,5.22,229948.0,600971,-0.06491,-0.11901,-0.02737,0.11975,-0.18126,-0.39086,5.858,6.18048,5.5671,5.81593,6.7065
2016-05-10,5.33,5.3,5.37,5.26,112930.0,600971,-0.00563,-0.1354,-0.0669,0.11814,-0.20777,-0.4098,5.692,6.16238,5.57613,5.80463,6.69154
2016-05-11,5.37,5.27,5.42,5.27,132800.0,600971,-0.00566,-0.12748,-0.1568,0.0911,-0.22157,-0.42965,5.538,6.11571,5.58323,5.79244,6.67541
2016-05-12,5.2,5.31,5.32,5.02,141825.0,600971,0.00759,-0.12808,-0.22368,0.10395,-0.20746,-0.4222,5.382,6.04286,5.59129,5.78114,6.65963
2016-05-13,5.23,5.29,5.39,5.23,130711.0,600971,-0.00377,-0.07193,-0.2591,0.09524,-0.20211,-0.425,5.3,5.95476,5.59871,5.77024,6.64374
2016-05-16,5.26,5.34,5.35,5.22,104767.0,600971,0.00945,0.00188,-0.19699,0.07445,-0.16432,-0.41447,5.302,5.89238,5.60468,5.76171,6.62837
2016-05-17,5.37,5.38,5.56,5.36,219732.0,600971,0.00749,0.01509,-0.16847,0.06535,-0.17231,-0.39278,5.318,5.84048,5.61,5.7526,6.61423
2016-05-18,5.34,5.21,5.37,5.15,148817.0,600971,-0.0316,-0.01139,-0.18974,0.02761,-0.20458,-0.41982,5.306,5.78238,5.61226,5.74171,6.5989
2016-05-19,5.23,5.2,5.3,5.18,102535.0,600971,-0.00192,-0.02072,-0.17981,0.0297,-0.19129,-0.43355,5.284,5.7281,5.61468,5.73171,6.58272
2016-05-20,5.12,5.24,5.25,5.08,77142.0,600971,0.00769,-0.00945,-0.13101,-0.05755,-0.20606,-0.4267,5.274,5.69048,5.60952,5.72065,6.56687
2016-05-23,5.31,5.26,5.33,5.23,81149.0,600971,0.00382,-0.01498,-0.14192,-0.07557,-0.19939,-0.43197,5.258,5.64905,5.60258,5.71,6.55061
2016-05-24,5.26,5.17,5.26,5.12,107749.0,600971,-0.01711,-0.03903,-0.15935,-0.0651,-0.19092,-0.46865,5.216,5.60238,5.59677,5.70008,6.53207
2016-05-25,5.22,5.33,5.41,5.19,272092.0,600971,0.03095,0.02303,-0.14446,0.06814,-0.15798,-0.46162,5.24,5.55952,5.60226,5.69195,6.5135
2016-05-26,5.32,5.31,5.4,5.19,179894.0,600971,-0.00375,0.02115,-0.13377,0.02115,-0.17161,-0.47269,5.262,5.52048,5.60403,5.68301,6.49415
2016-05-27,5.28,5.29,5.37,5.23,163670.0,600971,-0.00377,0.00954,-0.11538,0.05589,-0.18238,-0.49232,5.272,5.48762,5.60855,5.67341,6.47329
2016-05-30,5.31,5.23,5.34,5.21,103151.0,600971,-0.01134,-0.0057,-0.12833,0.00965,-0.11506,-0.45971,5.266,5.45095,5.60935,5.66789,6.4552
2016-05-31,5.26,5.43,5.44,5.25,208407.0,600971,0.03824,0.05029,-0.10248,-0.01093,-0.07021,-0.43731,5.318,5.42143,5.60839,5.66455,6.43805
2016-06-01,5.44,5.41,5.53,5.4,235766.0,600971,-0.00368,0.01501,-0.11746,-0.00368,-0.07521,-0.49058,5.334,5.38714,5.60806,5.66098,6.41687
2016-06-02,5.42,5.51,5.59,5.39,243003.0,600971,0.01848,0.03766,-0.08775,0.00916,-0.08167,-0.48117,5.374,5.3619,5.60887,5.65699,6.3961
2016-06-03,5.51,5.47,5.51,5.3,175113.0,600971,-0.00726,0.03403,-0.10181,-0.04371,-0.09736,-0.48879,5.41,5.33238,5.60484,5.6522,6.37484
2016-06-06,5.46,5.43,5.48,5.39,105713.0,600971,-0.00731,0.03824,-0.04737,-0.03381,-0.095,-0.52905,5.45,5.31952,5.60177,5.64756,6.35004
2016-06-07,5.44,5.41,5.47,5.39,86990.0,600971,-0.00368,-0.00368,0.01501,0.02852,-0.10873,-0.5271,5.446,5.32333,5.60419,5.6422,6.32553
2016-06-08,5.41,5.39,5.43,5.33,107706.0,600971,-0.0037,-0.0037,0.01698,0.05686,-0.09106,-0.52843,5.442,5.32762,5.60887,5.6378,6.30098
2016-06-13,5.31,5.11,5.32,5.1,145815.0,600971,-0.05195,-0.0726,-0.03036,0.0,-0.15537,-0.56287,5.362,5.32,5.60887,5.63016,6.27423
2016-06-14,5.08,5.09,5.14,5.05,84845.0,600971,-0.00391,-0.06947,-0.04143,-0.03048,-0.1683,-0.55585,5.286,5.30952,5.60629,5.62179,6.24833
2016-06-15,5.06,5.19,5.23,5.02,114333.0,600971,0.01965,-0.0442,-0.0189,0.00193,-0.14215,-0.54354,5.238,5.30476,5.60645,5.6148,6.22321
2016-06-16,5.17,5.15,5.2,5.11,88124.0,600971,-0.00771,-0.04806,-0.03558,0.01179,-0.18641,-0.55908,5.186,5.29571,5.60742,5.6052,6.19667
2016-06-17,5.19,5.52,5.67,5.19,433823.0,600971,0.07184,0.02412,0.02602,0.06154,-0.10968,-0.5274,5.212,5.30238,5.61258,5.59967,6.17163
2016-06-20,5.4,5.37,5.46,5.32,198527.0,600971,-0.02717,0.05088,0.03071,0.00562,-0.13247,-0.5277,5.264,5.31,5.61306,5.59301,6.14724
2016-06-21,5.41,5.32,5.48,5.31,188481.0,600971,-0.00931,0.04519,0.02308,-0.03448,-0.15287,-0.54296,5.31,5.31571,5.61,5.5852,6.12154
2016-06-22,5.29,5.49,5.51,5.29,248148.0,600971,0.03195,0.0578,0.04771,0.01855,-0.1216,-0.50762,5.37,5.32762,5.61161,5.57902,6.09854
2016-06-23,5.46,5.46,5.58,5.41,218978.0,600971,-0.00546,0.06019,0.03802,0.00924,-0.14953,-0.45618,5.432,5.33714,5.61242,5.57122,6.07992
2016-06-24,5.45,5.3,5.51,5.13,218322.0,600971,-0.0293,-0.03986,0.02515,0.01923,-0.17445,-0.47783,5.388,5.34333,5.61403,5.56211,6.0602
2016-06-27,5.27,5.49,5.55,5.25,219161.0,600971,0.03585,0.02235,0.03002,0.04175,-0.16438,-0.48305,5.412,5.35095,5.61758,5.55333,6.03935
2016-06-28,5.44,5.53,5.56,5.42,149421.0,600971,0.00729,0.03947,0.04143,0.06142,-0.1583,-0.45356,5.454,5.36143,5.62274,5.54488,6.02069
2016-06-29,5.56,5.5,5.6,5.47,162020.0,600971,-0.00542,0.00182,0.0397,0.06178,-0.15385,-0.39627,5.456,5.37143,5.6279,5.53675,6.00602
2016-06-30,5.52,5.52,5.58,5.49,133179.0,600971,0.00364,0.01099,0.05545,0.03955,-0.12102,-0.36552,5.468,5.38524,5.63129,5.53057,5.99309
2016-07-01,5.55,5.49,5.6,5.47,142131.0,600971,-0.00543,0.03585,0.01105,0.03195,-0.13543,-0.4,5.506,5.3881,5.63403,5.52358,5.97821
2016-07-04,5.46,5.76,5.81,5.44,328343.0,600971,0.04918,0.04918,0.0647,0.07263,-0.09718,-0.31265,5.56,5.40476,5.64032,5.51854,5.96756
2016-07-05,5.71,5.78,5.88,5.71,273126.0,600971,0.00347,0.04521,0.049,0.05861,-0.08108,-0.23342,5.61,5.41762,5.64548,5.51439,5.96041
2016-07-06,5.73,5.8,5.87,5.69,156178.0,600971,0.00346,0.05455,0.06033,0.05455,0.0087,-0.1458,5.67,5.43333,5.65032,5.5148,5.95638
2016-07-07,5.78,5.92,5.97,5.77,286076.0,600971,0.02069,0.07246,0.09024,0.08029,0.01893,-0.08642,5.75,5.45667,5.65742,5.51569,5.95411
2016-07-08,5.9,5.77,5.94,5.74,217096.0,600971,-0.02534,0.051,0.06654,0.01585,-0.09703,-0.01368,5.806,5.47381,5.65887,5.51065,5.95378
2016-07-11,5.78,5.94,6.28,5.77,380837.0,600971,0.02946,0.03125,0.10204,-0.0496,0.03125,0.06835,5.842,5.5,5.65387,5.51211,5.95533
2016-07-12,5.98,6.25,6.46,5.97,541667.0,600971,0.05219,0.08131,0.22309,-0.08626,-0.0142,0.02124,5.936,5.55429,5.64435,5.51138,5.95585
2016-07-13,6.26,6.22,6.3,6.11,272670.0,600971,-0.0048,0.07241,0.222,-0.12885,-0.05471,-0.07578,6.02,5.6081,5.62952,5.50846,5.95378
2016-07-14,6.16,6.16,6.27,6.05,231015.0,600971,-0.00965,0.04054,0.1869,-0.07368,-0.0405,-0.16757,6.068,5.65429,5.62161,5.50634,5.94874
2016-07-15,6.16,6.04,6.25,6.01,210751.0,600971,-0.01948,0.04679,0.17282,-0.06646,-0.02423,-0.15406,6.122,5.69667,5.61468,5.50512,5.94427
2016-07-18,6.0,5.94,6.06,5.88,157905.0,600971,-0.01656,0.0,0.07609,-0.07621,-0.06897,-0.07621,6.122,5.71667,5.60677,5.50154,5.94228
2016-07-19,5.94,5.99,6.0,5.85,143047.0,600971,0.00842,-0.0416,0.11546,-0.05521,0.04174,-0.10463,6.07,5.74619,5.60113,5.5035,5.93943
2016-07-20,6.0,5.92,6.01,5.92,85656.0,600971,-0.01169,-0.04823,0.11278,-0.01824,0.0963,-0.16502,6.01,5.77476,5.59935,5.50772,5.93467
2016-07-21,5.92,5.93,6.07,5.9,132590.0,600971,0.00169,-0.03734,0.08015,-0.03263,0.08212,-0.16243,5.964,5.79571,5.59613,5.51138,5.93
2016-07-22,5.94,5.82,5.96,5.77,172338.0,600971,-0.01855,-0.03642,0.06593,-0.05366,0.07182,-0.18258,5.92,5.81286,5.59081,5.51455,5.92472
2016-07-25,5.82,5.86,5.89,5.77,105191.0,600971,0.00687,-0.01347,0.10566,-0.05939,0.11619,-0.17697,5.904,5.83952,5.58484,5.51951,5.91959
2016-07-26,5.86,6.0,6.0,5.84,157319.0,600971,0.02389,0.00167,0.0929,-0.02121,0.0989,-0.18256,5.906,5.86381,5.58274,5.5239,5.91415
2016-07-27,6.0,5.68,6.03,5.57,247424.0,600971,-0.05333,-0.04054,0.02712,-0.05017,0.0161,-0.21978,5.858,5.87095,5.5779,5.52463,5.90764
2016-07-28,5.68,5.77,5.85,5.64,144180.0,600971,0.01585,-0.02698,0.04909,-0.03833,0.11175,-0.11908,5.826,5.88381,5.57419,5.52935,5.90447
2016-07-29,5.76,5.81,5.93,5.73,173768.0,600971,0.00693,-0.00172,0.05254,-0.03967,0.10456,-0.09783,5.824,5.89762,5.57032,5.53382,5.90191
2016-08-01,5.79,5.87,5.89,5.69,131483.0,600971,0.01033,0.00171,0.06922,-0.04241,0.18347,-0.13294,5.826,5.91571,5.56613,5.54122,5.89825
2016-08-02,5.84,5.91,5.92,5.8,112866.0,600971,0.00681,-0.015,0.02604,-0.02152,0.17495,-0.08937,5.808,5.92286,5.56403,5.54837,5.89589
2016-08-03,5.91,5.93,6.0,5.87,143536.0,600971,0.00338,0.04401,0.02595,-0.02627,0.26709,-0.08629,5.858,5.93,5.56145,5.55854,5.89362
2016-08-04,5.94,5.89,5.96,5.85,91838.0,600971,-0.00675,0.0208,0.01552,0.03333,0.23739,-0.12611,5.882,5.93429,5.56452,5.56772,5.89016
2016-08-05,5.91,5.89,5.94,5.85,90122.0,600971,0.0,0.01377,-0.00507,0.10507,0.24262,-0.18194,5.898,5.93286,5.57355,5.57707,5.88484
2016-08-08,5.92,6.22,6.26,5.92,302545.0,600971,0.05603,0.05963,0.07799,0.17358,0.28778,-0.11396,5.968,5.95429,5.58839,5.58837,5.88159
2016-08-09,6.15,6.13,6.2,6.06,162429.0,600971,-0.01447,0.03723,0.03199,0.16319,0.27443,-0.14505,6.012,5.96333,5.60226,5.59911,5.87736
2016-08-10,6.13,6.25,6.55,6.1,369418.0,600971,0.01958,0.05396,0.0,0.17702,0.294,-0.1403,6.076,5.96333,5.61742,5.61065,5.87321
2016-08-11,6.22,6.3,6.53,6.21,420188.0,600971,0.008,0.06961,0.01286,0.19093,0.26761,-0.16335,6.158,5.96714,5.63371,5.62146,5.86821
2016-08-12,6.2,6.35,6.39,6.12,279231.0,600971,0.00794,0.0781,0.03084,0.18914,0.25743,-0.14536,6.25,5.97619,5.65,5.63203,5.86382
2016-08-15,6.32,6.35,6.49,6.26,443716.0,600971,0.0,0.0209,0.05132,0.1803,0.25247,-0.14305,6.276,5.99095,5.66565,5.64244,5.85951
2016-08-16,6.36,6.47,6.57,6.32,466500.0,600971,0.0189,0.05546,0.08923,0.24184,0.28119,-0.13963,6.344,6.01619,5.68597,5.65398,5.85524
2016-08-17,6.51,6.35,6.51,6.33,228169.0,600971,-0.01855,0.016,0.0601,0.22115,0.14209,-0.14651,6.364,6.03333,5.70452,5.66041,5.85081
2016-08-18,6.33,6.23,6.46,6.17,328836.0,600971,-0.0189,-0.01111,0.05236,0.18893,0.0949,-0.17593,6.35,6.0481,5.72048,5.6648,5.84541
2016-08-19,6.2,6.24,6.27,6.11,191136.0,600971,0.00161,-0.01732,0.05228,0.18631,0.12839,-0.09038,6.328,6.06286,5.73629,5.67057,5.84289
2016-08-22,6.23,6.21,6.26,6.13,153245.0,600971,-0.00481,-0.02205,0.06701,0.20116,0.24449,-0.12412,6.3,6.08143,5.75306,5.68049,5.83931
2016-08-23,6.21,6.18,6.25,6.13,127144.0,600971,-0.00483,-0.04482,0.05461,0.15947,0.18846,-0.11461,6.242,6.09667,5.76677,5.68846,5.83606
2016-08-24,6.2,6.16,6.2,6.13,95931.0,600971,-0.00324,-0.02992,0.02667,0.16008,0.22954,-0.06098,6.204,6.10429,5.78048,5.6978,5.83443
2016-08-25,6.12,6.06,6.17,6.0,160965.0,600971,-0.01623,-0.02729,0.0669,0.14556,0.16988,0.02712,6.17,6.12238,5.7929,5.70496,5.83508
2016-08-26,6.08,6.06,6.14,6.02,92289.0,600971,0.0,-0.02885,0.05026,0.1587,0.10383,0.14124,6.134,6.13619,5.80629,5.70959,5.83813
2016-08-29,6.09,6.09,6.13,6.06,87919.0,600971,0.00495,-0.01932,0.04819,0.12155,0.12155,0.10326,6.11,6.14952,5.81694,5.71496,5.84045
2016-08-30,6.09,6.14,6.17,6.09,83877.0,600971,0.00821,-0.00647,0.046,0.13494,0.12454,0.06228,6.102,6.16238,5.82871,5.72049,5.84191
2016-08-31,6.17,6.21,6.24,6.16,126489.0,600971,0.0114,0.00812,0.05076,0.12704,0.08566,0.02475,6.112,6.17667,5.84,5.72447,5.84252
2016-09-01,6.19,6.04,6.22,6.03,129214.0,600971,-0.02738,-0.0033,0.01855,0.1042,0.07473,0.04861,6.108,6.1819,5.84919,5.72789,5.84366
2016-09-02,6.03,6.07,6.12,6.0,93963.0,600971,0.00497,0.00165,0.03056,0.11786,0.15399,0.07815,6.11,6.19048,5.85952,5.73447,5.84545
2016-09-05,6.1,6.18,6.32,6.1,191802.0,600971,0.01812,0.01478,0.04924,0.14233,0.21176,0.15084,6.128,6.20429,5.87194,5.74325,5.84874
2016-09-06,6.18,6.25,6.27,6.14,145734.0,600971,0.01133,0.01792,0.00482,0.15955,0.22309,0.14679,6.15,6.20571,5.88581,5.75252,5.85199
2016-09-07,6.22,6.15,6.24,6.12,209524.0,600971,-0.016,-0.00966,0.00326,0.20352,0.17143,0.08466,6.138,6.20667,5.90258,5.75984,5.85394
2016-09-08,6.14,6.25,6.26,6.11,160763.0,600971,0.01626,0.03477,0.0,0.2279,0.20656,0.06293,6.18,6.20667,5.92129,5.76854,5.85545
2016-09-09,6.28,6.14,6.32,6.14,146184.0,600971,-0.0176,0.01153,-0.0254,0.18304,0.20629,0.0568,6.194,6.19905,5.93661,5.77707,5.85679
2016-09-12,6.03,5.85,6.07,5.82,170710.0,600971,-0.04723,-0.0534,-0.07874,0.13592,0.125,0.01211,6.128,6.17524,5.9479,5.78236,5.85707
2016-09-13,5.92,5.87,5.93,5.85,70212.0,600971,0.00342,-0.0608,-0.07559,0.06341,0.09925,0.07904,6.052,6.15238,5.95355,5.78667,5.85882
2016-09-14,5.86,5.88,5.98,5.84,74144.0,600971,0.0017,-0.0439,-0.09119,0.09497,0.06715,0.09294,5.998,6.12429,5.96177,5.78967,5.86085
2016-09-19,5.9,5.95,5.98,5.9,79198.0,600971,0.0119,-0.048,-0.06299,0.11842,0.1039,0.0119,5.938,6.10524,5.97194,5.79423,5.86114
2016-09-20,5.97,6.0,6.05,5.9,107868.0,600971,0.0084,-0.0228,-0.03692,0.0929,0.10906,0.06195,5.91,6.09429,5.98016,5.79902,5.86256
2016-09-21,5.96,5.99,6.04,5.94,78735.0,600971,-0.00167,0.02393,-0.04006,0.09707,0.15192,0.06774,5.938,6.08238,5.98871,5.80545,5.86411
2016-09-22,6.03,6.05,6.14,6.02,125604.0,600971,0.01002,0.03066,-0.02576,0.14151,0.14801,0.04491,5.974,6.07476,6.00081,5.81179,5.86516
2016-09-23,6.05,6.03,6.09,6.0,82935.0,600971,-0.00331,0.02551,-0.02427,0.09836,0.15739,0.03077,6.004,6.06762,6.00952,5.81846,5.86589
2016-09-26,6.04,5.95,6.15,5.91,139509.0,600971,-0.01327,0.0,-0.03409,0.07595,0.14865,0.0625,6.004,6.05762,6.01629,5.82472,5.86732
2016-09-27,5.9,5.98,5.99,5.87,97266.0,600971,0.00504,-0.00333,-0.0132,0.08727,0.12618,-0.02922,6.0,6.05381,6.02403,5.83016,5.86659
2016-09-28,6.0,5.99,6.05,5.95,106411.0,600971,0.00167,0.0,-0.01155,0.08514,0.12594,-0.11652,6.0,6.05048,6.03161,5.83561,5.86337
2016-09-29,6.1,6.17,6.21,6.09,213391.0,600971,0.03005,0.01983,0.01314,0.12386,0.14898,-0.10967,6.024,6.05429,6.04258,5.84211,5.86028
2016-09-30,6.14,6.27,6.3,6.12,178019.0,600971,0.01621,0.0398,0.02117,0.08854,0.14835,0.00481,6.072,6.06048,6.05081,5.8487,5.86041
2016-10-10,6.35,6.33,6.43,6.24,230110.0,600971,0.00957,0.06387,0.01932,0.09516,0.15091,0.01442,6.148,6.06619,6.05968,5.85545,5.86077
2016-10-11,6.32,6.36,6.37,6.27,170837.0,600971,0.00474,0.06355,0.05298,0.09655,0.16058,0.01113,6.224,6.08143,6.06871,5.8626,5.86106
2016-10-12,6.34,6.31,6.35,6.26,123915.0,600971,-0.00786,0.05342,0.03954,0.06588,0.11092,0.00638,6.288,6.09286,6.075,5.86772,5.86122
2016-10-13,6.34,6.31,6.42,6.28,189680.0,600971,0.0,0.02269,0.02104,0.09359,0.0096,-0.02473,6.316,6.09905,6.08371,5.86821,5.86057
2016-10-14,6.29,6.31,6.32,6.19,116263.0,600971,0.0,0.00638,0.0096,0.06229,-0.07749,-0.03811,6.324,6.1019,6.08968,5.8639,5.85955
2016-10-17,6.35,6.63,6.94,6.33,581298.0,600971,0.05071,0.04739,0.07805,0.0608,-0.07143,0.03756,6.384,6.12476,6.09581,5.85976,5.86053
2016-10-18,6.58,6.7,6.73,6.49,336923.0,600971,0.01056,0.05346,0.072,0.07717,0.00752,0.02446,6.452,6.14619,6.10355,5.86016,5.86118
2016-10-19,6.83,6.65,6.96,6.6,384095.0,600971,-0.00746,0.05388,0.08306,0.07955,0.02782,-0.00746,6.52,6.17048,6.11145,5.86163,5.86098
2016-10-20,6.69,6.62,6.71,6.54,249430.0,600971,-0.00451,0.04913,0.13162,0.09603,0.02955,-0.04058,6.582,6.20714,6.12081,5.86317,5.85984
2016-10-21,6.57,6.57,6.64,6.45,197160.0,600971,-0.00755,0.0412,0.11925,0.10606,0.03628,-0.06941,6.634,6.24048,6.13097,5.86504,5.85785
2016-10-24,6.61,7.23,7.23,6.58,861173.0,600971,0.10046,0.0905,0.22959,0.20701,0.199,0.13858,6.754,6.30476,6.15097,5.8748,5.86142
2016-10-25,7.34,7.67,7.89,7.2,1016316.0,600971,0.06086,0.14478,0.28908,0.29561,0.25122,0.18731,6.948,6.38667,6.17919,5.88732,5.86634
2016-10-26,7.5,7.3,7.55,7.28,593083.0,600971,-0.04824,0.09774,0.21667,0.23103,0.18699,0.1145,7.078,6.44857,6.20129,5.89667,5.86939
2016-10-27,7.3,7.35,7.45,7.18,444049.0,600971,0.00685,0.11027,0.22705,0.26289,0.17978,0.13251,7.224,6.51333,6.22597,5.90577,5.87289
2016-10-28,7.3,7.27,7.42,7.19,332943.0,600971,-0.01088,0.10654,0.20165,0.24061,0.18597,0.14488,7.364,6.57143,6.24871,5.91504,5.87663
2016-10-31,7.27,7.3,7.33,7.14,230152.0,600971,0.00413,0.00968,0.21061,0.21667,0.22074,0.17932,7.378,6.6319,6.26968,5.92577,5.88114
2016-11-01,7.26,7.29,7.4,7.17,310030.0,600971,-0.00137,-0.04954,0.22521,0.28345,0.215,0.16083,7.302,6.69571,6.29565,5.93626,5.88524
2016-11-02,7.29,7.08,7.49,7.05,420023.0,600971,-0.02881,-0.03014,0.18395,0.22704,0.17025,0.14935,7.258,6.7481,6.31677,5.94463,5.88898
2016-11-03,7.05,7.2,7.23,6.95,370105.0,600971,0.01695,-0.02041,0.202,0.23924,0.17455,0.18812,7.228,6.80571,6.33919,5.95333,5.89362
2016-11-04,7.23,7.27,7.53,7.17,494785.0,600971,0.00972,0.0,0.17828,0.2385,0.20364,0.19376,7.228,6.8581,6.36177,5.96333,5.89841
2016-11-07,7.31,7.42,7.66,7.25,510393.0,600971,0.02063,0.01644,0.18341,0.2555,0.21839,0.17405,7.252,6.91286,6.38613,5.97415,5.90289
2016-11-08,7.38,7.21,7.41,7.15,373986.0,600971,-0.0283,-0.01097,0.13902,0.21585,0.26491,0.11783,7.236,6.95476,6.40677,5.98642,5.90598
2016-11-09,7.21,7.26,7.32,7.03,321158.0,600971,0.00693,0.02542,0.14151,0.2326,0.3621,0.11521,7.272,6.99762,6.42887,6.00211,5.90902
2016-11-10,7.29,7.28,7.37,7.21,252055.0,600971,0.00275,0.01111,0.15372,0.23599,0.37358,0.08819,7.288,7.04381,6.45129,6.01821,5.91142
2016-11-11,7.27,7.57,7.88,7.22,577979.0,600971,0.03984,0.04127,0.19968,0.21704,0.43643,0.11817,7.348,7.10381,6.47306,6.03691,5.91467
2016-11-14,7.44,7.88,8.19,7.43,586349.0,600971,0.04095,0.06199,0.24881,0.28548,0.48399,0.17612,7.44,7.17857,6.50129,6.0578,5.91947
2016-11-15,7.81,7.63,8.04,7.57,388758.0,600971,-0.03173,0.05825,0.15083,0.2208,0.44234,0.15083,7.524,7.22619,6.52355,6.07683,5.92354
2016-11-16,7.65,7.57,7.69,7.46,237271.0,600971,-0.00786,0.0427,0.12985,0.20159,0.4176,0.18466,7.586,7.26762,6.54403,6.09496,5.92833
2016-11-17,7.5,7.61,7.68,7.45,193784.0,600971,0.00528,0.04533,0.14436,0.19843,0.4145,0.17077,7.652,7.31333,6.56435,6.11309,5.93285
2016-11-18,7.56,7.38,7.58,7.35,224396.0,600971,-0.03022,-0.0251,0.1148,0.1622,0.41651,0.12672,7.614,7.34952,6.58097,6.13073,5.93622
2016-11-21,7.38,7.29,7.5,7.26,202044.0,600971,-0.0122,-0.07487,0.10959,0.12674,0.40192,0.13375,7.496,7.38381,6.59419,6.14772,5.93972
2016-11-22,7.39,7.49,7.54,7.35,266472.0,600971,0.02743,-0.01835,0.03596,0.17953,0.42939,0.13485,7.468,7.39619,6.61258,6.16602,5.94333
2016-11-23,7.45,7.28,7.52,7.2,276112.0,600971,-0.02804,-0.03831,-0.05085,0.16854,0.38403,0.10807,7.41,7.37762,6.62952,6.18244,5.94622
2016-11-24,7.4,7.31,7.51,7.26,222954.0,600971,0.00412,-0.03942,0.00137,0.17147,0.41393,0.14397,7.35,7.3781,6.64677,6.19984,5.94996
2016-11-25,7.24,7.26,7.28,7.03,209607.0,600971,-0.00684,-0.01626,-0.01224,0.16908,0.3621,0.14692,7.326,7.37381,6.66371,6.21553,5.95374
2016-11-28,7.27,7.34,7.38,7.23,190017.0,600971,0.01102,0.00686,0.00963,0.1877,0.3823,0.14509,7.336,7.37714,6.68242,6.23203,5.95752
2016-11-29,7.26,7.1,7.28,7.03,251036.0,600971,-0.0327,-0.05207,-0.0274,0.1526,0.34216,0.09737,7.258,7.36762,6.69758,6.24675,5.96008
2016-11-30,6.98,6.88,7.04,6.82,172017.0,600971,-0.03099,-0.05495,-0.05624,0.13531,0.31549,0.16413,7.178,7.3481,6.71081,6.26016,5.96402
2016-12-01,6.93,6.98,7.06,6.89,143512.0,600971,0.01453,-0.04514,-0.01412,0.15182,0.28545,0.19521,7.112,7.34333,6.72565,6.27276,5.96866
2016-12-02,6.93,6.86,7.04,6.82,128682.0,600971,-0.01719,-0.0551,-0.04722,0.12644,0.26802,0.17265,7.032,7.32714,6.73806,6.28455,5.97276
2016-12-05,6.85,6.96,6.96,6.78,116294.0,600971,0.01458,-0.05177,-0.04264,0.13355,0.26316,0.16,6.956,7.31238,6.75129,6.29634,5.97667
2016-12-06,6.93,6.89,7.01,6.89,68874.0,600971,-0.01006,-0.02958,-0.07143,0.1095,0.2596,0.13696,6.914,7.28714,6.76226,6.30789,5.98004
2016-12-07,6.88,7.06,7.09,6.86,169387.0,600971,0.02467,0.02616,-0.0208,0.16887,0.30018,0.17667,6.95,7.28,6.77871,6.32114,5.98435
2016-12-08,7.04,6.96,7.05,6.93,106864.0,600971,-0.01416,-0.00287,-0.04132,0.14662,0.28651,0.14662,6.946,7.26571,6.79306,6.33374,5.98797
2016-12-09,6.89,6.92,6.96,6.87,97015.0,600971,-0.00575,0.00875,-0.04945,0.11974,0.28386,0.16695,6.958,7.24857,6.805,6.34618,5.99199
2016-12-12,6.92,6.55,7.0,6.53,199657.0,600971,-0.05347,-0.05891,-0.13474,0.048,0.2818,0.08264,6.876,7.2,6.80984,6.35789,5.99402
2016-12-13,6.54,6.55,6.58,6.41,110813.0,600971,0.0,-0.04935,-0.16878,0.06504,0.28684,0.07026,6.808,7.13667,6.81629,6.36976,5.99577
2016-12-14,6.5,6.54,6.65,6.43,119225.0,600971,-0.00153,-0.07365,-0.14286,0.0464,0.26012,0.08099,6.704,7.08476,6.82097,6.38073,5.99776
2016-12-15,6.54,6.58,6.72,6.51,162263.0,600971,0.00612,-0.0546,-0.13078,0.07166,0.27767,0.03949,6.628,7.03762,6.82806,6.39236,5.99878
2016-12-16,6.58,6.59,6.64,6.54,87667.0,600971,0.00152,-0.04769,-0.13403,0.1265,0.19384,0.0629,6.562,6.98905,6.84,6.40106,6.00037
2016-12-19,6.58,6.62,6.64,6.52,83833.0,600971,0.00455,0.01069,-0.10298,0.12777,0.23277,0.06947,6.576,6.95286,6.8521,6.41122,6.00211
2016-12-20,6.62,6.58,6.64,6.52,73852.0,600971,-0.00604,0.00458,-0.09739,0.11905,0.23684,0.04777,6.582,6.91905,6.86339,6.42146,6.00333
2016-12-21,6.59,6.62,6.63,6.57,76337.0,600971,0.00608,0.01223,-0.11615,0.11261,0.20583,0.0592,6.598,6.87762,6.87419,6.43065,6.00484
2016-12-22,6.6,6.53,6.61,6.5,98816.0,600971,-0.0136,-0.0076,-0.10302,0.08833,0.19597,0.01713,6.588,6.8419,6.88274,6.43935,6.00528
2016-12-23,6.49,6.31,6.53,6.29,122087.0,600971,-0.03369,-0.04249,-0.1368,0.05342,0.19057,-0.01713,6.532,6.79429,6.8879,6.44756,6.00484
2016-12-26,6.26,6.25,6.26,6.09,161208.0,600971,-0.00951,-0.05589,-0.13912,0.03306,0.13843,-0.04871,6.458,6.74619,6.89113,6.45374,6.00354
2016-12-27,6.21,6.24,6.27,6.19,75911.0,600971,-0.0016,-0.05167,-0.14986,0.03483,0.12839,-0.05023,6.39,6.69381,6.89452,6.45951,6.0022
2016-12-28,6.26,6.25,6.31,6.19,74231.0,600971,0.0016,-0.05589,-0.11972,0.05042,0.13636,-0.03846,6.316,6.65333,6.89935,6.46561,6.00118
2016-12-29,6.23,6.28,6.32,6.2,80585.0,600971,0.0048,-0.03828,-0.08721,0.05017,0.13768,0.0,6.266,6.62476,6.90419,6.47179,6.00118
2016-12-30,6.24,6.27,6.32,6.24,58517.0,600971,-0.00159,-0.00634,-0.10172,0.04674,0.14208,-0.0126,6.258,6.59095,6.90871,6.47813,6.00085
2017-01-03,6.3,6.38,6.42,6.29,106409.0,600971,0.01754,0.0208,-0.06997,0.03404,0.10764,0.0,6.284,6.5681,6.9121,6.48317,6.00085
2017-01-04,6.36,6.45,6.47,6.36,92119.0,600971,0.01097,0.03365,-0.07328,0.02871,0.11592,0.02544,6.326,6.54381,6.915,6.48862,6.0015
2017-01-05,6.45,6.5,6.64,6.43,126466.0,600971,0.00775,0.04,-0.0566,0.02686,0.12069,0.13043,6.376,6.52524,6.91774,6.49431,6.00455
2017-01-06,6.47,6.54,6.61,6.47,90824.0,600971,0.00615,0.0414,-0.07365,0.0283,0.10473,0.12565,6.428,6.50048,6.92065,6.49935,6.00752
2017-01-09,6.52,6.63,6.63,6.5,84495.0,600971,0.01376,0.05742,-0.04741,0.05071,0.14905,0.03756,6.5,6.48476,6.92581,6.50634,6.0085
2017-01-10,6.63,6.65,6.77,6.55,147987.0,600971,0.00302,0.04232,-0.03902,0.05388,0.11953,0.15451,6.554,6.4719,6.93129,6.51211,6.01211
2017-01-11,6.61,6.51,6.73,6.49,118708.0,600971,-0.02105,0.0093,-0.00611,0.0317,0.0416,0.02681,6.566,6.47,6.93452,6.51423,6.0128
2017-01-12,6.5,6.38,6.54,6.36,76331.0,600971,-0.01997,-0.01846,-0.02595,-0.03771,0.02572,-0.0304,6.542,6.4619,6.93048,6.51553,6.01199
2017-01-13,6.36,6.38,6.47,6.33,76485.0,600971,0.0,-0.02446,-0.02446,-0.04776,0.03571,-0.00623,6.51,6.45429,6.92532,6.51732,6.01183
